4.0 0.32233333333333336 0.262225 0.07200000000000001 0.08055833333333333
4.0 0.6500750000000001 0.5955583333333333 0.09136666666666667 0.06944166666666667
5 0.3 0.4083333333333333 0.01 0.01
5 0.2925 0.6225 0.013333333333333334 0.011666666666666667
5 0.6716666666666666 0.685 0.006666666666666667 0.006666666666666667
5 0.735 0.29333333333333333 0.016666666666666666 0.015
0 0.6575 0.6733333333333333 0.01 0.01
0 0.6416666666666667 0.1725 0.013333333333333334 0.015
0 0.8741666666666666 0.32083333333333336 0.023333333333333334 0.02
0 0.8425 0.8291666666666667 0.021666666666666667 0.025
0 0.9225 0.5758333333333333 0.01 0.015
