1.0 0.18875833333333328 0.37869166666666665 0.026583333333333334 0.028358333333333333
1.0 0.18917499999999995 0.8103583333333333 0.03575833333333333 0.0392
1.0 0.8359666666666666 0.21186666666666665 0.03476666666666667 0.03836666666666667
5.0 0.73615 0.21162499999999995 0.007425 0.005908333333333333
5 0.18583333333333332 0.13916666666666666 0.015 0.013333333333333334
5 0.12333333333333334 0.62 0.016666666666666666 0.018333333333333333
5 0.6075 0.029166666666666667 0.01 0.01
5 0.6341666666666667 0.6358333333333334 0.008333333333333333 0.008333333333333333
5 0.9808333333333333 0.5741666666666667 0.011666666666666667 0.011666666666666667
5 0.8008333333333333 0.7841666666666667 0.016666666666666666 0.015
5 0.03833333333333333 0.3125 0.015 0.013333333333333334
5 0.12083333333333333 0.25916666666666666 0.013333333333333334 0.015
5 0.3383333333333333 0.51 0.008333333333333333 0.01
5 0.45916666666666667 0.9408333333333333 0.015 0.013333333333333334
5 0.25583333333333336 0.4041666666666667 0.013333333333333334 0.011666666666666667
5 0.04833333333333333 0.38416666666666666 0.011666666666666667 0.011666666666666667
5 0.8908333333333334 0.465 0.01 0.01
5 0.9483333333333334 0.051666666666666666 0.016666666666666666 0.011666666666666667
5 0.6883333333333334 0.40166666666666667 0.02 0.016666666666666666
5 0.35 0.7341666666666666 0.008333333333333333 0.008333333333333333
0 0.23833333333333334 0.4083333333333333 0.015 0.021666666666666667
0 0.9525 0.30916666666666665 0.02 0.015
0 0.8083333333333333 0.22083333333333333 0.02 0.021666666666666667
0 0.72 0.4625 0.02 0.02
0 0.5716666666666667 0.605 0.023333333333333334 0.018333333333333333
0 0.335 0.6166666666666667 0.02 0.021666666666666667
0 0.23833333333333334 0.39166666666666666 0.016666666666666666 0.015
0 0.965 0.1375 0.011666666666666667 0.015
