5 0.06333333333333334 0.7216666666666667 0.01 0.011666666666666667
5 0.49416666666666664 0.9066666666666666 0.015 0.015
5 0.245 0.9933333333333333 0.01 0.008333333333333333
5 0.595 0.9116666666666666 0.008333333333333333 0.008333333333333333
5 0.22833333333333333 0.4225 0.008333333333333333 0.006666666666666667
5 0.20833333333333334 0.31333333333333335 0.006666666666666667 0.008333333333333333
0 0.4266666666666667 0.6316666666666667 0.013333333333333334 0.013333333333333334
0 0.9808333333333333 0.4683333333333333 0.016666666666666666 0.023333333333333334
0 0.5883333333333334 0.7466666666666667 0.011666666666666667 0.013333333333333334
0 0.9308333333333333 0.39166666666666666 0.025 0.04833333333333333
0 0.35333333333333333 0.10083333333333333 0.011666666666666667 0.01
0 0.2925 0.05 0.013333333333333334 0.015
0 0.5983333333333334 0.5141666666666667 0.013333333333333334 0.016666666666666666
