5 0.5616666666666666 0.19833333333333333 0.01 0.011666666666666667
5 0.275 0.91 0.01 0.011666666666666667
5 0.4925 0.32416666666666666 0.011666666666666667 0.011666666666666667
5 0.09 0.5791666666666667 0.01 0.008333333333333333
5 0.6066666666666667 0.04666666666666667 0.006666666666666667 0.006666666666666667
5 0.33916666666666667 0.7741666666666667 0.008333333333333333 0.008333333333333333
5 0.5391666666666667 0.495 0.015 0.013333333333333334
5 0.023333333333333334 0.4275 0.023333333333333334 0.02
5 0.885 0.36 0.008333333333333333 0.008333333333333333
5 0.2125 0.5291666666666667 0.01 0.01
5 0.40166666666666667 0.14333333333333334 0.016666666666666666 0.015
5 0.31 0.4558333333333333 0.016666666666666666 0.018333333333333333
0 0.8758333333333334 0.46 0.023333333333333334 0.02666666666666667
0 0.7308333333333333 0.6216666666666667 0.008333333333333333 0.008333333333333333
0 0.6075 0.5333333333333333 0.02 0.021666666666666667
0 0.21583333333333332 0.050833333333333335 0.008333333333333333 0.011666666666666667
0 0.6566666666666666 0.5791666666666667 0.015 0.015
0 0.5108333333333334 0.8883333333333333 0.016666666666666666 0.016666666666666666
0 0.8008333333333333 0.15333333333333332 0.011666666666666667 0.011666666666666667
