1.0 0.17709166666666662 0.3828583333333333 0.026583333333333334 0.028358333333333333
1.0 0.1775083333333333 0.8145249999999999 0.03575833333333333 0.0392
1.0 0.8243 0.2160333333333333 0.03476666666666667 0.03836666666666667
5.0 0.7244833333333334 0.2157916666666666 0.007425 0.005908333333333333
5 0.4975 0.8491666666666666 0.006666666666666667 0.008333333333333333
5 0.2808333333333333 0.12833333333333333 0.013333333333333334 0.011666666666666667
5 0.7958333333333333 0.043333333333333335 0.016666666666666666 0.015
5 0.17 0.6858333333333333 0.01 0.01
5 0.21166666666666667 0.6708333333333333 0.006666666666666667 0.006666666666666667
5 0.034166666666666665 0.5175 0.006666666666666667 0.006666666666666667
5 0.3566666666666667 0.88 0.006666666666666667 0.006666666666666667
5 0.705 0.7425 0.015 0.016666666666666666
5 0.6958333333333333 0.805 0.013333333333333334 0.015
5 0.4925 0.9041666666666667 0.013333333333333334 0.015
5 0.7975 0.8983333333333333 0.008333333333333333 0.008333333333333333
5 0.07666666666666666 0.935 0.02 0.018333333333333333
5 0.20333333333333334 0.37333333333333335 0.008333333333333333 0.008333333333333333
5 0.51 0.3466666666666667 0.018333333333333333 0.016666666666666666
5 0.5758333333333333 0.6075 0.006666666666666667 0.008333333333333333
5 0.05333333333333334 0.4041666666666667 0.006666666666666667 0.006666666666666667
5 0.295 0.8416666666666667 0.018333333333333333 0.021666666666666667
0 0.6733333333333333 0.6833333333333333 0.021666666666666667 0.028333333333333332
0 0.20666666666666667 0.2925 0.025 0.02
0 0.6225 0.44083333333333335 0.02 0.02
0 0.9825 0.13916666666666666 0.01 0.011666666666666667
0 0.8475 0.0225 0.011666666666666667 0.013333333333333334
0 0.5808333333333333 0.24833333333333332 0.021666666666666667 0.023333333333333334
3 0.295 0.029166666666666667 0.0375 0.03333333333333333
