1.0 0.19125833333333334 0.35952500000000004 0.026583333333333334 0.028358333333333333
1.0 0.191675 0.7911916666666667 0.03575833333333333 0.0392
1.0 0.8384666666666667 0.19270000000000004 0.03476666666666667 0.03836666666666667
5.0 0.73865 0.19245833333333334 0.007425 0.005908333333333333
5 0.09 0.11416666666666667 0.015 0.013333333333333334
5 0.3416666666666667 0.22 0.008333333333333333 0.008333333333333333
5 0.2941666666666667 0.4141666666666667 0.008333333333333333 0.008333333333333333
5 0.9175 0.4975 0.008333333333333333 0.008333333333333333
5 0.2 0.885 0.015 0.013333333333333334
5 0.016666666666666666 0.14416666666666667 0.01 0.01
5 0.7791666666666667 0.8341666666666666 0.008333333333333333 0.008333333333333333
