5 0.22916666666666666 0.48083333333333333 0.01 0.011666666666666667
5 0.29833333333333334 0.8533333333333334 0.011666666666666667 0.011666666666666667
5 0.06166666666666667 0.6616666666666666 0.006666666666666667 0.006666666666666667
5 0.37 0.09333333333333334 0.006666666666666667 0.006666666666666667
5 0.7866666666666666 0.5208333333333334 0.011666666666666667 0.01
5 0.5325 0.7375 0.015 0.013333333333333334
5 0.46166666666666667 0.7125 0.013333333333333334 0.015
5 0.57 0.7016666666666667 0.015 0.016666666666666666
5 0.5808333333333333 0.09583333333333334 0.008333333333333333 0.008333333333333333
5 0.09 0.735 0.015 0.013333333333333334
5 0.15 0.014166666666666666 0.006666666666666667 0.006666666666666667
5 0.9583333333333334 0.5083333333333333 0.013333333333333334 0.013333333333333334
5 0.7316666666666667 0.5758333333333333 0.008333333333333333 0.008333333333333333
5 0.6091666666666666 0.9233333333333333 0.008333333333333333 0.006666666666666667
