5 0.016666666666666666 0.9708333333333333 0.01 0.011666666666666667
5 0.7016666666666667 0.31916666666666665 0.013333333333333334 0.011666666666666667
5 0.225 0.7658333333333334 0.011666666666666667 0.01
0 0.6125 0.8275 0.02 0.03
0 0.935 0.035 0.01 0.01
0 0.9083333333333333 0.7691666666666667 0.013333333333333334 0.013333333333333334
0 0.5775 0.2225 0.016666666666666666 0.016666666666666666
0 0.9125 0.945 0.025 0.02
0 0.7958333333333333 0.9208333333333333 0.023333333333333334 0.02666666666666667
0 0.0175 0.8933333333333333 0.02666666666666667 0.023333333333333334
