5 0.935 0.2925 0.015 0.016666666666666666
5 0.48583333333333334 0.23166666666666666 0.008333333333333333 0.006666666666666667
5 0.5633333333333334 0.9116666666666666 0.011666666666666667 0.008333333333333333
5 0.705 0.3875 0.011666666666666667 0.01
5 0.8991666666666667 0.47333333333333333 0.018333333333333333 0.021666666666666667
5 0.26166666666666666 0.7225 0.013333333333333334 0.013333333333333334
5 0.1075 0.38916666666666666 0.008333333333333333 0.008333333333333333
5 0.38083333333333336 0.43666666666666665 0.018333333333333333 0.025
5 0.2525 0.7508333333333334 0.011666666666666667 0.011666666666666667
5 0.6941666666666667 0.26 0.006666666666666667 0.005
5 0.12666666666666668 0.25166666666666665 0.008333333333333333 0.008333333333333333
5 0.93 0.7533333333333333 0.006666666666666667 0.008333333333333333
5 0.4266666666666667 0.7808333333333334 0.016666666666666666 0.016666666666666666
5 0.5833333333333334 0.3258333333333333 0.008333333333333333 0.008333333333333333
5 0.17666666666666667 0.6041666666666666 0.016666666666666666 0.015
5 0.5716666666666667 0.4191666666666667 0.008333333333333333 0.008333333333333333
0 0.17166666666666666 0.05333333333333334 0.023333333333333334 0.021666666666666667
0 0.7491666666666666 0.8025 0.013333333333333334 0.015
0 0.49416666666666664 0.11833333333333333 0.013333333333333334 0.01
0 0.37166666666666665 0.5475 0.02666666666666667 0.028333333333333332
0 0.9508333333333333 0.39 0.018333333333333333 0.021666666666666667
0 0.765 0.7341666666666666 0.011666666666666667 0.011666666666666667
