5 0.5925 0.4875 0.006666666666666667 0.006666666666666667
5 0.48083333333333333 0.9291666666666667 0.015 0.018333333333333333
5 0.9433333333333334 0.9958333333333333 0.006666666666666667 0.006666666666666667
5 0.085 0.7616666666666667 0.008333333333333333 0.008333333333333333
5 0.3175 0.9208333333333333 0.011666666666666667 0.01
5 0.9025 0.3425 0.011666666666666667 0.011666666666666667
5 0.8358333333333333 0.09583333333333334 0.013333333333333334 0.011666666666666667
5 0.9891666666666666 0.42083333333333334 0.016666666666666666 0.015
5 0.5941666666666666 0.1725 0.011666666666666667 0.011666666666666667
5 0.12833333333333333 0.56 0.015 0.013333333333333334
5 0.625 0.7816666666666666 0.015 0.013333333333333334
5 0.8783333333333333 0.7325 0.01 0.011666666666666667
5 0.30416666666666664 0.9708333333333333 0.008333333333333333 0.008333333333333333
5 0.9891666666666666 0.4925 0.01 0.01
5 0.6141666666666666 0.26916666666666667 0.013333333333333334 0.025
5 0.030833333333333334 0.6533333333333333 0.018333333333333333 0.016666666666666666
5 0.6258333333333334 0.92 0.01 0.01
5 0.4683333333333333 0.20416666666666666 0.006666666666666667 0.006666666666666667
0 0.585 0.9858333333333333 0.011666666666666667 0.013333333333333334
0 0.175 0.495 0.03666666666666667 0.03833333333333333
