1.0 0.20752500000000004 0.4328648874061718 0.025325 0.025404503753127607
1.0 0.690725 0.33569224353628024 0.032433333333333335 0.0334278565471226
1.0 0.7717666666666667 0.8208632193494579 0.0244 0.02585487906588824
5 0.2125 0.15833333333333333 0.006666666666666667 0.006666666666666667
5 0.96 0.5091666666666667 0.008333333333333333 0.006666666666666667
5 0.41833333333333333 0.0425 0.015 0.015
5 0.5575 0.39916666666666667 0.008333333333333333 0.008333333333333333
5 0.29833333333333334 0.8975 0.016666666666666666 0.015
5 0.9 0.4191666666666667 0.01 0.01
5 0.9566666666666667 0.8758333333333334 0.008333333333333333 0.006666666666666667
5 0.016666666666666666 0.8416666666666667 0.015 0.021666666666666667
5 0.24583333333333332 0.6591666666666667 0.01 0.01
5 0.13416666666666666 0.9516666666666667 0.006666666666666667 0.006666666666666667
5 0.31416666666666665 0.25166666666666665 0.018333333333333333 0.016666666666666666
5 0.05416666666666667 0.6525 0.01 0.01
5 0.14166666666666666 0.4608333333333333 0.01 0.008333333333333333
5 0.6875 0.049166666666666664 0.01 0.01
5 0.42833333333333334 0.6083333333333333 0.006666666666666667 0.006666666666666667
5 0.19916666666666666 0.5058333333333334 0.008333333333333333 0.008333333333333333
5 0.2733333333333333 0.67 0.008333333333333333 0.01
0 0.31083333333333335 0.6658333333333334 0.011666666666666667 0.013333333333333334
0 0.5066666666666667 0.2125 0.023333333333333334 0.025
0 0.04 0.5008333333333334 0.01 0.013333333333333334
