5 0.47333333333333333 0.9866666666666667 0.011666666666666667 0.011666666666666667
5 0.735 0.2225 0.015 0.013333333333333334
5 0.7133333333333334 0.8433333333333334 0.01 0.01
5 0.7233333333333334 0.3491666666666667 0.006666666666666667 0.006666666666666667
5 0.6833333333333333 0.635 0.006666666666666667 0.006666666666666667
5 0.6591666666666667 0.8166666666666667 0.006666666666666667 0.008333333333333333
5 0.6158333333333333 0.38666666666666666 0.01 0.01
5 0.31416666666666665 0.555 0.015 0.018333333333333333
5 0.4008333333333333 0.38666666666666666 0.021666666666666667 0.018333333333333333
5 0.205 0.7675 0.006666666666666667 0.006666666666666667
5 0.9083333333333333 0.325 0.006666666666666667 0.008333333333333333
5 0.8783333333333333 0.47 0.015 0.011666666666666667
5 0.9908333333333333 0.5725 0.006666666666666667 0.008333333333333333
