5 0.06583333333333333 0.034166666666666665 0.008333333333333333 0.006666666666666667
5 0.6416666666666667 0.0675 0.008333333333333333 0.008333333333333333
5 0.4525 0.4891666666666667 0.008333333333333333 0.008333333333333333
5 0.0425 0.16666666666666666 0.013333333333333334 0.013333333333333334
5 0.6283333333333333 0.17 0.006666666666666667 0.008333333333333333
5 0.7825 0.82 0.006666666666666667 0.006666666666666667
5 0.7591666666666667 0.7816666666666666 0.006666666666666667 0.006666666666666667
5 0.6975 0.43583333333333335 0.01 0.011666666666666667
5 0.018333333333333333 0.88 0.008333333333333333 0.008333333333333333
5 0.9466666666666667 0.5925 0.013333333333333334 0.01
5 0.7258333333333333 0.8491666666666666 0.01 0.01
5 0.25833333333333336 0.97 0.01 0.011666666666666667
5 0.6775 0.7391666666666666 0.015 0.011666666666666667
5 0.8183333333333334 0.8325 0.006666666666666667 0.006666666666666667
5 0.08916666666666667 0.6883333333333334 0.008333333333333333 0.008333333333333333
5 0.4275 0.8708333333333333 0.008333333333333333 0.008333333333333333
5 0.075 0.13166666666666665 0.011666666666666667 0.015
