5 0.7408333333333333 0.5425 0.008333333333333333 0.008333333333333333
5 0.3075 0.74 0.013333333333333334 0.016666666666666666
5 0.51 0.4725 0.008333333333333333 0.008333333333333333
5 0.13166666666666665 0.17 0.013333333333333334 0.013333333333333334
5 0.13 0.38666666666666666 0.008333333333333333 0.01
5 0.2841666666666667 0.6941666666666667 0.013333333333333334 0.013333333333333334
5 0.7791666666666667 0.8508333333333333 0.008333333333333333 0.008333333333333333
5 0.11916666666666667 0.18 0.015 0.016666666666666666
5 0.57 0.4708333333333333 0.01 0.01
5 0.3925 0.325 0.015 0.016666666666666666
5 0.0075 0.36666666666666664 0.01 0.01
5 0.6275 0.1275 0.015 0.011666666666666667
5 0.4683333333333333 0.685 0.01 0.01
5 0.87 0.07833333333333334 0.015 0.011666666666666667
5 0.2966666666666667 0.20416666666666666 0.013333333333333334 0.011666666666666667
5 0.4216666666666667 0.8108333333333333 0.013333333333333334 0.013333333333333334
5 0.28 0.5308333333333334 0.013333333333333334 0.015
5 0.5041666666666667 0.6725 0.008333333333333333 0.008333333333333333
