1.0 0.2066916666666667 0.4128648874061718 0.025325 0.025404503753127607
1.0 0.6898916666666667 0.3156922435362802 0.032433333333333335 0.0334278565471226
1.0 0.7709333333333334 0.8008632193494579 0.0244 0.02585487906588824
5 0.24083333333333334 0.19166666666666668 0.008333333333333333 0.008333333333333333
5 0.3641666666666667 0.33666666666666667 0.015 0.011666666666666667
5 0.12333333333333334 0.2975 0.006666666666666667 0.006666666666666667
5 0.12666666666666668 0.9291666666666667 0.01 0.01
0 0.5866666666666667 0.5291666666666667 0.015 0.013333333333333334
0 0.7691666666666667 0.6391666666666667 0.016666666666666666 0.013333333333333334
6 0.24166666666666667 0.7991666666666667 0.07333333333333333 0.4008333333333333
