2.0 0.797275 0.33597372810675563 0.07745 0.09313594662218516
2.0 0.19526666666666664 0.15527314428690575 0.09286666666666667 0.08479566305254378
2.0 0.3188583333333333 0.724497497914929 0.09561666666666667 0.08340283569641367
5 0.3283333333333333 0.5316666666666666 0.013333333333333334 0.015
5 0.8891666666666667 0.19 0.008333333333333333 0.008333333333333333
5 0.755 0.7116666666666667 0.016666666666666666 0.015
5 0.485 0.9658333333333333 0.011666666666666667 0.01
5 0.4266666666666667 0.66 0.013333333333333334 0.013333333333333334
5 0.7516666666666667 0.985 0.011666666666666667 0.01
5 0.59 0.785 0.006666666666666667 0.006666666666666667
5 0.22416666666666665 0.5725 0.013333333333333334 0.011666666666666667
5 0.1325 0.5925 0.01 0.01
5 0.05583333333333333 0.16416666666666666 0.008333333333333333 0.008333333333333333
5 0.8658333333333333 0.6608333333333334 0.01 0.01
5 0.87 0.855 0.008333333333333333 0.008333333333333333
5 0.5025 0.2916666666666667 0.015 0.013333333333333334
5 0.41 0.2833333333333333 0.008333333333333333 0.008333333333333333
5 0.7866666666666666 0.9308333333333333 0.01 0.011666666666666667
5 0.14666666666666667 0.5708333333333333 0.015 0.013333333333333334
5 0.7433333333333333 0.7858333333333334 0.013333333333333334 0.015
5 0.4275 0.925 0.011666666666666667 0.013333333333333334
