2.0 0.12999166666666667 0.21545454545454545 0.13731666666666667 0.05281901584653878
2.0 0.85005 0.2759216013344454 0.10520833333333333 0.07089241034195162
2.0 0.28969999999999996 0.7381150959132611 0.06229166666666667 0.09174311926605505
5 0.9725 0.29333333333333333 0.008333333333333333 0.008333333333333333
5 0.1875 0.0825 0.01 0.01
5 0.10083333333333333 0.9608333333333333 0.008333333333333333 0.01
5 0.39 0.9916666666666667 0.006666666666666667 0.008333333333333333
5 0.44083333333333335 0.45416666666666666 0.011666666666666667 0.011666666666666667
5 0.9333333333333333 0.008333333333333333 0.008333333333333333 0.008333333333333333
5 0.37666666666666665 0.10583333333333333 0.01 0.01
5 0.18 0.5958333333333333 0.006666666666666667 0.006666666666666667
5 0.07416666666666667 0.9525 0.01 0.011666666666666667
5 0.36333333333333334 0.04833333333333333 0.008333333333333333 0.01
5 0.8083333333333333 0.9766666666666667 0.008333333333333333 0.006666666666666667
5 0.7491666666666666 0.3125 0.006666666666666667 0.008333333333333333
0 0.1975 0.5808333333333333 0.02666666666666667 0.025
0 0.7416666666666667 0.6066666666666667 0.01 0.011666666666666667
0 0.19833333333333333 0.9858333333333333 0.016666666666666666 0.023333333333333334
0 0.9275 0.6633333333333333 0.016666666666666666 0.015
0 0.03666666666666667 0.8758333333333334 0.011666666666666667 0.013333333333333334
