5 0.5166666666666667 0.8483333333333334 0.008333333333333333 0.006666666666666667
5 0.8 0.6333333333333333 0.01 0.01
5 0.2683333333333333 0.8241666666666667 0.006666666666666667 0.006666666666666667
5 0.8091666666666667 0.4725 0.01 0.011666666666666667
5 0.8408333333333333 0.3383333333333333 0.015 0.013333333333333334
5 0.028333333333333332 0.7541666666666667 0.016666666666666666 0.016666666666666666
5 0.5941666666666666 0.6625 0.011666666666666667 0.011666666666666667
5 0.4683333333333333 0.07666666666666666 0.015 0.015
5 0.8616666666666667 0.9325 0.01 0.008333333333333333
5 0.6541666666666667 0.175 0.01 0.011666666666666667
5 0.325 0.8375 0.006666666666666667 0.008333333333333333
5 0.7666666666666667 0.07833333333333334 0.008333333333333333 0.008333333333333333
5 0.08833333333333333 0.37833333333333335 0.013333333333333334 0.015
5 0.5308333333333334 0.5125 0.015 0.015
