5 0.3425 0.7183333333333334 0.018333333333333333 0.016666666666666666
5 0.5866666666666667 0.38333333333333336 0.01 0.01
5 0.2375 0.5908333333333333 0.013333333333333334 0.025
5 0.66 0.9083333333333333 0.006666666666666667 0.006666666666666667
5 0.6816666666666666 0.095 0.013333333333333334 0.013333333333333334
5 0.02 0.5033333333333333 0.013333333333333334 0.013333333333333334
5 0.905 0.8725 0.013333333333333334 0.013333333333333334
5 0.7258333333333333 0.3525 0.02 0.015
5 0.13166666666666665 0.6716666666666666 0.011666666666666667 0.01
5 0.8633333333333333 0.6341666666666667 0.01 0.011666666666666667
5 0.23666666666666666 0.7916666666666666 0.01 0.01
5 0.585 0.4508333333333333 0.008333333333333333 0.008333333333333333
5 0.735 0.9316666666666666 0.018333333333333333 0.016666666666666666
5 0.7816666666666666 0.53 0.006666666666666667 0.008333333333333333
5 0.27666666666666667 0.35833333333333334 0.013333333333333334 0.011666666666666667
5 0.8841666666666667 0.7466666666666667 0.008333333333333333 0.006666666666666667
5 0.2025 0.1725 0.006666666666666667 0.006666666666666667
5 0.9583333333333334 0.485 0.016666666666666666 0.015
5 0.056666666666666664 0.5866666666666667 0.008333333333333333 0.008333333333333333
