4.0 0.23318333333333335 0.1328822629969419 0.06886666666666667 0.06492910758965804
4.0 0.6332583333333334 0.8984368918543231 0.07946666666666667 0.06909924937447873
5 0.18333333333333332 0.9841666666666666 0.015 0.018333333333333333
5 0.59 0.7841666666666667 0.013333333333333334 0.011666666666666667
5 0.3466666666666667 0.44666666666666666 0.008333333333333333 0.008333333333333333
5 0.25 0.1825 0.006666666666666667 0.006666666666666667
5 0.9216666666666666 0.8716666666666667 0.013333333333333334 0.015
5 0.24083333333333334 0.35833333333333334 0.01 0.011666666666666667
5 0.555 0.9466666666666667 0.015 0.015
5 0.5808333333333333 0.043333333333333335 0.01 0.01
5 0.9316666666666666 0.05333333333333334 0.006666666666666667 0.006666666666666667
5 0.6575 0.2225 0.008333333333333333 0.008333333333333333
