5 0.7158333333333333 0.5475 0.008333333333333333 0.006666666666666667
5 0.7275 0.7033333333333334 0.013333333333333334 0.013333333333333334
5 0.4691666666666667 0.9783333333333334 0.01 0.01
5 0.25416666666666665 0.0775 0.008333333333333333 0.01
5 0.2025 0.28 0.015 0.015
5 0.7208333333333333 0.15083333333333335 0.013333333333333334 0.011666666666666667
5 0.9016666666666666 0.1925 0.016666666666666666 0.02
5 0.3225 0.25333333333333335 0.011666666666666667 0.011666666666666667
5 0.30333333333333334 0.3616666666666667 0.015 0.018333333333333333
5 0.3675 0.725 0.013333333333333334 0.013333333333333334
5 0.32416666666666666 0.5575 0.015 0.011666666666666667
5 0.22166666666666668 0.355 0.016666666666666666 0.035
0 0.3325 0.6841666666666667 0.03 0.035
0 0.023333333333333334 0.08 0.02 0.021666666666666667
0 0.9841666666666666 0.11 0.02666666666666667 0.028333333333333332
