5 0.6975 0.74 0.008333333333333333 0.008333333333333333
5 0.49916666666666665 0.7025 0.011666666666666667 0.011666666666666667
5 0.7016666666666667 0.2025 0.016666666666666666 0.015
5 0.5783333333333334 0.355 0.01 0.01
5 0.060833333333333336 0.76 0.008333333333333333 0.005
5 0.4091666666666667 0.135 0.016666666666666666 0.015
5 0.4175 0.7233333333333334 0.016666666666666666 0.015
5 0.10166666666666667 0.06416666666666666 0.008333333333333333 0.01
5 0.49166666666666664 0.3175 0.018333333333333333 0.016666666666666666
5 0.07583333333333334 0.07833333333333334 0.008333333333333333 0.01
5 0.43166666666666664 0.5175 0.008333333333333333 0.008333333333333333
5 0.13416666666666666 0.215 0.008333333333333333 0.008333333333333333
5 0.07583333333333334 0.13333333333333333 0.008333333333333333 0.008333333333333333
5 0.25916666666666666 0.2758333333333333 0.011666666666666667 0.011666666666666667
5 0.2808333333333333 0.5583333333333333 0.02 0.018333333333333333
5 0.7341666666666666 0.3591666666666667 0.008333333333333333 0.008333333333333333
