5 0.7375 0.2708333333333333 0.016666666666666666 0.016666666666666666
5 0.725 0.25333333333333335 0.008333333333333333 0.006666666666666667
5 0.6491666666666667 0.07583333333333334 0.013333333333333334 0.013333333333333334
5 0.9641666666666666 0.19583333333333333 0.016666666666666666 0.02
5 0.365 0.4775 0.01 0.011666666666666667
5 0.44416666666666665 0.75 0.015 0.013333333333333334
0 0.13 0.85 0.02 0.02
0 0.12416666666666666 0.3075 0.011666666666666667 0.013333333333333334
3 0.8666666666666667 0.6633333333333333 0.11666666666666667 0.175
3 0.9775 0.11083333333333334 0.04416666666666667 0.041666666666666664
