5 0.13583333333333333 0.019166666666666665 0.008333333333333333 0.008333333333333333
5 0.20166666666666666 0.1925 0.008333333333333333 0.008333333333333333
5 0.7791666666666667 0.1125 0.008333333333333333 0.006666666666666667
5 0.6183333333333333 0.8125 0.01 0.011666666666666667
5 0.8133333333333334 0.2608333333333333 0.008333333333333333 0.008333333333333333
5 0.9125 0.8575 0.011666666666666667 0.01
5 0.2225 0.5483333333333333 0.013333333333333334 0.015
5 0.8608333333333333 0.6625 0.016666666666666666 0.015
5 0.7208333333333333 0.1075 0.006666666666666667 0.008333333333333333
5 0.6716666666666666 0.03333333333333333 0.01 0.01
5 0.4216666666666667 0.6008333333333333 0.015 0.015
5 0.5466666666666666 0.12 0.006666666666666667 0.005
5 0.17583333333333334 0.8358333333333333 0.01 0.01
5 0.5783333333333334 0.05416666666666667 0.013333333333333334 0.013333333333333334
0 0.8508333333333333 0.96 0.008333333333333333 0.015
0 0.6633333333333333 0.11666666666666667 0.02 0.02
0 0.9583333333333334 0.4658333333333333 0.021666666666666667 0.025
0 0.635 0.7425 0.028333333333333332 0.021666666666666667
0 0.07 0.15916666666666668 0.018333333333333333 0.02
0 0.1875 0.515 0.025 0.02666666666666667
0 0.8116666666666666 0.28 0.01 0.01
0 0.835 0.1475 0.03333333333333333 0.03333333333333333
