5 0.5883333333333334 0.225 0.006666666666666667 0.005
5 0.03916666666666667 0.2991666666666667 0.01 0.01
5 0.2833333333333333 0.2975 0.016666666666666666 0.015
5 0.3416666666666667 0.8383333333333334 0.011666666666666667 0.011666666666666667
5 0.8166666666666667 0.4791666666666667 0.016666666666666666 0.018333333333333333
5 0.8933333333333333 0.09083333333333334 0.01 0.01
5 0.6966666666666667 0.46166666666666667 0.01 0.008333333333333333
5 0.87 0.0925 0.006666666666666667 0.008333333333333333
5 0.32166666666666666 0.9816666666666667 0.008333333333333333 0.008333333333333333
5 0.5225 0.9883333333333333 0.013333333333333334 0.015
5 0.19666666666666666 0.38416666666666666 0.006666666666666667 0.006666666666666667
0 0.015 0.22666666666666666 0.021666666666666667 0.021666666666666667
