2.0 0.13040833333333335 0.1809862385321101 0.13593333333333335 0.058381984987489574
2.0 0.8504666666666666 0.2358903252710592 0.08993333333333334 0.06255212677231026
2.0 0.2901166666666667 0.7050312760633861 0.07201666666666667 0.09730608840700584
5 0.5391666666666667 0.1925 0.013333333333333334 0.011666666666666667
5 0.6891666666666667 0.9741666666666666 0.01 0.011666666666666667
5 0.3233333333333333 0.13666666666666666 0.011666666666666667 0.01
5 0.9141666666666667 0.905 0.008333333333333333 0.008333333333333333
5 0.5566666666666666 0.8416666666666667 0.011666666666666667 0.013333333333333334
5 0.7616666666666667 0.5908333333333333 0.013333333333333334 0.013333333333333334
5 0.6158333333333333 0.04416666666666667 0.008333333333333333 0.008333333333333333
5 0.020833333333333332 0.3566666666666667 0.011666666666666667 0.011666666666666667
5 0.4325 0.7175 0.006666666666666667 0.006666666666666667
