5 0.029166666666666667 0.17833333333333334 0.016666666666666666 0.015
5 0.7958333333333333 0.32 0.016666666666666666 0.018333333333333333
5 0.1675 0.33166666666666667 0.015 0.018333333333333333
5 0.7233333333333334 0.6183333333333333 0.02 0.018333333333333333
5 0.9766666666666667 0.96 0.006666666666666667 0.006666666666666667
5 0.43583333333333335 0.7783333333333333 0.006666666666666667 0.006666666666666667
5 0.18166666666666667 0.5466666666666666 0.011666666666666667 0.01
5 0.18666666666666668 0.38416666666666666 0.008333333333333333 0.008333333333333333
5 0.5916666666666667 0.78 0.015 0.013333333333333334
5 0.5633333333333334 0.4266666666666667 0.015 0.013333333333333334
5 0.8883333333333333 0.029166666666666667 0.006666666666666667 0.008333333333333333
5 0.7616666666666667 0.2775 0.011666666666666667 0.01
5 0.72 0.2991666666666667 0.018333333333333333 0.016666666666666666
5 0.6725 0.8808333333333334 0.015 0.016666666666666666
5 0.9258333333333333 0.20166666666666666 0.01 0.01
5 0.9408333333333333 0.7716666666666666 0.018333333333333333 0.016666666666666666
5 0.6566666666666666 0.17333333333333334 0.01 0.011666666666666667
