5 0.8291666666666667 0.8783333333333333 0.013333333333333334 0.015
5 0.06666666666666667 0.43416666666666665 0.01 0.01
5 0.6825 0.46166666666666667 0.008333333333333333 0.008333333333333333
5 0.9925 0.085 0.011666666666666667 0.008333333333333333
5 0.5983333333333334 0.4116666666666667 0.013333333333333334 0.013333333333333334
5 0.28833333333333333 0.5283333333333333 0.016666666666666666 0.018333333333333333
5 0.43583333333333335 0.5575 0.01 0.011666666666666667
5 0.3516666666666667 0.6625 0.008333333333333333 0.008333333333333333
5 0.8166666666666667 0.7566666666666667 0.015 0.018333333333333333
5 0.3441666666666667 0.3308333333333333 0.01 0.01
5 0.9058333333333334 0.8125 0.01 0.011666666666666667
5 0.8591666666666666 0.37916666666666665 0.015 0.015
5 0.24916666666666668 0.885 0.013333333333333334 0.015
5 0.8058333333333333 0.37 0.01 0.01
5 0.3883333333333333 0.43333333333333335 0.011666666666666667 0.011666666666666667
5 0.005833333333333334 0.26416666666666666 0.01 0.01
5 0.12333333333333334 0.9108333333333334 0.015 0.016666666666666666
5 0.12083333333333333 0.52 0.01 0.01
5 0.6808333333333333 0.16083333333333333 0.018333333333333333 0.018333333333333333
