5 0.5391666666666667 0.9033333333333333 0.011666666666666667 0.01
5 0.925 0.9275 0.01 0.01
5 0.385 0.25083333333333335 0.006666666666666667 0.005
5 0.43 0.8866666666666667 0.006666666666666667 0.006666666666666667
5 0.615 0.1225 0.008333333333333333 0.008333333333333333
5 0.9366666666666666 0.09416666666666666 0.015 0.015
5 0.9083333333333333 0.26 0.01 0.01
5 0.78 0.13583333333333333 0.0033333333333333335 0.005
5 0.595 0.7125 0.006666666666666667 0.008333333333333333
5 0.21166666666666667 0.5483333333333333 0.01 0.016666666666666666
3 0.4866666666666667 0.6566666666666666 0.06666666666666667 0.041666666666666664
3 0.07666666666666666 0.4741666666666667 0.0875 0.06666666666666667
