7.0 0.5275833333333333 0.4813705865999444 0.15805833333333333 0.7297748123436196
5 0.11166666666666666 0.6158333333333333 0.006666666666666667 0.01
0 0.23583333333333334 0.315 0.008333333333333333 0.01
0 0.9333333333333333 0.295 0.016666666666666666 0.015
0 0.53 0.3475 0.021666666666666667 0.025
0 0.03833333333333333 0.6825 0.025 0.028333333333333332
0 0.38083333333333336 0.23583333333333334 0.018333333333333333 0.016666666666666666
0 0.9325 0.94 0.025 0.028333333333333332
3 0.175 0.11833333333333333 0.23333333333333334 0.125
3 0.41333333333333333 0.7533333333333333 0.06666666666666667 0.041666666666666664
