5 0.9041666666666667 0.3425 0.01 0.01
5 0.11916666666666667 0.11 0.016666666666666666 0.015
5 0.52 0.9325 0.008333333333333333 0.006666666666666667
5 0.5775 0.13583333333333333 0.01 0.008333333333333333
5 0.45166666666666666 0.41333333333333333 0.006666666666666667 0.008333333333333333
5 0.5616666666666666 0.22833333333333333 0.006666666666666667 0.006666666666666667
0 0.8883333333333333 0.02666666666666667 0.018333333333333333 0.016666666666666666
0 0.09 0.5491666666666667 0.025 0.02
0 0.6891666666666667 0.18583333333333332 0.01 0.011666666666666667
0 0.2833333333333333 0.43833333333333335 0.01 0.011666666666666667
0 0.8008333333333333 0.5933333333333334 0.02 0.021666666666666667
0 0.22416666666666665 0.8375 0.01 0.01
0 0.030833333333333334 0.9816666666666667 0.02 0.02
