5 0.5575 0.14583333333333334 0.018333333333333333 0.016666666666666666
5 0.06916666666666667 0.2708333333333333 0.013333333333333334 0.013333333333333334
5 0.7125 0.105 0.008333333333333333 0.01
5 0.77 0.30583333333333335 0.023333333333333334 0.021666666666666667
5 0.535 0.010833333333333334 0.011666666666666667 0.013333333333333334
5 0.9008333333333334 0.059166666666666666 0.006666666666666667 0.005
5 0.7483333333333333 0.9358333333333333 0.013333333333333334 0.011666666666666667
5 0.8641666666666666 0.11583333333333333 0.02 0.02
5 0.7958333333333333 0.345 0.016666666666666666 0.015
5 0.2775 0.3675 0.008333333333333333 0.008333333333333333
5 0.41583333333333333 0.3933333333333333 0.008333333333333333 0.006666666666666667
5 0.7358333333333333 0.09333333333333334 0.02 0.02
5 0.2525 0.43833333333333335 0.013333333333333334 0.011666666666666667
0 0.6525 0.6716666666666666 0.03 0.03166666666666667
0 0.935 0.1275 0.008333333333333333 0.01
0 0.8825 0.0725 0.013333333333333334 0.015
0 0.9141666666666667 0.5566666666666666 0.03166666666666667 0.02666666666666667
0 0.19083333333333333 0.8208333333333333 0.018333333333333333 0.018333333333333333
0 0.345 0.6333333333333333 0.011666666666666667 0.013333333333333334
0 0.9175 0.6416666666666667 0.03 0.035
3 0.3466666666666667 0.060833333333333336 0.06666666666666667 0.041666666666666664
