5 0.7525 0.13916666666666666 0.023333333333333334 0.021666666666666667
5 0.9041666666666667 0.8516666666666667 0.011666666666666667 0.01
5 0.5525 0.7625 0.013333333333333334 0.015
5 0.5808333333333333 0.965 0.008333333333333333 0.008333333333333333
5 0.49666666666666665 0.6808333333333333 0.011666666666666667 0.013333333333333334
5 0.22416666666666665 0.9875 0.013333333333333334 0.025
5 0.36333333333333334 0.4 0.008333333333333333 0.006666666666666667
5 0.89 0.4658333333333333 0.01 0.011666666666666667
5 0.7166666666666667 0.135 0.016666666666666666 0.015
5 0.22916666666666666 0.09 0.011666666666666667 0.011666666666666667
5 0.6558333333333334 0.125 0.01 0.01
5 0.25666666666666665 0.7208333333333333 0.015 0.016666666666666666
5 0.8033333333333333 0.25916666666666666 0.011666666666666667 0.011666666666666667
5 0.4083333333333333 0.16333333333333333 0.02 0.015
5 0.10666666666666667 0.7408333333333333 0.008333333333333333 0.008333333333333333
5 0.9783333333333334 0.005833333333333334 0.01 0.008333333333333333
0 0.8075 0.865 0.016666666666666666 0.018333333333333333
0 0.08166666666666667 0.7133333333333334 0.03666666666666667 0.03833333333333333
0 0.83 0.2608333333333333 0.011666666666666667 0.013333333333333334
0 0.94 0.2808333333333333 0.02 0.013333333333333334
0 0.7083333333333334 0.6 0.018333333333333333 0.02666666666666667
0 0.32 0.49333333333333335 0.02666666666666667 0.03333333333333333
