0.0 0.09234166666666661 0.12812691131498471 0.01620833333333333 0.01531276063386155
5.0 0.16724166666666662 0.3286606894634418 0.008266666666666667 0.00859049207673061
5.0 0.15092499999999998 0.3247324159021407 0.008358333333333332 0.00872393661384487
1.0 0.2108166666666666 0.39789338337503477 0.023966666666666667 0.024728940783986655
1.0 0.7748583333333333 0.7863170697803725 0.024725 0.024820683903252712
1.0 0.6941583333333333 0.3006873783708646 0.0333 0.03199332777314429
5 0.07583333333333334 0.10166666666666667 0.015 0.013333333333333334
5 0.36666666666666664 0.03666666666666667 0.011666666666666667 0.011666666666666667
5 0.8425 0.43833333333333335 0.013333333333333334 0.013333333333333334
5 0.4816666666666667 0.55 0.011666666666666667 0.011666666666666667
5 0.7966666666666666 0.8375 0.01 0.011666666666666667
5 0.2683333333333333 0.6408333333333334 0.008333333333333333 0.008333333333333333
5 0.9808333333333333 0.4091666666666667 0.008333333333333333 0.008333333333333333
5 0.2683333333333333 0.6225 0.008333333333333333 0.008333333333333333
0 0.32916666666666666 0.39916666666666667 0.013333333333333334 0.013333333333333334
0 0.6108333333333333 0.5891666666666666 0.025 0.023333333333333334
0 0.53 0.865 0.01 0.01
0 0.755 0.21083333333333334 0.01 0.011666666666666667
0 0.515 0.07833333333333334 0.03 0.028333333333333332
0 0.6241666666666666 0.22833333333333333 0.023333333333333334 0.018333333333333333
0 0.08166666666666667 0.38166666666666665 0.008333333333333333 0.01
