2.0 0.8694916666666668 0.298475 0.046875 0.10972499999999999
2.0 0.261925 0.8630583333333334 0.10118333333333333 0.052774999999999996
2.0 0.1293 0.0720833333333333 0.04705 0.0625
5.0 0.49731666666666663 0.8314416666666666 0.016408333333333334 0.019441666666666666
5 0.7358333333333333 0.3025 0.013333333333333334 0.013333333333333334
5 0.5425 0.7833333333333333 0.006666666666666667 0.006666666666666667
5 0.5775 0.0125 0.013333333333333334 0.013333333333333334
5 0.14833333333333334 0.0675 0.008333333333333333 0.008333333333333333
5 0.9925 0.06833333333333333 0.015 0.013333333333333334
5 0.7525 0.12583333333333332 0.01 0.01
5 0.3416666666666667 0.060833333333333336 0.02 0.02
5 0.4175 0.65 0.018333333333333333 0.018333333333333333
5 0.8933333333333333 0.6683333333333333 0.006666666666666667 0.006666666666666667
5 0.7275 0.31166666666666665 0.02 0.015
5 0.22 0.32166666666666666 0.015 0.013333333333333334
5 0.08166666666666667 0.17916666666666667 0.016666666666666666 0.016666666666666666
5 0.7508333333333334 0.11416666666666667 0.008333333333333333 0.008333333333333333
5 0.7175 0.35333333333333333 0.01 0.011666666666666667
5 0.5108333333333334 0.0425 0.011666666666666667 0.011666666666666667
5 0.51 0.25 0.015 0.015
5 0.7608333333333334 0.49333333333333335 0.01 0.01
