5 0.66 0.76 0.011666666666666667 0.01
5 0.49083333333333334 0.2966666666666667 0.008333333333333333 0.008333333333333333
5 0.6325 0.825 0.006666666666666667 0.005
5 0.0375 0.20833333333333334 0.006666666666666667 0.008333333333333333
5 0.9325 0.4116666666666667 0.006666666666666667 0.008333333333333333
5 0.17 0.9433333333333334 0.01 0.008333333333333333
5 0.7641666666666667 0.855 0.008333333333333333 0.006666666666666667
5 0.9733333333333334 0.9608333333333333 0.015 0.013333333333333334
5 0.5241666666666667 0.35333333333333333 0.008333333333333333 0.008333333333333333
5 0.8275 0.2775 0.01 0.011666666666666667
5 0.19416666666666665 0.6891666666666667 0.015 0.013333333333333334
5 0.14583333333333334 0.7566666666666667 0.011666666666666667 0.011666666666666667
5 0.8341666666666666 0.55 0.013333333333333334 0.015
5 0.9183333333333333 0.655 0.021666666666666667 0.021666666666666667
5 0.2975 0.185 0.016666666666666666 0.015
5 0.015 0.3458333333333333 0.011666666666666667 0.01
5 0.4625 0.2075 0.013333333333333334 0.015
5 0.6483333333333333 0.1325 0.013333333333333334 0.013333333333333334
0 0.5366666666666666 0.11166666666666666 0.02 0.028333333333333332
