4.0 0.21818333333333334 0.10288226299694192 0.06886666666666667 0.06492910758965804
4.0 0.6182583333333334 0.868436891854323 0.07946666666666667 0.06909924937447873
5 0.82 0.6166666666666667 0.015 0.021666666666666667
5 0.6516666666666666 0.415 0.013333333333333334 0.016666666666666666
5 0.8325 0.0875 0.013333333333333334 0.011666666666666667
5 0.13833333333333334 0.6575 0.008333333333333333 0.008333333333333333
5 0.08583333333333333 0.9525 0.013333333333333334 0.016666666666666666
5 0.42333333333333334 0.0225 0.01 0.011666666666666667
5 0.32666666666666666 0.4816666666666667 0.006666666666666667 0.006666666666666667
5 0.4033333333333333 0.7425 0.008333333333333333 0.008333333333333333
5 0.8416666666666667 0.17666666666666667 0.013333333333333334 0.013333333333333334
