5 0.21333333333333335 0.35 0.016666666666666666 0.016666666666666666
5 0.47583333333333333 0.9033333333333333 0.01 0.01
5 0.795 0.805 0.008333333333333333 0.008333333333333333
5 0.21083333333333334 0.14166666666666666 0.016666666666666666 0.015
5 0.3883333333333333 0.025 0.008333333333333333 0.008333333333333333
5 0.5391666666666667 0.045 0.015 0.013333333333333334
5 0.8566666666666667 0.20666666666666667 0.023333333333333334 0.02
5 0.405 0.4125 0.016666666666666666 0.015
5 0.9216666666666666 0.3308333333333333 0.013333333333333334 0.015
5 0.31583333333333335 0.3466666666666667 0.011666666666666667 0.01
5 0.6883333333333334 0.255 0.016666666666666666 0.015
5 0.24 0.6316666666666667 0.011666666666666667 0.011666666666666667
5 0.5633333333333334 0.235 0.016666666666666666 0.015
5 0.42833333333333334 0.5575 0.015 0.016666666666666666
5 0.79 0.0425 0.008333333333333333 0.008333333333333333
5 0.24833333333333332 0.9191666666666667 0.013333333333333334 0.013333333333333334
