2.0 0.7989416666666667 0.3526403947734223 0.07745 0.09313594662218516
2.0 0.19693333333333335 0.17193981095357241 0.09286666666666667 0.08479566305254378
2.0 0.320525 0.7411641645815957 0.09561666666666667 0.08340283569641367
5 0.2708333333333333 0.12083333333333333 0.006666666666666667 0.006666666666666667
5 0.3566666666666667 0.3416666666666667 0.008333333333333333 0.008333333333333333
5 0.4875 0.2825 0.01 0.01
5 0.9233333333333333 0.7008333333333333 0.013333333333333334 0.016666666666666666
0 0.8683333333333333 0.46416666666666667 0.01 0.01
0 0.3275 0.17 0.011666666666666667 0.01
0 0.815 0.9491666666666667 0.02 0.023333333333333334
0 0.2575 0.8616666666666667 0.008333333333333333 0.008333333333333333
0 0.13333333333333333 0.019166666666666665 0.021666666666666667 0.021666666666666667
0 0.5133333333333333 0.8591666666666666 0.02 0.02
0 0.5958333333333333 0.20166666666666666 0.021666666666666667 0.025
6 0.36833333333333335 0.7541666666666667 0.051666666666666666 0.17833333333333334
6 0.22833333333333333 0.6633333333333333 0.07166666666666667 0.39
6 0.5675 0.5366666666666666 0.08 0.3933333333333333
