5 0.6866666666666666 0.9508333333333333 0.01 0.016666666666666666
5 0.8858333333333334 0.8891666666666667 0.01 0.01
5 0.7491666666666666 0.535 0.01 0.01
5 0.4025 0.5208333333333334 0.01 0.011666666666666667
5 0.8816666666666667 0.23083333333333333 0.008333333333333333 0.01
5 0.0075 0.20333333333333334 0.015 0.013333333333333334
5 0.45 0.2791666666666667 0.008333333333333333 0.01
5 0.515 0.275 0.008333333333333333 0.008333333333333333
5 0.07833333333333334 0.39166666666666666 0.008333333333333333 0.008333333333333333
5 0.4325 0.53 0.01 0.008333333333333333
5 0.5341666666666667 0.33 0.013333333333333334 0.013333333333333334
5 0.4608333333333333 0.7433333333333333 0.01 0.01
5 0.029166666666666667 0.5158333333333334 0.01 0.016666666666666666
5 0.44333333333333336 0.19416666666666665 0.01 0.008333333333333333
5 0.94 0.8025 0.011666666666666667 0.011666666666666667
5 0.14 0.8741666666666666 0.006666666666666667 0.006666666666666667
0 0.6933333333333334 0.6683333333333333 0.03 0.02
0 0.8758333333333334 0.31083333333333335 0.025 0.02666666666666667
0 0.7033333333333334 0.2375 0.015 0.018333333333333333
0 0.1825 0.7275 0.015 0.018333333333333333
0 0.165 0.8425 0.01 0.01
0 0.21333333333333335 0.4691666666666667 0.023333333333333334 0.02
0 0.11 0.295 0.028333333333333332 0.021666666666666667
0 0.5916666666666667 0.4525 0.016666666666666666 0.015
