5 0.5466666666666666 0.445 0.008333333333333333 0.008333333333333333
5 0.33666666666666667 0.9116666666666666 0.008333333333333333 0.01
5 0.0825 0.7383333333333333 0.01 0.01
5 0.835 0.04583333333333333 0.008333333333333333 0.008333333333333333
5 0.555 0.10083333333333333 0.013333333333333334 0.015
5 0.36333333333333334 0.7091666666666666 0.013333333333333334 0.013333333333333334
5 0.25166666666666665 0.29333333333333333 0.011666666666666667 0.008333333333333333
5 0.96 0.9425 0.01 0.011666666666666667
5 0.41833333333333333 0.41 0.013333333333333334 0.011666666666666667
5 0.395 0.5141666666666667 0.008333333333333333 0.008333333333333333
5 0.41 0.9125 0.006666666666666667 0.006666666666666667
5 0.20166666666666666 0.965 0.006666666666666667 0.006666666666666667
5 0.48583333333333334 0.785 0.006666666666666667 0.006666666666666667
5 0.24166666666666667 0.4266666666666667 0.011666666666666667 0.01
5 0.26916666666666667 0.43583333333333335 0.011666666666666667 0.008333333333333333
5 0.765 0.2925 0.011666666666666667 0.015
5 0.6566666666666666 0.5 0.013333333333333334 0.015
0 0.4891666666666667 0.8791666666666667 0.03833333333333333 0.04
0 0.10083333333333333 0.075 0.013333333333333334 0.015
0 0.9391666666666667 0.74 0.025 0.028333333333333332
0 0.29333333333333333 0.8916666666666667 0.023333333333333334 0.018333333333333333
0 0.6991666666666667 0.5791666666666667 0.03 0.03166666666666667
0 0.5858333333333333 0.6733333333333333 0.02 0.021666666666666667
