4.0 0.23651666666666665 0.10454892966360857 0.06886666666666667 0.06492910758965804
4.0 0.6365916666666667 0.8701035585209898 0.07946666666666667 0.06909924937447873
5 0.8666666666666667 0.7908333333333334 0.006666666666666667 0.006666666666666667
5 0.4558333333333333 0.35 0.018333333333333333 0.016666666666666666
5 0.21083333333333334 0.65 0.01 0.01
5 0.2808333333333333 0.024166666666666666 0.008333333333333333 0.008333333333333333
5 0.3975 0.23833333333333334 0.008333333333333333 0.006666666666666667
5 0.8658333333333333 0.4125 0.015 0.015
5 0.4175 0.6191666666666666 0.011666666666666667 0.01
0 0.3825 0.2941666666666667 0.021666666666666667 0.025
0 0.9133333333333333 0.5975 0.016666666666666666 0.015
0 0.7975 0.6133333333333333 0.011666666666666667 0.013333333333333334
0 0.43666666666666665 0.5291666666666667 0.016666666666666666 0.015
0 0.675 0.97 0.013333333333333334 0.015
0 0.6975 0.6433333333333333 0.011666666666666667 0.013333333333333334
