8.0 0.208475 0.5784833333333332 0.2840666666666667 0.6424333333333333
8.0 0.5090250000000001 0.698825 0.3133583333333333 0.24582500000000002
5 0.5325 0.15666666666666668 0.015 0.015
5 0.5683333333333334 0.71 0.013333333333333334 0.01
5 0.21666666666666667 0.30083333333333334 0.016666666666666666 0.011666666666666667
5 0.37416666666666665 0.15666666666666668 0.011666666666666667 0.015
5 0.19333333333333333 0.060833333333333336 0.006666666666666667 0.008333333333333333
5 0.205 0.5158333333333334 0.011666666666666667 0.011666666666666667
5 0.2875 0.22416666666666665 0.008333333333333333 0.008333333333333333
5 0.385 0.8675 0.015 0.013333333333333334
5 0.37916666666666665 0.32 0.015 0.013333333333333334
5 0.36333333333333334 0.5716666666666667 0.008333333333333333 0.008333333333333333
5 0.3933333333333333 0.9333333333333333 0.013333333333333334 0.013333333333333334
5 0.065 0.3875 0.008333333333333333 0.008333333333333333
0 0.81 0.975 0.02 0.028333333333333332
0 0.8175 0.31833333333333336 0.028333333333333332 0.023333333333333334
0 0.18833333333333332 0.09666666666666666 0.018333333333333333 0.02666666666666667
