5 0.24 0.049166666666666664 0.01 0.011666666666666667
5 0.8325 0.42583333333333334 0.008333333333333333 0.008333333333333333
5 0.6041666666666666 0.71 0.011666666666666667 0.01
5 0.18333333333333332 0.5666666666666667 0.016666666666666666 0.011666666666666667
5 0.7825 0.6083333333333333 0.015 0.015
5 0.3641666666666667 0.23083333333333333 0.018333333333333333 0.021666666666666667
5 0.9208333333333333 0.44666666666666666 0.016666666666666666 0.02
5 0.5108333333333334 0.08 0.015 0.011666666666666667
5 0.5458333333333333 0.9675 0.013333333333333334 0.013333333333333334
5 0.135 0.3333333333333333 0.006666666666666667 0.006666666666666667
5 0.3675 0.41333333333333333 0.01 0.016666666666666666
5 0.6641666666666667 0.6708333333333333 0.016666666666666666 0.015
5 0.9033333333333333 0.03666666666666667 0.006666666666666667 0.006666666666666667
5 0.38333333333333336 0.8375 0.018333333333333333 0.016666666666666666
5 0.41 0.6183333333333333 0.008333333333333333 0.008333333333333333
