5 0.6291666666666667 0.455 0.011666666666666667 0.008333333333333333
5 0.22583333333333333 0.3541666666666667 0.01 0.01
5 0.4633333333333333 0.45 0.011666666666666667 0.011666666666666667
5 0.4791666666666667 0.8566666666666667 0.008333333333333333 0.008333333333333333
5 0.4175 0.24833333333333332 0.01 0.01
5 0.9233333333333333 0.41333333333333333 0.011666666666666667 0.01
5 0.8941666666666667 0.07916666666666666 0.01 0.01
5 0.24166666666666667 0.43333333333333335 0.013333333333333334 0.013333333333333334
5 0.435 0.8658333333333333 0.008333333333333333 0.006666666666666667
5 0.29833333333333334 0.17583333333333334 0.01 0.01
5 0.5791666666666667 0.8491666666666666 0.013333333333333334 0.01
5 0.6558333333333334 0.6133333333333333 0.008333333333333333 0.008333333333333333
5 0.4216666666666667 0.20833333333333334 0.015 0.013333333333333334
5 0.88 0.7616666666666667 0.011666666666666667 0.011666666666666667
5 0.9158333333333334 0.7566666666666667 0.008333333333333333 0.01
5 0.8716666666666667 0.8808333333333334 0.013333333333333334 0.025
5 0.41833333333333333 0.4583333333333333 0.013333333333333334 0.013333333333333334
0 0.08 0.8216666666666667 0.023333333333333334 0.021666666666666667
0 0.7691666666666667 0.25083333333333335 0.02666666666666667 0.03333333333333333
