5 0.48 0.32083333333333336 0.01 0.008333333333333333
5 0.27 0.21166666666666667 0.008333333333333333 0.008333333333333333
5 0.9708333333333333 0.8125 0.006666666666666667 0.006666666666666667
5 0.22833333333333333 0.4266666666666667 0.013333333333333334 0.01
5 0.035 0.12833333333333333 0.013333333333333334 0.011666666666666667
5 0.25166666666666665 0.9816666666666667 0.01 0.01
5 0.9133333333333333 0.2375 0.01 0.01
5 0.37 0.6425 0.008333333333333333 0.008333333333333333
5 0.060833333333333336 0.15583333333333332 0.016666666666666666 0.015
5 0.32083333333333336 0.5508333333333333 0.013333333333333334 0.015
5 0.8366666666666667 0.9441666666666667 0.016666666666666666 0.016666666666666666
5 0.6858333333333333 0.3775 0.013333333333333334 0.013333333333333334
0 0.14083333333333334 0.7883333333333333 0.008333333333333333 0.008333333333333333
0 0.8866666666666667 0.08916666666666667 0.02666666666666667 0.023333333333333334
