5 0.8816666666666667 0.9691666666666666 0.01 0.01
5 0.9833333333333333 0.8583333333333333 0.008333333333333333 0.01
5 0.6666666666666666 0.5608333333333333 0.011666666666666667 0.01
5 0.9741666666666666 0.11583333333333333 0.011666666666666667 0.013333333333333334
5 0.09333333333333334 0.8958333333333334 0.021666666666666667 0.021666666666666667
5 0.34 0.5266666666666666 0.01 0.011666666666666667
5 0.5566666666666666 0.6708333333333333 0.013333333333333334 0.015
5 0.7216666666666667 0.22666666666666666 0.01 0.008333333333333333
5 0.9641666666666666 0.35333333333333333 0.008333333333333333 0.008333333333333333
5 0.7366666666666667 0.14666666666666667 0.015 0.015
5 0.6758333333333333 0.77 0.011666666666666667 0.015
5 0.8116666666666666 0.28833333333333333 0.011666666666666667 0.013333333333333334
5 0.06416666666666666 0.08583333333333333 0.011666666666666667 0.011666666666666667
5 0.9533333333333334 0.15916666666666668 0.02 0.016666666666666666
5 0.10833333333333334 0.055 0.008333333333333333 0.008333333333333333
