5 0.9116666666666666 0.37 0.016666666666666666 0.015
5 0.16166666666666665 0.44083333333333335 0.016666666666666666 0.015
5 0.9666666666666667 0.3983333333333333 0.01 0.011666666666666667
5 0.7425 0.5191666666666667 0.008333333333333333 0.008333333333333333
5 0.6183333333333333 0.5075 0.01 0.01
5 0.2791666666666667 0.6125 0.01 0.01
0 0.43916666666666665 0.7975 0.008333333333333333 0.008333333333333333
0 0.04 0.17666666666666667 0.01 0.013333333333333334
0 0.5275 0.2658333333333333 0.021666666666666667 0.023333333333333334
0 0.1825 0.5275 0.021666666666666667 0.025
0 0.1275 0.685 0.013333333333333334 0.008333333333333333
0 0.2966666666666667 0.7408333333333333 0.021666666666666667 0.028333333333333332
0 0.0175 0.08666666666666667 0.015 0.016666666666666666
0 0.24333333333333335 0.15416666666666667 0.018333333333333333 0.02
0 0.645 0.7016666666666667 0.01 0.01
