4.0 0.3156666666666667 0.26805833333333334 0.07200000000000001 0.08055833333333333
4.0 0.6434083333333334 0.6013916666666667 0.09136666666666667 0.06944166666666667
5 0.4033333333333333 0.9875 0.008333333333333333 0.006666666666666667
5 0.8266666666666667 0.075 0.013333333333333334 0.013333333333333334
5 0.7616666666666667 0.44416666666666665 0.013333333333333334 0.011666666666666667
5 0.49833333333333335 0.9375 0.016666666666666666 0.016666666666666666
5 0.6933333333333334 0.14166666666666666 0.013333333333333334 0.013333333333333334
5 0.16 0.06583333333333333 0.011666666666666667 0.011666666666666667
5 0.7891666666666667 0.4166666666666667 0.015 0.016666666666666666
0 0.035833333333333335 0.43416666666666665 0.03166666666666667 0.02666666666666667
0 0.24916666666666668 0.6325 0.013333333333333334 0.01
0 0.07416666666666667 0.19916666666666666 0.02 0.021666666666666667
0 0.315 0.9833333333333333 0.013333333333333334 0.011666666666666667
0 0.9541666666666667 0.5108333333333334 0.011666666666666667 0.011666666666666667
0 0.4533333333333333 0.4708333333333333 0.015 0.015
