5 0.2733333333333333 0.035833333333333335 0.006666666666666667 0.008333333333333333
5 0.2575 0.47333333333333333 0.013333333333333334 0.016666666666666666
5 0.8441666666666666 0.51 0.018333333333333333 0.018333333333333333
5 0.6416666666666667 0.47333333333333333 0.008333333333333333 0.008333333333333333
5 0.5616666666666666 0.5433333333333333 0.011666666666666667 0.011666666666666667
0 0.04 0.7975 0.016666666666666666 0.015
0 0.45416666666666666 0.25166666666666665 0.035 0.04
0 0.5083333333333333 0.49583333333333335 0.01 0.01
0 0.31 0.615 0.023333333333333334 0.021666666666666667
0 0.9025 0.11916666666666667 0.008333333333333333 0.013333333333333334
0 0.5591666666666667 0.43333333333333335 0.016666666666666666 0.016666666666666666
0 0.37583333333333335 0.7033333333333334 0.01 0.013333333333333334
0 0.8425 0.006666666666666667 0.01 0.011666666666666667
0 0.4083333333333333 0.695 0.018333333333333333 0.015
