5 0.845 0.6133333333333333 0.013333333333333334 0.016666666666666666
5 0.11833333333333333 0.43833333333333335 0.006666666666666667 0.006666666666666667
5 0.20416666666666666 0.7483333333333333 0.008333333333333333 0.008333333333333333
5 0.62 0.64 0.02 0.016666666666666666
5 0.4425 0.8008333333333333 0.018333333333333333 0.016666666666666666
5 0.02666666666666667 0.3566666666666667 0.008333333333333333 0.008333333333333333
5 0.050833333333333335 0.265 0.008333333333333333 0.008333333333333333
5 0.545 0.5075 0.01 0.01
5 0.1275 0.5283333333333333 0.011666666666666667 0.015
5 0.4633333333333333 0.8408333333333333 0.023333333333333334 0.021666666666666667
5 0.6866666666666666 0.35333333333333333 0.011666666666666667 0.01
5 0.024166666666666666 0.7966666666666666 0.015 0.015
5 0.27166666666666667 0.45916666666666667 0.01 0.011666666666666667
5 0.10916666666666666 0.8333333333333334 0.018333333333333333 0.018333333333333333
5 0.45416666666666666 0.39166666666666666 0.008333333333333333 0.008333333333333333
5 0.7475 0.27166666666666667 0.013333333333333334 0.013333333333333334
5 0.8641666666666666 0.9091666666666667 0.015 0.015
