5 0.0125 0.29083333333333333 0.013333333333333334 0.015
5 0.6908333333333333 0.6983333333333334 0.01 0.01
5 0.6716666666666666 0.5616666666666666 0.011666666666666667 0.01
5 0.225 0.9416666666666667 0.02 0.018333333333333333
5 0.9283333333333333 0.985 0.011666666666666667 0.011666666666666667
5 0.08416666666666667 0.18666666666666668 0.005 0.006666666666666667
5 0.6691666666666667 0.7416666666666667 0.013333333333333334 0.011666666666666667
5 0.13416666666666666 0.45916666666666667 0.013333333333333334 0.011666666666666667
5 0.5325 0.9525 0.015 0.013333333333333334
5 0.8216666666666667 0.5916666666666667 0.006666666666666667 0.008333333333333333
5 0.7525 0.4525 0.02 0.016666666666666666
5 0.13666666666666666 0.3541666666666667 0.008333333333333333 0.008333333333333333
5 0.6433333333333333 0.2658333333333333 0.008333333333333333 0.008333333333333333
5 0.6083333333333333 0.42333333333333334 0.013333333333333334 0.025
5 0.25833333333333336 0.5208333333333334 0.016666666666666666 0.018333333333333333
0 0.5025 0.9466666666666667 0.02 0.02
0 0.8583333333333333 0.95 0.02666666666666667 0.023333333333333334
0 0.5925 0.08083333333333333 0.015 0.016666666666666666
0 0.475 0.3825 0.03833333333333333 0.04
0 0.36333333333333334 0.4741666666666667 0.023333333333333334 0.023333333333333334
0 0.5675 0.8366666666666667 0.028333333333333332 0.03166666666666667
0 0.9408333333333333 0.31 0.035 0.04
