5 0.155 0.5333333333333333 0.015 0.015
5 0.685 0.46 0.008333333333333333 0.008333333333333333
5 0.4825 0.2683333333333333 0.013333333333333334 0.011666666666666667
5 0.07083333333333333 0.7633333333333333 0.015 0.013333333333333334
5 0.020833333333333332 0.7558333333333334 0.01 0.01
5 0.2375 0.41583333333333333 0.006666666666666667 0.008333333333333333
5 0.20166666666666666 0.66 0.015 0.013333333333333334
5 0.1525 0.7491666666666666 0.013333333333333334 0.013333333333333334
5 0.07416666666666667 0.14833333333333334 0.006666666666666667 0.008333333333333333
5 0.5175 0.034166666666666665 0.008333333333333333 0.008333333333333333
5 0.10416666666666667 0.09583333333333334 0.01 0.008333333333333333
5 0.7383333333333333 0.04083333333333333 0.006666666666666667 0.006666666666666667
5 0.8383333333333334 0.5341666666666667 0.005 0.006666666666666667
5 0.10333333333333333 0.5041666666666667 0.01 0.011666666666666667
5 0.8625 0.03 0.008333333333333333 0.008333333333333333
5 0.9391666666666667 0.8516666666666667 0.008333333333333333 0.008333333333333333
5 0.04416666666666667 0.19583333333333333 0.011666666666666667 0.011666666666666667
