5 0.9658333333333333 0.12166666666666667 0.016666666666666666 0.02
5 0.37083333333333335 0.5341666666666667 0.008333333333333333 0.008333333333333333
5 0.8125 0.8125 0.008333333333333333 0.008333333333333333
5 0.41333333333333333 0.02666666666666667 0.01 0.01
5 0.6791666666666667 0.45 0.008333333333333333 0.006666666666666667
5 0.24166666666666667 0.6691666666666667 0.011666666666666667 0.011666666666666667
5 0.9808333333333333 0.37583333333333335 0.008333333333333333 0.008333333333333333
5 0.6733333333333333 0.315 0.006666666666666667 0.006666666666666667
5 0.33166666666666667 0.51 0.02 0.016666666666666666
5 0.9541666666666667 0.7983333333333333 0.013333333333333334 0.013333333333333334
5 0.9633333333333334 0.8691666666666666 0.005 0.005
5 0.9558333333333333 0.8583333333333333 0.011666666666666667 0.011666666666666667
5 0.6941666666666667 0.4058333333333333 0.006666666666666667 0.006666666666666667
5 0.49 0.755 0.008333333333333333 0.01
