1.0 0.16959166666666667 0.39035833333333336 0.026583333333333334 0.028358333333333333
1.0 0.17000833333333334 0.822025 0.03575833333333333 0.0392
1.0 0.8168 0.22353333333333336 0.03476666666666667 0.03836666666666667
5.0 0.7169833333333333 0.22329166666666667 0.007425 0.005908333333333333
5 0.8041666666666667 0.8716666666666667 0.011666666666666667 0.011666666666666667
5 0.5266666666666666 0.6041666666666666 0.008333333333333333 0.008333333333333333
5 0.5675 0.03166666666666667 0.011666666666666667 0.011666666666666667
5 0.18333333333333332 0.5583333333333333 0.011666666666666667 0.01
5 0.11 0.0375 0.008333333333333333 0.008333333333333333
5 0.6508333333333334 0.6966666666666667 0.008333333333333333 0.008333333333333333
5 0.016666666666666666 0.2966666666666667 0.011666666666666667 0.011666666666666667
