5 0.12166666666666667 0.5983333333333334 0.013333333333333334 0.015
5 0.5783333333333334 0.24583333333333332 0.016666666666666666 0.018333333333333333
5 0.6558333333333334 0.2608333333333333 0.01 0.008333333333333333
5 0.9516666666666667 0.1775 0.01 0.01
5 0.4125 0.0075 0.011666666666666667 0.01
5 0.5091666666666667 0.7991666666666667 0.008333333333333333 0.006666666666666667
5 0.08166666666666667 0.029166666666666667 0.018333333333333333 0.018333333333333333
5 0.33916666666666667 0.38166666666666665 0.013333333333333334 0.016666666666666666
5 0.6 0.2525 0.01 0.01
5 0.085 0.845 0.013333333333333334 0.011666666666666667
5 0.49333333333333335 0.43666666666666665 0.011666666666666667 0.01
