1.0 0.17674166666666669 0.4063587711982208 0.026591666666666666 0.025904920767306088
1.0 0.7413 0.7946573533500139 0.025916666666666668 0.025054211843202667
1.0 0.6601583333333334 0.3082520155685294 0.03294166666666667 0.034261884904086735
5 0.6708333333333333 0.2608333333333333 0.015 0.013333333333333334
5 0.7908333333333334 0.31916666666666665 0.011666666666666667 0.011666666666666667
5 0.38166666666666665 0.5591666666666667 0.015 0.015
5 0.8883333333333333 0.49416666666666664 0.016666666666666666 0.015
5 0.5233333333333333 0.6016666666666667 0.008333333333333333 0.008333333333333333
5 0.9541666666666667 0.6833333333333333 0.006666666666666667 0.006666666666666667
5 0.16083333333333333 0.645 0.016666666666666666 0.015
5 0.5641666666666667 0.07 0.008333333333333333 0.008333333333333333
5 0.8008333333333333 0.11 0.015 0.015
5 0.42 0.5558333333333333 0.011666666666666667 0.01
5 0.445 0.4683333333333333 0.006666666666666667 0.006666666666666667
5 0.1675 0.03166666666666667 0.011666666666666667 0.013333333333333334
5 0.12833333333333333 0.7041666666666667 0.01 0.008333333333333333
5 0.8541666666666666 0.7641666666666667 0.006666666666666667 0.008333333333333333
5 0.6775 0.32166666666666666 0.008333333333333333 0.008333333333333333
5 0.6666666666666666 0.5041666666666667 0.011666666666666667 0.011666666666666667
