5 0.9716666666666667 0.76 0.008333333333333333 0.008333333333333333
5 0.545 0.41 0.01 0.01
5 0.2966666666666667 0.9066666666666666 0.01 0.011666666666666667
5 0.8116666666666666 0.21416666666666667 0.015 0.015
5 0.6875 0.25416666666666665 0.006666666666666667 0.005
5 0.6066666666666667 0.06666666666666667 0.005 0.005
5 0.6816666666666666 0.6233333333333333 0.016666666666666666 0.015
5 0.23583333333333334 0.45 0.011666666666666667 0.011666666666666667
5 0.35 0.6466666666666666 0.01 0.01
5 0.4533333333333333 0.1825 0.01 0.008333333333333333
5 0.47583333333333333 0.7683333333333333 0.011666666666666667 0.01
5 0.05416666666666667 0.43416666666666665 0.006666666666666667 0.006666666666666667
5 0.29583333333333334 0.13416666666666666 0.011666666666666667 0.011666666666666667
5 0.1375 0.6966666666666667 0.008333333333333333 0.006666666666666667
5 0.25166666666666665 0.9708333333333333 0.008333333333333333 0.008333333333333333
5 0.5133333333333333 0.24 0.021666666666666667 0.02
5 0.6533333333333333 0.9725 0.016666666666666666 0.02
5 0.1775 0.6458333333333334 0.006666666666666667 0.008333333333333333
