5 0.7383333333333333 0.0125 0.015 0.016666666666666666
5 0.585 0.95 0.006666666666666667 0.008333333333333333
5 0.6391666666666667 0.78 0.008333333333333333 0.008333333333333333
5 0.9266666666666666 0.8691666666666666 0.008333333333333333 0.01
5 0.041666666666666664 0.245 0.013333333333333334 0.015
5 0.105 0.5483333333333333 0.02 0.018333333333333333
5 0.4141666666666667 0.6491666666666667 0.01 0.011666666666666667
5 0.6266666666666667 0.10833333333333334 0.02 0.016666666666666666
5 0.7033333333333334 0.9033333333333333 0.01 0.008333333333333333
5 0.9441666666666667 0.10916666666666666 0.016666666666666666 0.015
5 0.32083333333333336 0.395 0.01 0.011666666666666667
5 0.3725 0.4375 0.015 0.013333333333333334
5 0.6608333333333334 0.7875 0.013333333333333334 0.011666666666666667
5 0.10666666666666667 0.6091666666666666 0.008333333333333333 0.008333333333333333
5 0.4841666666666667 0.023333333333333334 0.013333333333333334 0.013333333333333334
5 0.3 0.3308333333333333 0.008333333333333333 0.01
5 0.09333333333333334 0.13833333333333334 0.01 0.011666666666666667
