4.0 0.17221666666666668 0.8270833333333333 0.117875 0.05416666666666667
4.0 0.3353916666666667 0.42430833333333334 0.052975 0.12083333333333333
4.0 0.83185 0.1388833333333333 0.120475 0.061116666666666666
5 0.17166666666666666 0.19583333333333333 0.015 0.018333333333333333
5 0.24333333333333335 0.21666666666666667 0.008333333333333333 0.01
5 0.5775 0.07916666666666666 0.011666666666666667 0.01
5 0.295 0.7483333333333333 0.013333333333333334 0.015
0 0.715 0.010833333333333334 0.02 0.018333333333333333
0 0.61 0.18416666666666667 0.011666666666666667 0.015
0 0.275 0.48833333333333334 0.016666666666666666 0.018333333333333333
