7.0 0.5477166666666666 0.5099951348345844 0.15110833333333334 0.724211843202669
5 0.8508333333333333 0.7225 0.01 0.008333333333333333
5 0.8741666666666666 0.92 0.011666666666666667 0.015
5 0.20166666666666666 0.013333333333333334 0.006666666666666667 0.006666666666666667
5 0.59 0.6541666666666667 0.006666666666666667 0.006666666666666667
5 0.4508333333333333 0.86 0.013333333333333334 0.015
5 0.205 0.4191666666666667 0.013333333333333334 0.013333333333333334
0 0.5375 0.11916666666666667 0.018333333333333333 0.02666666666666667
0 0.23583333333333334 0.4891666666666667 0.023333333333333334 0.02666666666666667
0 0.7283333333333334 0.7583333333333333 0.018333333333333333 0.018333333333333333
0 0.2833333333333333 0.08416666666666667 0.013333333333333334 0.011666666666666667
0 0.8725 0.28583333333333333 0.023333333333333334 0.018333333333333333
0 0.8925 0.585 0.023333333333333334 0.018333333333333333
0 0.3566666666666667 0.13916666666666666 0.021666666666666667 0.021666666666666667
0 0.009166666666666667 0.8166666666666667 0.011666666666666667 0.01
0 0.7625 0.03166666666666667 0.01 0.013333333333333334
