5 0.3775 0.5833333333333334 0.008333333333333333 0.008333333333333333
5 0.35833333333333334 0.3441666666666667 0.006666666666666667 0.006666666666666667
5 0.42833333333333334 0.44 0.01 0.011666666666666667
5 0.685 0.3275 0.015 0.018333333333333333
5 0.13583333333333333 0.9258333333333333 0.008333333333333333 0.008333333333333333
5 0.7166666666666667 0.8525 0.015 0.021666666666666667
5 0.7333333333333333 0.058333333333333334 0.008333333333333333 0.008333333333333333
5 0.5275 0.5441666666666667 0.01 0.01
5 0.3958333333333333 0.0425 0.011666666666666667 0.011666666666666667
5 0.215 0.6191666666666666 0.021666666666666667 0.021666666666666667
5 0.3025 0.43833333333333335 0.013333333333333334 0.011666666666666667
5 0.6558333333333334 0.23166666666666666 0.016666666666666666 0.015
5 0.07333333333333333 0.19583333333333333 0.008333333333333333 0.008333333333333333
5 0.20083333333333334 0.9275 0.008333333333333333 0.008333333333333333
5 0.2758333333333333 0.03916666666666667 0.018333333333333333 0.018333333333333333
0 0.8316666666666667 0.021666666666666667 0.01 0.01
0 0.8141666666666667 0.7291666666666666 0.021666666666666667 0.018333333333333333
0 0.61 0.9666666666666667 0.021666666666666667 0.025
0 0.6825 0.9858333333333333 0.016666666666666666 0.015
0 0.26166666666666666 0.16 0.016666666666666666 0.015
0 0.6858333333333333 0.17083333333333334 0.023333333333333334 0.021666666666666667
0 0.8208333333333333 0.8416666666666667 0.015 0.015
0 0.5858333333333333 0.14833333333333334 0.015 0.015
0 0.03166666666666667 0.83 0.02 0.023333333333333334
