5 0.9341666666666667 0.4891666666666667 0.011666666666666667 0.011666666666666667
5 0.3458333333333333 0.7158333333333333 0.016666666666666666 0.015
5 0.5833333333333334 0.2225 0.008333333333333333 0.008333333333333333
5 0.7541666666666667 0.21333333333333335 0.015 0.015
5 0.7475 0.9333333333333333 0.008333333333333333 0.01
5 0.8991666666666667 0.045 0.011666666666666667 0.011666666666666667
5 0.29333333333333333 0.8516666666666667 0.018333333333333333 0.016666666666666666
5 0.6058333333333333 0.2125 0.016666666666666666 0.015
5 0.19916666666666666 0.5808333333333333 0.018333333333333333 0.016666666666666666
0 0.7883333333333333 0.98 0.028333333333333332 0.023333333333333334
0 0.6625 0.15666666666666668 0.028333333333333332 0.025
0 0.4891666666666667 0.10666666666666667 0.01 0.011666666666666667
0 0.3625 0.06416666666666666 0.02 0.023333333333333334
0 0.6141666666666666 0.43416666666666665 0.013333333333333334 0.015
0 0.9525 0.8391666666666666 0.016666666666666666 0.016666666666666666
0 0.49583333333333335 0.065 0.01 0.013333333333333334
