1.0 0.20424166666666665 0.4013587711982208 0.026591666666666666 0.025904920767306088
1.0 0.7687999999999999 0.7896573533500139 0.025916666666666668 0.025054211843202667
1.0 0.6876583333333334 0.3032520155685294 0.03294166666666667 0.034261884904086735
5 0.11583333333333333 0.8116666666666666 0.011666666666666667 0.013333333333333334
5 0.0625 0.7566666666666667 0.013333333333333334 0.015
5 0.26 0.6666666666666666 0.008333333333333333 0.008333333333333333
5 0.45 0.49833333333333335 0.013333333333333334 0.015
5 0.7691666666666667 0.2575 0.008333333333333333 0.008333333333333333
5 0.6141666666666666 0.9425 0.01 0.008333333333333333
5 0.7416666666666667 0.19083333333333333 0.008333333333333333 0.008333333333333333
5 0.06583333333333333 0.9116666666666666 0.006666666666666667 0.008333333333333333
5 0.4625 0.845 0.006666666666666667 0.008333333333333333
5 0.43166666666666664 0.21083333333333334 0.008333333333333333 0.008333333333333333
