5 0.1375 0.5108333333333334 0.016666666666666666 0.016666666666666666
5 0.44333333333333336 0.7491666666666666 0.016666666666666666 0.015
5 0.7658333333333334 0.06833333333333333 0.013333333333333334 0.015
5 0.9825 0.4533333333333333 0.008333333333333333 0.008333333333333333
5 0.6058333333333333 0.3283333333333333 0.015 0.013333333333333334
5 0.965 0.5325 0.008333333333333333 0.008333333333333333
5 0.5233333333333333 0.4225 0.008333333333333333 0.01
5 0.8466666666666667 0.895 0.008333333333333333 0.01
5 0.5108333333333334 0.6616666666666666 0.013333333333333334 0.01
5 0.8458333333333333 0.37166666666666665 0.006666666666666667 0.006666666666666667
5 0.615 0.8075 0.008333333333333333 0.008333333333333333
5 0.15416666666666667 0.4691666666666667 0.006666666666666667 0.006666666666666667
5 0.7308333333333333 0.9508333333333333 0.013333333333333334 0.013333333333333334
5 0.4716666666666667 0.4483333333333333 0.008333333333333333 0.008333333333333333
5 0.3775 0.9041666666666667 0.01 0.011666666666666667
