5 0.6133333333333333 0.6566666666666666 0.01 0.01
5 0.49166666666666664 0.8858333333333334 0.013333333333333334 0.011666666666666667
5 0.4266666666666667 0.23083333333333333 0.008333333333333333 0.01
5 0.056666666666666664 0.24583333333333332 0.008333333333333333 0.008333333333333333
5 0.79 0.8266666666666667 0.006666666666666667 0.005
5 0.46166666666666667 0.058333333333333334 0.008333333333333333 0.008333333333333333
5 0.7016666666666667 0.11916666666666667 0.015 0.013333333333333334
5 0.43666666666666665 0.13583333333333333 0.01 0.008333333333333333
5 0.31083333333333335 0.4608333333333333 0.008333333333333333 0.008333333333333333
5 0.9125 0.6958333333333333 0.011666666666666667 0.011666666666666667
5 0.6166666666666667 0.7058333333333333 0.008333333333333333 0.01
5 0.36666666666666664 0.4175 0.01 0.011666666666666667
