8.0 0.2143083333333333 0.5801499999999999 0.2840666666666667 0.6424333333333333
8.0 0.5148583333333333 0.7004916666666667 0.3133583333333333 0.24582500000000002
5 0.8425 0.6491666666666667 0.018333333333333333 0.016666666666666666
5 0.5425 0.0275 0.008333333333333333 0.006666666666666667
5 0.8541666666666666 0.44 0.006666666666666667 0.008333333333333333
5 0.36083333333333334 0.7083333333333334 0.013333333333333334 0.013333333333333334
5 0.11083333333333334 0.6308333333333334 0.01 0.008333333333333333
5 0.5991666666666666 0.7025 0.006666666666666667 0.006666666666666667
5 0.5958333333333333 0.4775 0.008333333333333333 0.01
5 0.23083333333333333 0.7341666666666666 0.01 0.01
0 0.44583333333333336 0.8058333333333333 0.025 0.02
0 0.9091666666666667 0.7641666666666667 0.013333333333333334 0.013333333333333334
0 0.325 0.7075 0.011666666666666667 0.013333333333333334
