5 0.8058333333333333 0.13583333333333333 0.011666666666666667 0.01
5 0.6783333333333333 0.10333333333333333 0.011666666666666667 0.01
5 0.1675 0.06583333333333333 0.01 0.01
5 0.1525 0.018333333333333333 0.01 0.01
5 0.8083333333333333 0.22916666666666666 0.018333333333333333 0.018333333333333333
5 0.6958333333333333 0.155 0.008333333333333333 0.008333333333333333
5 0.4325 0.3125 0.008333333333333333 0.008333333333333333
5 0.7758333333333334 0.3325 0.011666666666666667 0.01
5 0.25416666666666665 0.3325 0.018333333333333333 0.016666666666666666
5 0.4475 0.4216666666666667 0.008333333333333333 0.008333333333333333
5 0.6825 0.495 0.006666666666666667 0.006666666666666667
5 0.25 0.5308333333333334 0.01 0.01
5 0.8416666666666667 0.9041666666666667 0.008333333333333333 0.008333333333333333
5 0.24166666666666667 0.3358333333333333 0.011666666666666667 0.011666666666666667
