5 0.6158333333333333 0.8658333333333333 0.008333333333333333 0.008333333333333333
5 0.19916666666666666 0.6666666666666666 0.021666666666666667 0.018333333333333333
5 0.7616666666666667 0.795 0.016666666666666666 0.035
5 0.4041666666666667 0.5933333333333334 0.013333333333333334 0.01
5 0.31916666666666665 0.4241666666666667 0.008333333333333333 0.008333333333333333
5 0.5583333333333333 0.9675 0.018333333333333333 0.021666666666666667
5 0.83 0.0575 0.016666666666666666 0.015
5 0.6091666666666666 0.2975 0.01 0.01
5 0.8458333333333333 0.98 0.011666666666666667 0.01
5 0.29583333333333334 0.475 0.01 0.01
5 0.6483333333333333 0.235 0.011666666666666667 0.011666666666666667
5 0.735 0.8775 0.01 0.01
