5 0.5183333333333333 0.18333333333333332 0.01 0.008333333333333333
5 0.0375 0.6683333333333333 0.008333333333333333 0.006666666666666667
5 0.4425 0.9741666666666666 0.013333333333333334 0.015
5 0.7433333333333333 0.6775 0.02 0.02
5 0.4791666666666667 0.0775 0.01 0.01
5 0.33916666666666667 0.10333333333333333 0.006666666666666667 0.006666666666666667
5 0.7966666666666666 0.8125 0.006666666666666667 0.006666666666666667
5 0.06916666666666667 0.8108333333333333 0.01 0.01
5 0.26916666666666667 0.11166666666666666 0.006666666666666667 0.006666666666666667
5 0.6791666666666667 0.8758333333333334 0.01 0.01
5 0.6516666666666666 0.10083333333333333 0.013333333333333334 0.013333333333333334
5 0.29833333333333334 0.975 0.01 0.01
5 0.45416666666666666 0.17666666666666667 0.015 0.013333333333333334
5 0.6133333333333333 0.30583333333333335 0.008333333333333333 0.008333333333333333
5 0.135 0.825 0.008333333333333333 0.008333333333333333
5 0.3225 0.8241666666666667 0.006666666666666667 0.006666666666666667
5 0.5641666666666667 0.7158333333333333 0.013333333333333334 0.011666666666666667
5 0.16083333333333333 0.6883333333333334 0.008333333333333333 0.008333333333333333
5 0.4508333333333333 0.9366666666666666 0.01 0.008333333333333333
