5 0.9866666666666667 0.6425 0.011666666666666667 0.013333333333333334
5 0.625 0.59 0.016666666666666666 0.015
5 0.9066666666666666 0.9858333333333333 0.018333333333333333 0.016666666666666666
5 0.3075 0.9616666666666667 0.01 0.01
5 0.9216666666666666 0.8158333333333333 0.011666666666666667 0.01
5 0.9825 0.69 0.015 0.013333333333333334
5 0.9158333333333334 0.47333333333333333 0.013333333333333334 0.011666666666666667
5 0.6975 0.4266666666666667 0.01 0.01
5 0.74 0.6825 0.016666666666666666 0.015
5 0.04 0.20083333333333334 0.015 0.018333333333333333
5 0.5158333333333334 0.23416666666666666 0.015 0.021666666666666667
5 0.9941666666666666 0.018333333333333333 0.006666666666666667 0.008333333333333333
5 0.5041666666666667 0.8258333333333333 0.01 0.01
5 0.10583333333333333 0.38 0.016666666666666666 0.015
5 0.7633333333333333 0.10333333333333333 0.01 0.011666666666666667
