4.0 0.2406833333333333 0.12704892966360853 0.06886666666666667 0.06492910758965804
4.0 0.6407583333333333 0.8926035585209897 0.07946666666666667 0.06909924937447873
5 0.9875 0.08416666666666667 0.015 0.013333333333333334
5 0.9733333333333334 0.5966666666666667 0.011666666666666667 0.011666666666666667
5 0.2833333333333333 0.5983333333333334 0.011666666666666667 0.011666666666666667
5 0.5408333333333334 0.9375 0.018333333333333333 0.016666666666666666
5 0.555 0.8066666666666666 0.006666666666666667 0.005
5 0.05 0.06833333333333333 0.021666666666666667 0.02
5 0.6725 0.43 0.011666666666666667 0.01
5 0.7933333333333333 0.6341666666666667 0.008333333333333333 0.008333333333333333
