5 0.985 0.32166666666666666 0.006666666666666667 0.006666666666666667
5 0.0725 0.4683333333333333 0.015 0.015
5 0.8175 0.22083333333333333 0.01 0.01
5 0.4191666666666667 0.48333333333333334 0.016666666666666666 0.015
5 0.47583333333333333 0.18833333333333332 0.016666666666666666 0.016666666666666666
5 0.04416666666666667 0.11166666666666666 0.01 0.01
5 0.8708333333333333 0.24416666666666667 0.018333333333333333 0.016666666666666666
5 0.06583333333333333 0.36333333333333334 0.011666666666666667 0.013333333333333334
5 0.05583333333333333 0.845 0.008333333333333333 0.008333333333333333
5 0.85 0.08833333333333333 0.01 0.011666666666666667
5 0.55 0.22583333333333333 0.008333333333333333 0.008333333333333333
5 0.04666666666666667 0.5166666666666667 0.008333333333333333 0.008333333333333333
5 0.14083333333333334 0.7608333333333334 0.013333333333333334 0.016666666666666666
6 0.48 0.7908333333333334 0.02666666666666667 0.07333333333333333
6 0.5258333333333334 0.87 0.03333333333333333 0.07833333333333334
6 0.10666666666666667 0.2633333333333333 0.043333333333333335 0.12833333333333333
