8.0 0.19905536529680368 0.5671956087824352 0.24017123287671233 0.4959965782720274
8.0 0.5004423515981735 0.6722597661819218 0.3224058219178082 0.2578699743370402
5 0.66 0.6358333333333334 0.008333333333333333 0.01
5 0.10916666666666666 0.965 0.01 0.01
5 0.7483333333333333 0.6833333333333333 0.013333333333333334 0.011666666666666667
5 0.47583333333333333 0.05416666666666667 0.01 0.008333333333333333
5 0.7241666666666666 0.7375 0.018333333333333333 0.021666666666666667
5 0.085 0.36083333333333334 0.011666666666666667 0.011666666666666667
0 0.6441666666666667 0.2841666666666667 0.01 0.011666666666666667
0 0.9083333333333333 0.17583333333333334 0.011666666666666667 0.011666666666666667
0 0.41083333333333333 0.4625 0.016666666666666666 0.03
0 0.08166666666666667 0.72 0.015 0.015
0 0.6058333333333333 0.30333333333333334 0.015 0.015
0 0.355 0.6525 0.011666666666666667 0.011666666666666667
0 0.27166666666666667 0.7691666666666667 0.018333333333333333 0.02
0 0.19 0.2833333333333333 0.02 0.02
0 0.45916666666666667 0.5808333333333333 0.011666666666666667 0.01
