5 0.7783333333333333 0.6791666666666667 0.016666666666666666 0.016666666666666666
5 0.7791666666666667 0.49833333333333335 0.008333333333333333 0.008333333333333333
5 0.8516666666666667 0.9533333333333334 0.016666666666666666 0.015
5 0.31583333333333335 0.6583333333333333 0.011666666666666667 0.011666666666666667
5 0.36333333333333334 0.12416666666666666 0.01 0.011666666666666667
5 0.95 0.4766666666666667 0.008333333333333333 0.008333333333333333
5 0.7683333333333333 0.44333333333333336 0.008333333333333333 0.01
5 0.8183333333333334 0.5566666666666666 0.008333333333333333 0.008333333333333333
5 0.295 0.38916666666666666 0.01 0.01
5 0.8458333333333333 0.5366666666666666 0.016666666666666666 0.016666666666666666
5 0.8041666666666667 0.13916666666666666 0.01 0.01
0 0.5491666666666667 0.10083333333333333 0.011666666666666667 0.01
0 0.8358333333333333 0.5141666666666667 0.025 0.02
0 0.08083333333333333 0.38166666666666665 0.023333333333333334 0.03166666666666667
0 0.6216666666666667 0.8758333333333334 0.018333333333333333 0.02666666666666667
