5 0.2875 0.2966666666666667 0.016666666666666666 0.015
5 0.51 0.925 0.01 0.01
5 0.6491666666666667 0.58 0.013333333333333334 0.013333333333333334
5 0.545 0.9641666666666666 0.02 0.02
5 0.435 0.6683333333333333 0.008333333333333333 0.008333333333333333
5 0.3858333333333333 0.5825 0.011666666666666667 0.01
0 0.065 0.5766666666666667 0.011666666666666667 0.013333333333333334
0 0.07916666666666666 0.32083333333333336 0.016666666666666666 0.023333333333333334
0 0.08333333333333333 0.885 0.011666666666666667 0.013333333333333334
0 0.2633333333333333 0.775 0.011666666666666667 0.011666666666666667
0 0.33916666666666667 0.6208333333333333 0.016666666666666666 0.015
0 0.14583333333333334 0.015833333333333335 0.015 0.013333333333333334
0 0.2375 0.43083333333333335 0.018333333333333333 0.02666666666666667
