5 0.7675 0.059166666666666666 0.006666666666666667 0.006666666666666667
5 0.08583333333333333 0.5183333333333333 0.01 0.01
5 0.3641666666666667 0.26666666666666666 0.008333333333333333 0.008333333333333333
5 0.18583333333333332 0.4583333333333333 0.011666666666666667 0.011666666666666667
5 0.7841666666666667 0.013333333333333334 0.01 0.01
5 0.7658333333333334 0.9733333333333334 0.008333333333333333 0.008333333333333333
5 0.5325 0.041666666666666664 0.008333333333333333 0.008333333333333333
5 0.4791666666666667 0.6466666666666666 0.013333333333333334 0.015
5 0.09333333333333334 0.9808333333333333 0.008333333333333333 0.006666666666666667
5 0.6325 0.25333333333333335 0.01 0.01
5 0.32166666666666666 0.44083333333333335 0.013333333333333334 0.016666666666666666
5 0.0125 0.13416666666666666 0.008333333333333333 0.01
5 0.8375 0.06916666666666667 0.006666666666666667 0.006666666666666667
