5 0.5216666666666666 0.4741666666666667 0.011666666666666667 0.011666666666666667
5 0.9475 0.69 0.006666666666666667 0.006666666666666667
5 0.19583333333333333 0.3516666666666667 0.008333333333333333 0.008333333333333333
5 0.5358333333333334 0.9691666666666666 0.01 0.01
5 0.61 0.4091666666666667 0.008333333333333333 0.008333333333333333
5 0.31166666666666665 0.08166666666666667 0.008333333333333333 0.008333333333333333
5 0.4483333333333333 0.9083333333333333 0.008333333333333333 0.006666666666666667
5 0.6091666666666666 0.4 0.008333333333333333 0.008333333333333333
5 0.675 0.0775 0.011666666666666667 0.011666666666666667
5 0.06833333333333333 0.9741666666666666 0.006666666666666667 0.006666666666666667
5 0.5225 0.07833333333333334 0.008333333333333333 0.008333333333333333
5 0.1075 0.17666666666666667 0.011666666666666667 0.011666666666666667
