5 0.6008333333333333 0.014166666666666666 0.013333333333333334 0.013333333333333334
5 0.48083333333333333 0.8383333333333334 0.008333333333333333 0.008333333333333333
5 0.0275 0.9008333333333334 0.01 0.008333333333333333
5 0.6291666666666667 0.07833333333333334 0.008333333333333333 0.008333333333333333
5 0.6658333333333334 0.31166666666666665 0.015 0.011666666666666667
5 0.3675 0.8991666666666667 0.016666666666666666 0.015
5 0.07833333333333334 0.635 0.01 0.01
5 0.019166666666666665 0.865 0.01 0.011666666666666667
0 0.2975 0.13 0.008333333333333333 0.011666666666666667
0 0.8116666666666666 0.025833333333333333 0.01 0.01
0 0.1475 0.8983333333333333 0.015 0.015
0 0.7108333333333333 0.1175 0.01 0.01
