5 0.12333333333333334 0.12333333333333334 0.015 0.013333333333333334
5 0.91 0.12916666666666668 0.01 0.011666666666666667
5 0.6233333333333333 0.51 0.01 0.01
5 0.495 0.6125 0.006666666666666667 0.006666666666666667
5 0.6308333333333334 0.3858333333333333 0.01 0.01
5 0.965 0.24333333333333335 0.013333333333333334 0.013333333333333334
5 0.49833333333333335 0.0975 0.013333333333333334 0.015
5 0.8758333333333334 0.91 0.005 0.005
5 0.6683333333333333 0.8616666666666667 0.013333333333333334 0.013333333333333334
5 0.4825 0.19166666666666668 0.005 0.005
5 0.3225 0.61 0.015 0.016666666666666666
5 0.345 0.2783333333333333 0.008333333333333333 0.008333333333333333
5 0.6366666666666667 0.095 0.011666666666666667 0.015
5 0.9575 0.205 0.008333333333333333 0.008333333333333333
5 0.22166666666666668 0.32166666666666666 0.008333333333333333 0.008333333333333333
5 0.075 0.6283333333333333 0.008333333333333333 0.008333333333333333
