5 0.23166666666666666 0.6775 0.011666666666666667 0.013333333333333334
5 0.20666666666666667 0.8516666666666667 0.008333333333333333 0.008333333333333333
5 0.2175 0.47333333333333333 0.013333333333333334 0.015
5 0.24166666666666667 0.8925 0.011666666666666667 0.011666666666666667
5 0.33 0.295 0.006666666666666667 0.008333333333333333
5 0.0175 0.1 0.008333333333333333 0.008333333333333333
5 0.7883333333333333 0.7708333333333334 0.013333333333333334 0.013333333333333334
5 0.595 0.7425 0.01 0.01
5 0.3175 0.43166666666666664 0.01 0.01
5 0.6891666666666667 0.6 0.015 0.018333333333333333
5 0.07416666666666667 0.9183333333333333 0.015 0.015
0 0.2808333333333333 0.9366666666666666 0.011666666666666667 0.01
0 0.36916666666666664 0.16083333333333333 0.018333333333333333 0.02666666666666667
