5 0.9933333333333333 0.3925 0.01 0.008333333333333333
5 0.8625 0.8283333333333334 0.018333333333333333 0.016666666666666666
5 0.2525 0.8808333333333334 0.01 0.01
5 0.14166666666666666 0.6533333333333333 0.01 0.008333333333333333
5 0.4608333333333333 0.9091666666666667 0.015 0.015
5 0.6666666666666666 0.8833333333333333 0.011666666666666667 0.011666666666666667
5 0.34 0.5533333333333333 0.015 0.016666666666666666
5 0.9483333333333334 0.8533333333333334 0.01 0.01
5 0.6533333333333333 0.23916666666666667 0.013333333333333334 0.013333333333333334
5 0.19166666666666668 0.32666666666666666 0.015 0.016666666666666666
5 0.6908333333333333 0.9091666666666667 0.016666666666666666 0.015
5 0.09833333333333333 0.405 0.016666666666666666 0.018333333333333333
5 0.6441666666666667 0.845 0.013333333333333334 0.013333333333333334
5 0.7816666666666666 0.7625 0.008333333333333333 0.01
5 0.24416666666666667 0.6441666666666667 0.015 0.016666666666666666
5 0.38666666666666666 0.07333333333333333 0.006666666666666667 0.006666666666666667
5 0.7333333333333333 0.25416666666666665 0.01 0.011666666666666667
5 0.0075 0.6066666666666667 0.008333333333333333 0.01
5 0.9558333333333333 0.11833333333333333 0.008333333333333333 0.008333333333333333
