5 0.5066666666666667 0.9558333333333333 0.011666666666666667 0.011666666666666667
5 0.13416666666666666 0.31583333333333335 0.006666666666666667 0.006666666666666667
5 0.33166666666666667 0.9516666666666667 0.008333333333333333 0.01
5 0.815 0.7033333333333334 0.013333333333333334 0.013333333333333334
5 0.42333333333333334 0.4141666666666667 0.01 0.008333333333333333
5 0.2775 0.9191666666666667 0.008333333333333333 0.008333333333333333
0 0.045 0.034166666666666665 0.015 0.016666666666666666
0 0.4375 0.8925 0.011666666666666667 0.01
0 0.4525 0.18833333333333332 0.01 0.013333333333333334
0 0.13583333333333333 0.4691666666666667 0.01 0.011666666666666667
0 0.32916666666666666 0.9641666666666666 0.013333333333333334 0.016666666666666666
0 0.035 0.5416666666666666 0.02666666666666667 0.025
0 0.735 0.445 0.023333333333333334 0.02666666666666667
