2.0 0.1453411053540587 0.052962402765773554 0.0516321243523316 0.0677009507346586
2.0 0.9152547495682211 0.2863245462402766 0.048575129533678756 0.1138029386343993
2.0 0.2827677029360967 0.8704472774416594 0.10196891191709845 0.057623163353500435
5 0.905 0.44 0.008333333333333333 0.01
5 0.6766666666666666 0.6708333333333333 0.02 0.021666666666666667
5 0.7791666666666667 0.4625 0.006666666666666667 0.008333333333333333
5 0.5066666666666667 0.41583333333333333 0.013333333333333334 0.015
5 0.7033333333333334 0.03 0.01 0.01
5 0.7041666666666667 0.78 0.013333333333333334 0.015
5 0.06 0.5366666666666666 0.01 0.01
5 0.7575 0.36916666666666664 0.015 0.013333333333333334
5 0.6591666666666667 0.9791666666666666 0.011666666666666667 0.011666666666666667
5 0.5941666666666666 0.5166666666666667 0.018333333333333333 0.016666666666666666
5 0.37333333333333335 0.31416666666666665 0.015 0.013333333333333334
5 0.49916666666666665 0.6591666666666667 0.013333333333333334 0.015
5 0.22666666666666666 0.12 0.01 0.01
5 0.785 0.16833333333333333 0.013333333333333334 0.013333333333333334
5 0.4975 0.9816666666666667 0.01 0.008333333333333333
