5 0.20916666666666667 0.3975 0.006666666666666667 0.005
5 0.6516666666666666 0.2275 0.016666666666666666 0.018333333333333333
5 0.20166666666666666 0.0525 0.008333333333333333 0.008333333333333333
5 0.31666666666666665 0.8375 0.013333333333333334 0.011666666666666667
5 0.17 0.65 0.006666666666666667 0.008333333333333333
5 0.8166666666666667 0.36833333333333335 0.015 0.015
5 0.7683333333333333 0.1375 0.011666666666666667 0.015
5 0.5433333333333333 0.2816666666666667 0.008333333333333333 0.008333333333333333
5 0.7616666666666667 0.4033333333333333 0.008333333333333333 0.008333333333333333
5 0.2025 0.3308333333333333 0.008333333333333333 0.008333333333333333
5 0.5516666666666666 0.515 0.013333333333333334 0.013333333333333334
5 0.22083333333333333 0.6875 0.01 0.011666666666666667
5 0.27416666666666667 0.0525 0.01 0.01
5 0.4716666666666667 0.135 0.016666666666666666 0.015
5 0.9475 0.08166666666666667 0.008333333333333333 0.008333333333333333
5 0.4533333333333333 0.37833333333333335 0.008333333333333333 0.008333333333333333
5 0.22166666666666668 0.7958333333333333 0.008333333333333333 0.008333333333333333
