5 0.3725 0.9125 0.011666666666666667 0.01
5 0.009166666666666667 0.7416666666666667 0.006666666666666667 0.008333333333333333
5 0.3641666666666667 0.17 0.016666666666666666 0.015
5 0.04833333333333333 0.4791666666666667 0.006666666666666667 0.008333333333333333
5 0.48 0.8558333333333333 0.011666666666666667 0.011666666666666667
5 0.1025 0.42583333333333334 0.013333333333333334 0.013333333333333334
5 0.7675 0.6883333333333334 0.01 0.011666666666666667
5 0.19 0.3075 0.018333333333333333 0.016666666666666666
5 0.36333333333333334 0.07916666666666666 0.015 0.013333333333333334
5 0.27 0.27 0.02 0.018333333333333333
5 0.3925 0.33916666666666667 0.01 0.011666666666666667
5 0.9383333333333334 0.6683333333333333 0.01 0.01
5 0.36333333333333334 0.20166666666666666 0.008333333333333333 0.008333333333333333
5 0.64 0.9558333333333333 0.015 0.015
5 0.155 0.9666666666666667 0.013333333333333334 0.015
5 0.4608333333333333 0.37916666666666665 0.011666666666666667 0.011666666666666667
