5 0.4925 0.5666666666666667 0.008333333333333333 0.008333333333333333
5 0.475 0.49083333333333334 0.013333333333333334 0.011666666666666667
5 0.23166666666666666 0.12 0.006666666666666667 0.008333333333333333
5 0.9191666666666667 0.6058333333333333 0.01 0.01
5 0.9866666666666667 0.8783333333333333 0.008333333333333333 0.008333333333333333
5 0.26166666666666666 0.17416666666666666 0.008333333333333333 0.008333333333333333
5 0.24083333333333334 0.005833333333333334 0.006666666666666667 0.008333333333333333
5 0.25833333333333336 0.09 0.013333333333333334 0.015
5 0.5791666666666667 0.7741666666666667 0.011666666666666667 0.01
5 0.7875 0.8566666666666667 0.021666666666666667 0.02
5 0.4125 0.4658333333333333 0.011666666666666667 0.01
5 0.915 0.91 0.01 0.01
5 0.6458333333333334 0.9625 0.011666666666666667 0.011666666666666667
5 0.6116666666666667 0.2775 0.015 0.016666666666666666
5 0.9533333333333334 0.5108333333333334 0.01 0.01
