5 0.5533333333333333 0.14916666666666667 0.011666666666666667 0.011666666666666667
5 0.905 0.9775 0.01 0.008333333333333333
5 0.0875 0.9575 0.015 0.016666666666666666
5 0.31 0.6016666666666667 0.013333333333333334 0.016666666666666666
5 0.32666666666666666 0.31916666666666665 0.008333333333333333 0.006666666666666667
5 0.085 0.37416666666666665 0.008333333333333333 0.008333333333333333
5 0.48083333333333333 0.23583333333333334 0.008333333333333333 0.008333333333333333
5 0.3 0.37666666666666665 0.013333333333333334 0.013333333333333334
5 0.5583333333333333 0.545 0.008333333333333333 0.008333333333333333
5 0.21416666666666667 0.3 0.02 0.018333333333333333
