5 0.25583333333333336 0.18083333333333335 0.008333333333333333 0.006666666666666667
5 0.009166666666666667 0.9608333333333333 0.011666666666666667 0.011666666666666667
5 0.6825 0.9675 0.006666666666666667 0.008333333333333333
5 0.15333333333333332 0.4608333333333333 0.01 0.011666666666666667
5 0.29583333333333334 0.9108333333333334 0.008333333333333333 0.008333333333333333
5 0.6108333333333333 0.1225 0.016666666666666666 0.015
5 0.5775 0.5716666666666667 0.01 0.008333333333333333
5 0.5816666666666667 0.6816666666666666 0.018333333333333333 0.016666666666666666
5 0.9633333333333334 0.8383333333333334 0.01 0.01
5 0.09083333333333334 0.5783333333333334 0.011666666666666667 0.01
5 0.425 0.22833333333333333 0.013333333333333334 0.013333333333333334
5 0.6875 0.43833333333333335 0.008333333333333333 0.008333333333333333
5 0.26416666666666666 0.6233333333333333 0.018333333333333333 0.016666666666666666
5 0.059166666666666666 0.25416666666666665 0.011666666666666667 0.01
5 0.5083333333333333 0.9583333333333334 0.013333333333333334 0.011666666666666667
5 0.865 0.8991666666666667 0.01 0.011666666666666667
5 0.3233333333333333 0.8116666666666666 0.016666666666666666 0.016666666666666666
5 0.9591666666666666 0.8975 0.011666666666666667 0.011666666666666667
0 0.7558333333333334 0.09 0.015 0.015
0 0.9725 0.23666666666666666 0.016666666666666666 0.016666666666666666
