5 0.7433333333333333 0.7691666666666667 0.016666666666666666 0.015
5 0.4041666666666667 0.43833333333333335 0.008333333333333333 0.008333333333333333
5 0.71 0.9733333333333334 0.006666666666666667 0.006666666666666667
5 0.7191666666666666 0.8916666666666667 0.008333333333333333 0.01
5 0.0075 0.66 0.01 0.01
5 0.43166666666666664 0.5333333333333333 0.006666666666666667 0.006666666666666667
5 0.5325 0.22916666666666666 0.006666666666666667 0.008333333333333333
5 0.3925 0.2525 0.008333333333333333 0.008333333333333333
0 0.1575 0.9116666666666666 0.016666666666666666 0.015
0 0.9758333333333333 0.935 0.028333333333333332 0.023333333333333334
0 0.8866666666666667 0.555 0.013333333333333334 0.015
0 0.9166666666666666 0.73 0.01 0.01
