5 0.08416666666666667 0.8983333333333333 0.01 0.01
5 0.050833333333333335 0.28833333333333333 0.008333333333333333 0.008333333333333333
5 0.4175 0.13416666666666666 0.008333333333333333 0.008333333333333333
5 0.7475 0.4041666666666667 0.018333333333333333 0.025
5 0.9 0.8575 0.008333333333333333 0.01
5 0.4608333333333333 0.7241666666666666 0.01 0.01
5 0.6233333333333333 0.2758333333333333 0.01 0.01
5 0.4508333333333333 0.5683333333333334 0.008333333333333333 0.008333333333333333
5 0.9108333333333334 0.024166666666666666 0.008333333333333333 0.008333333333333333
5 0.8775 0.535 0.006666666666666667 0.006666666666666667
5 0.18916666666666668 0.4475 0.013333333333333334 0.013333333333333334
5 0.14583333333333334 0.8158333333333333 0.011666666666666667 0.011666666666666667
5 0.17583333333333334 0.2675 0.015 0.016666666666666666
5 0.6066666666666667 0.060833333333333336 0.016666666666666666 0.015
5 0.3475 0.14583333333333334 0.015 0.021666666666666667
