7.0 0.55925 0.46303725326661105 0.15805833333333333 0.7297748123436196
5 0.96 0.73 0.016666666666666666 0.018333333333333333
5 0.48333333333333334 0.5408333333333334 0.013333333333333334 0.015
5 0.82 0.2275 0.013333333333333334 0.011666666666666667
5 0.2833333333333333 0.3641666666666667 0.008333333333333333 0.008333333333333333
5 0.049166666666666664 0.9166666666666666 0.008333333333333333 0.01
5 0.585 0.77 0.01 0.008333333333333333
5 0.4008333333333333 0.9641666666666666 0.008333333333333333 0.008333333333333333
5 0.9333333333333333 0.135 0.008333333333333333 0.008333333333333333
5 0.47333333333333333 0.41583333333333333 0.02 0.015
0 0.16333333333333333 0.5441666666666667 0.011666666666666667 0.011666666666666667
