2.0 0.10118279569892472 0.17473916292974592 0.15064516129032257 0.056798206278026904
2.0 0.8709498207885304 0.23527727952167418 0.10416666666666667 0.07623318385650224
2.0 0.2751523297491039 0.7427571001494768 0.06548387096774193 0.10762331838565023
5 0.5458333333333333 0.815 0.011666666666666667 0.011666666666666667
5 0.5408333333333334 0.85 0.016666666666666666 0.016666666666666666
5 0.9433333333333334 0.3308333333333333 0.016666666666666666 0.015
5 0.4683333333333333 0.9125 0.013333333333333334 0.015
5 0.1675 0.12916666666666668 0.008333333333333333 0.01
5 0.83 0.6008333333333333 0.015 0.011666666666666667
5 0.2325 0.2683333333333333 0.016666666666666666 0.015
5 0.4841666666666667 0.35083333333333333 0.018333333333333333 0.025
5 0.87 0.4766666666666667 0.016666666666666666 0.015
