5 0.02666666666666667 0.255 0.011666666666666667 0.015
5 0.015 0.7 0.01 0.01
5 0.6483333333333333 0.9158333333333334 0.013333333333333334 0.013333333333333334
5 0.6083333333333333 0.22666666666666666 0.02 0.016666666666666666
5 0.8408333333333333 0.02666666666666667 0.008333333333333333 0.008333333333333333
5 0.21166666666666667 0.8833333333333333 0.016666666666666666 0.015
5 0.37833333333333335 0.3458333333333333 0.008333333333333333 0.008333333333333333
5 0.2125 0.87 0.015 0.013333333333333334
5 0.6966666666666667 0.5391666666666667 0.01 0.01
5 0.7458333333333333 0.44666666666666666 0.015 0.016666666666666666
5 0.056666666666666664 0.9416666666666667 0.01 0.011666666666666667
5 0.8225 0.695 0.02 0.021666666666666667
5 0.7808333333333334 0.24166666666666667 0.008333333333333333 0.008333333333333333
5 0.6933333333333334 0.9816666666666667 0.01 0.01
5 0.065 0.09333333333333334 0.013333333333333334 0.01
5 0.13666666666666666 0.2683333333333333 0.01 0.011666666666666667
5 0.4866666666666667 0.5541666666666667 0.008333333333333333 0.008333333333333333
