8.0 0.30994509313316654 0.519576923076923 0.25005004170141787 0.7171880341880342
5 0.7808333333333334 0.7466666666666667 0.018333333333333333 0.016666666666666666
5 0.8791666666666667 0.2925 0.01 0.011666666666666667
5 0.9933333333333333 0.6908333333333333 0.006666666666666667 0.008333333333333333
5 0.22583333333333333 0.6216666666666667 0.013333333333333334 0.011666666666666667
5 0.5941666666666666 0.8991666666666667 0.011666666666666667 0.01
5 0.31166666666666665 0.9741666666666666 0.01 0.011666666666666667
5 0.3516666666666667 0.7 0.015 0.018333333333333333
0 0.5091666666666667 0.6891666666666667 0.02 0.02
0 0.5616666666666666 0.4008333333333333 0.02666666666666667 0.025
0 0.6766666666666666 0.5516666666666666 0.01 0.013333333333333334
0 0.9616666666666667 0.10833333333333334 0.018333333333333333 0.02
0 0.19916666666666666 0.7141666666666666 0.01 0.011666666666666667
0 0.2175 0.815 0.03166666666666667 0.02666666666666667
0 0.5525 0.49916666666666665 0.02 0.018333333333333333
0 0.43583333333333335 0.8983333333333333 0.016666666666666666 0.016666666666666666
