5 0.2916666666666667 0.18 0.01 0.01
5 0.245 0.7166666666666667 0.015 0.013333333333333334
5 0.085 0.5716666666666667 0.008333333333333333 0.008333333333333333
5 0.3375 0.1875 0.008333333333333333 0.008333333333333333
5 0.8416666666666667 0.115 0.011666666666666667 0.008333333333333333
5 0.7391666666666666 0.5291666666666667 0.011666666666666667 0.011666666666666667
5 0.6816666666666666 0.9416666666666667 0.015 0.016666666666666666
5 0.6858333333333333 0.9258333333333333 0.008333333333333333 0.008333333333333333
5 0.8383333333333334 0.2916666666666667 0.015 0.015
5 0.41 0.2425 0.01 0.008333333333333333
5 0.7625 0.295 0.008333333333333333 0.008333333333333333
5 0.9433333333333334 0.11083333333333334 0.016666666666666666 0.015
5 0.8783333333333333 0.22666666666666666 0.008333333333333333 0.008333333333333333
