5 0.8558333333333333 0.4041666666666667 0.008333333333333333 0.008333333333333333
5 0.4325 0.2425 0.013333333333333334 0.013333333333333334
5 0.5783333333333334 0.455 0.016666666666666666 0.02
5 0.9716666666666667 0.041666666666666664 0.016666666666666666 0.02
5 0.5283333333333333 0.16666666666666666 0.01 0.008333333333333333
5 0.023333333333333334 0.9866666666666667 0.01 0.008333333333333333
5 0.3775 0.6566666666666666 0.013333333333333334 0.011666666666666667
5 0.0525 0.88 0.01 0.011666666666666667
5 0.5683333333333334 0.7766666666666666 0.008333333333333333 0.008333333333333333
5 0.11333333333333333 0.7275 0.015 0.016666666666666666
