5 0.6066666666666667 0.23916666666666667 0.01 0.01
5 0.01 0.9491666666666667 0.011666666666666667 0.011666666666666667
5 0.7641666666666667 0.3275 0.01 0.01
5 0.9633333333333334 0.5541666666666667 0.015 0.013333333333333334
5 0.5716666666666667 0.2 0.013333333333333334 0.015
5 0.71 0.005 0.01 0.01
5 0.5875 0.105 0.016666666666666666 0.018333333333333333
5 0.10333333333333333 0.9641666666666666 0.013333333333333334 0.013333333333333334
5 0.49916666666666665 0.2125 0.015 0.015
5 0.5083333333333333 0.12333333333333334 0.01 0.008333333333333333
5 0.7333333333333333 0.08666666666666667 0.015 0.016666666666666666
5 0.8566666666666667 0.16083333333333333 0.008333333333333333 0.008333333333333333
5 0.4041666666666667 0.8208333333333333 0.015 0.013333333333333334
0 0.4975 0.7941666666666667 0.016666666666666666 0.015
0 0.3475 0.14333333333333334 0.008333333333333333 0.01
0 0.3541666666666667 0.7225 0.011666666666666667 0.013333333333333334
