2.0 0.47856666666666664 0.2452154573255491 0.065025 0.0750625521267723
2.0 0.2383166666666667 0.7643981095357243 0.06508333333333333 0.06811509591326105
2.0 0.9632333333333334 0.8526633305532387 0.06491666666666668 0.06672226855713094
5.0 0.7293833333333334 0.6132137892688352 0.012208333333333333 0.01354462051709758
5.0 0.7943666666666667 0.3452154573255491 0.015041666666666667 0.015045871559633026
5 0.365 0.7808333333333334 0.008333333333333333 0.008333333333333333
5 0.6433333333333333 0.4325 0.011666666666666667 0.01
5 0.3425 0.9433333333333334 0.016666666666666666 0.015
5 0.5116666666666667 0.4866666666666667 0.013333333333333334 0.011666666666666667
5 0.07166666666666667 0.8991666666666667 0.013333333333333334 0.013333333333333334
5 0.3425 0.12583333333333332 0.006666666666666667 0.006666666666666667
5 0.20416666666666666 0.9475 0.008333333333333333 0.008333333333333333
5 0.315 0.3416666666666667 0.008333333333333333 0.008333333333333333
5 0.3925 0.018333333333333333 0.018333333333333333 0.021666666666666667
5 0.4241666666666667 0.05 0.011666666666666667 0.011666666666666667
5 0.32083333333333336 0.02 0.02 0.016666666666666666
