5 0.9633333333333334 0.785 0.008333333333333333 0.008333333333333333
5 0.5016666666666667 0.43916666666666665 0.008333333333333333 0.008333333333333333
5 0.13083333333333333 0.61 0.008333333333333333 0.008333333333333333
5 0.1425 0.1225 0.008333333333333333 0.008333333333333333
5 0.6908333333333333 0.7775 0.015 0.021666666666666667
5 0.6475 0.11 0.011666666666666667 0.011666666666666667
5 0.9091666666666667 0.35833333333333334 0.016666666666666666 0.016666666666666666
5 0.8491666666666666 0.655 0.013333333333333334 0.011666666666666667
5 0.6366666666666667 0.4033333333333333 0.015 0.013333333333333334
5 0.5391666666666667 0.7458333333333333 0.013333333333333334 0.016666666666666666
5 0.9825 0.49666666666666665 0.01 0.01
5 0.5575 0.5775 0.013333333333333334 0.011666666666666667
5 0.03666666666666667 0.985 0.01 0.016666666666666666
5 0.10833333333333334 0.87 0.008333333333333333 0.008333333333333333
5 0.3775 0.93 0.015 0.016666666666666666
5 0.7875 0.19833333333333333 0.006666666666666667 0.008333333333333333
5 0.2525 0.5541666666666667 0.013333333333333334 0.013333333333333334
