5 0.195 0.8058333333333333 0.006666666666666667 0.008333333333333333
5 0.8791666666666667 0.7333333333333333 0.011666666666666667 0.013333333333333334
5 0.05583333333333333 0.10583333333333333 0.008333333333333333 0.008333333333333333
5 0.2991666666666667 0.48083333333333333 0.015 0.015
5 0.6916666666666667 0.8616666666666667 0.011666666666666667 0.011666666666666667
5 0.78 0.3641666666666667 0.013333333333333334 0.013333333333333334
5 0.3408333333333333 0.0775 0.006666666666666667 0.008333333333333333
5 0.3358333333333333 0.41 0.011666666666666667 0.011666666666666667
0 0.06166666666666667 0.845 0.011666666666666667 0.015
0 0.4816666666666667 0.6266666666666667 0.023333333333333334 0.02
0 0.8141666666666667 0.058333333333333334 0.021666666666666667 0.021666666666666667
0 0.7191666666666666 0.0675 0.008333333333333333 0.008333333333333333
0 0.07916666666666666 0.22083333333333333 0.013333333333333334 0.016666666666666666
0 0.07 0.5266666666666666 0.011666666666666667 0.015
