5 0.9508333333333333 0.6425 0.016666666666666666 0.018333333333333333
5 0.5908333333333333 0.8591666666666666 0.015 0.013333333333333334
5 0.8808333333333334 0.135 0.008333333333333333 0.008333333333333333
5 0.30916666666666665 0.9266666666666666 0.011666666666666667 0.01
5 0.6375 0.4841666666666667 0.008333333333333333 0.008333333333333333
5 0.045 0.24583333333333332 0.01 0.01
5 0.355 0.7958333333333333 0.011666666666666667 0.01
5 0.4608333333333333 0.26666666666666666 0.02 0.015
5 0.16666666666666666 0.3675 0.008333333333333333 0.008333333333333333
5 0.9708333333333333 0.3383333333333333 0.01 0.008333333333333333
5 0.9225 0.35 0.008333333333333333 0.008333333333333333
5 0.38333333333333336 0.31666666666666665 0.013333333333333334 0.015
5 0.7116666666666667 0.13666666666666666 0.008333333333333333 0.008333333333333333
5 0.8658333333333333 0.38166666666666665 0.015 0.013333333333333334
5 0.7016666666666667 0.4575 0.013333333333333334 0.013333333333333334
0 0.8108333333333333 0.3333333333333333 0.016666666666666666 0.015
0 0.9158333333333334 0.9241666666666667 0.02 0.028333333333333332
0 0.4766666666666667 0.46 0.011666666666666667 0.013333333333333334
0 0.7891666666666667 0.7733333333333333 0.018333333333333333 0.016666666666666666
0 0.27666666666666667 0.8275 0.025 0.02
0 0.7566666666666667 0.42 0.02666666666666667 0.03333333333333333
0 0.11666666666666667 0.8241666666666667 0.015 0.015
0 0.050833333333333335 0.20083333333333334 0.028333333333333332 0.03166666666666667
3 0.8308333333333333 0.8775 0.11666666666666667 0.175
