5 0.8625 0.06333333333333334 0.018333333333333333 0.016666666666666666
5 0.4975 0.38416666666666666 0.011666666666666667 0.01
5 0.38083333333333336 0.13083333333333333 0.008333333333333333 0.008333333333333333
5 0.13416666666666666 0.5783333333333334 0.01 0.008333333333333333
5 0.06166666666666667 0.5191666666666667 0.008333333333333333 0.008333333333333333
5 0.5916666666666667 0.8666666666666667 0.013333333333333334 0.011666666666666667
5 0.016666666666666666 0.73 0.008333333333333333 0.01
5 0.32166666666666666 0.6716666666666666 0.015 0.013333333333333334
5 0.7166666666666667 0.7583333333333333 0.008333333333333333 0.01
5 0.5383333333333333 0.2675 0.008333333333333333 0.01
