5 0.3175 0.5891666666666666 0.008333333333333333 0.008333333333333333
5 0.7025 0.7208333333333333 0.011666666666666667 0.01
5 0.20583333333333334 0.4225 0.01 0.01
5 0.8616666666666667 0.9658333333333333 0.015 0.015
5 0.815 0.115 0.01 0.01
5 0.5683333333333334 0.6866666666666666 0.018333333333333333 0.016666666666666666
5 0.9308333333333333 0.6183333333333333 0.008333333333333333 0.006666666666666667
5 0.6683333333333333 0.4583333333333333 0.01 0.01
5 0.04666666666666667 0.205 0.015 0.015
5 0.22583333333333333 0.5991666666666666 0.021666666666666667 0.02
5 0.12833333333333333 0.3275 0.011666666666666667 0.01
5 0.8633333333333333 0.8325 0.013333333333333334 0.01
5 0.77 0.8516666666666667 0.013333333333333334 0.015
5 0.2758333333333333 0.07166666666666667 0.008333333333333333 0.01
5 0.13416666666666666 0.7883333333333333 0.008333333333333333 0.006666666666666667
