5.0 0.5034583333333333 0.793675 0.016050000000000002 0.015341666666666667
1.0 0.9514833333333333 0.8661666666666668 0.03826666666666667 0.038
1.0 0.1098166666666667 0.12746666666666667 0.044675 0.045625
5.0 0.169775 0.168125 0.015075 0.0158
5 0.37916666666666665 0.695 0.015 0.013333333333333334
5 0.9583333333333334 0.8766666666666667 0.008333333333333333 0.006666666666666667
5 0.018333333333333333 0.40166666666666667 0.008333333333333333 0.008333333333333333
5 0.21333333333333335 0.4083333333333333 0.006666666666666667 0.006666666666666667
5 0.7475 0.4791666666666667 0.013333333333333334 0.011666666666666667
5 0.9116666666666666 0.4058333333333333 0.006666666666666667 0.006666666666666667
5 0.5525 0.8758333333333334 0.011666666666666667 0.011666666666666667
5 0.3233333333333333 0.2475 0.013333333333333334 0.013333333333333334
5 0.6683333333333333 0.5983333333333334 0.013333333333333334 0.016666666666666666
5 0.41 0.9425 0.018333333333333333 0.016666666666666666
5 0.18833333333333332 0.595 0.008333333333333333 0.008333333333333333
5 0.495 0.29083333333333333 0.013333333333333334 0.013333333333333334
5 0.23 0.019166666666666665 0.006666666666666667 0.005
5 0.31333333333333335 0.4891666666666667 0.006666666666666667 0.006666666666666667
5 0.1675 0.2991666666666667 0.008333333333333333 0.008333333333333333
5 0.03166666666666667 0.7025 0.01 0.01
5 0.17166666666666666 0.5558333333333333 0.008333333333333333 0.008333333333333333
5 0.9908333333333333 0.18166666666666667 0.006666666666666667 0.006666666666666667
5 0.44166666666666665 0.9783333333333334 0.011666666666666667 0.01
