5 0.7033333333333334 0.19166666666666668 0.016666666666666666 0.016666666666666666
5 0.12333333333333334 0.8375 0.015 0.016666666666666666
5 0.7566666666666667 0.3125 0.016666666666666666 0.018333333333333333
5 0.12666666666666668 0.7058333333333333 0.01 0.011666666666666667
5 0.6066666666666667 0.45166666666666666 0.008333333333333333 0.006666666666666667
5 0.5875 0.9425 0.018333333333333333 0.021666666666666667
0 0.7816666666666666 0.44083333333333335 0.01 0.011666666666666667
0 0.44166666666666665 0.08 0.01 0.01
0 0.1475 0.04 0.023333333333333334 0.025
0 0.2841666666666667 0.8733333333333333 0.021666666666666667 0.02
0 0.17916666666666667 0.295 0.02 0.03
0 0.08083333333333333 0.7741666666666667 0.013333333333333334 0.008333333333333333
0 0.595 0.18416666666666667 0.011666666666666667 0.013333333333333334
6 0.2816666666666667 0.44416666666666665 0.051666666666666666 0.17833333333333334
6 0.9466666666666667 0.10166666666666667 0.02666666666666667 0.05333333333333334
