5 0.4775 0.37583333333333335 0.013333333333333334 0.025
5 0.5925 0.8466666666666667 0.008333333333333333 0.008333333333333333
5 0.9908333333333333 0.4066666666666667 0.008333333333333333 0.008333333333333333
5 0.8808333333333334 0.18833333333333332 0.02 0.018333333333333333
5 0.17 0.8383333333333334 0.006666666666666667 0.006666666666666667
5 0.0325 0.2125 0.01 0.011666666666666667
5 0.18333333333333332 0.0275 0.008333333333333333 0.006666666666666667
5 0.195 0.2683333333333333 0.0033333333333333335 0.005
5 0.39 0.4475 0.005 0.005
5 0.09833333333333333 0.5016666666666667 0.006666666666666667 0.005
5 0.9483333333333334 0.21333333333333335 0.013333333333333334 0.011666666666666667
5 0.5791666666666667 0.7458333333333333 0.01 0.011666666666666667
