5 0.08666666666666667 0.49416666666666664 0.01 0.011666666666666667
5 0.46166666666666667 0.7741666666666667 0.016666666666666666 0.016666666666666666
5 0.18583333333333332 0.2733333333333333 0.015 0.013333333333333334
5 0.6808333333333333 0.4683333333333333 0.011666666666666667 0.011666666666666667
5 0.6266666666666667 0.5283333333333333 0.01 0.01
5 0.8541666666666666 0.2791666666666667 0.008333333333333333 0.006666666666666667
5 0.4875 0.6025 0.006666666666666667 0.008333333333333333
5 0.22166666666666668 0.8216666666666667 0.015 0.015
5 0.015 0.09333333333333334 0.008333333333333333 0.008333333333333333
5 0.6958333333333333 0.445 0.008333333333333333 0.01
5 0.17666666666666667 0.7833333333333333 0.013333333333333334 0.013333333333333334
5 0.8558333333333333 0.63 0.008333333333333333 0.008333333333333333
5 0.5683333333333334 0.3575 0.008333333333333333 0.008333333333333333
5 0.3283333333333333 0.38666666666666666 0.008333333333333333 0.008333333333333333
5 0.7483333333333333 0.135 0.011666666666666667 0.011666666666666667
5 0.49416666666666664 0.5875 0.015 0.013333333333333334
5 0.6583333333333333 0.9741666666666666 0.011666666666666667 0.013333333333333334
0 0.15666666666666668 0.23833333333333334 0.03833333333333333 0.04
0 0.2633333333333333 0.8366666666666667 0.023333333333333334 0.023333333333333334
0 0.39166666666666666 0.15666666666666668 0.023333333333333334 0.023333333333333334
0 0.9466666666666667 0.0475 0.023333333333333334 0.018333333333333333
0 0.9033333333333333 0.7225 0.023333333333333334 0.018333333333333333
0 0.6591666666666667 0.08833333333333333 0.02 0.02
0 0.5625 0.5891666666666666 0.013333333333333334 0.015
0 0.14916666666666667 0.21833333333333332 0.01 0.013333333333333334
