5 0.9841666666666666 0.2791666666666667 0.016666666666666666 0.016666666666666666
5 0.8858333333333334 0.7116666666666667 0.008333333333333333 0.01
5 0.9733333333333334 0.07583333333333334 0.006666666666666667 0.006666666666666667
5 0.035 0.5541666666666667 0.013333333333333334 0.011666666666666667
5 0.49416666666666664 0.9883333333333333 0.01 0.01
5 0.020833333333333332 0.9391666666666667 0.008333333333333333 0.008333333333333333
5 0.47833333333333333 0.5108333333333334 0.011666666666666667 0.011666666666666667
5 0.86 0.4083333333333333 0.008333333333333333 0.01
5 0.7825 0.07333333333333333 0.018333333333333333 0.021666666666666667
5 0.4266666666666667 0.8358333333333333 0.008333333333333333 0.008333333333333333
5 0.07583333333333334 0.9541666666666667 0.01 0.008333333333333333
5 0.34833333333333333 0.3258333333333333 0.008333333333333333 0.008333333333333333
5 0.85 0.034166666666666665 0.01 0.01
5 0.925 0.79 0.006666666666666667 0.006666666666666667
5 0.6733333333333333 0.3416666666666667 0.006666666666666667 0.006666666666666667
5 0.018333333333333333 0.08416666666666667 0.016666666666666666 0.015
5 0.4975 0.9691666666666666 0.015 0.013333333333333334
5 0.5208333333333334 0.32166666666666666 0.008333333333333333 0.008333333333333333
