5 0.825 0.475 0.011666666666666667 0.01
5 0.2891666666666667 0.3566666666666667 0.008333333333333333 0.008333333333333333
5 0.44416666666666665 0.5016666666666667 0.008333333333333333 0.008333333333333333
5 0.6908333333333333 0.3225 0.013333333333333334 0.013333333333333334
5 0.4241666666666667 0.6016666666666667 0.021666666666666667 0.02
5 0.27416666666666667 0.08 0.011666666666666667 0.011666666666666667
5 0.6925 0.2733333333333333 0.016666666666666666 0.015
5 0.5475 0.7408333333333333 0.008333333333333333 0.008333333333333333
5 0.18416666666666667 0.6641666666666667 0.008333333333333333 0.008333333333333333
5 0.48583333333333334 0.5716666666666667 0.015 0.016666666666666666
5 0.4825 0.9675 0.023333333333333334 0.02
5 0.0575 0.045 0.011666666666666667 0.011666666666666667
5 0.19416666666666665 0.9058333333333334 0.016666666666666666 0.018333333333333333
5 0.6283333333333333 0.23666666666666666 0.013333333333333334 0.013333333333333334
5 0.1675 0.365 0.011666666666666667 0.011666666666666667
5 0.19916666666666666 0.5916666666666667 0.006666666666666667 0.006666666666666667
5 0.5208333333333334 0.5783333333333334 0.008333333333333333 0.008333333333333333
0 0.0225 0.3933333333333333 0.013333333333333334 0.011666666666666667
0 0.7425 0.37666666666666665 0.015 0.013333333333333334
