1.0 0.17125833333333332 0.38702500000000006 0.026583333333333334 0.028358333333333333
1.0 0.171675 0.8186916666666667 0.03575833333333333 0.0392
1.0 0.8184666666666667 0.22020000000000006 0.03476666666666667 0.03836666666666667
5.0 0.71865 0.21995833333333337 0.007425 0.005908333333333333
5 0.5658333333333333 0.0575 0.006666666666666667 0.008333333333333333
5 0.69 0.024166666666666666 0.013333333333333334 0.013333333333333334
5 0.12083333333333333 0.7008333333333333 0.011666666666666667 0.011666666666666667
5 0.35333333333333333 0.15916666666666668 0.02 0.02
5 0.8941666666666667 0.23416666666666666 0.015 0.015
5 0.22166666666666668 0.041666666666666664 0.008333333333333333 0.008333333333333333
5 0.4425 0.6191666666666666 0.008333333333333333 0.006666666666666667
5 0.30833333333333335 0.17833333333333334 0.008333333333333333 0.008333333333333333
5 0.7433333333333333 0.7 0.011666666666666667 0.01
5 0.375 0.8333333333333334 0.016666666666666666 0.018333333333333333
