5 0.04583333333333333 0.19583333333333333 0.016666666666666666 0.015
5 0.06 0.8558333333333333 0.015 0.016666666666666666
5 0.043333333333333335 0.75 0.016666666666666666 0.02
5 0.058333333333333334 0.24666666666666667 0.011666666666666667 0.011666666666666667
5 0.565 0.25166666666666665 0.008333333333333333 0.006666666666666667
5 0.34 0.9566666666666667 0.011666666666666667 0.01
5 0.04083333333333333 0.47333333333333333 0.008333333333333333 0.008333333333333333
5 0.7483333333333333 0.36666666666666664 0.016666666666666666 0.018333333333333333
5 0.7608333333333334 0.6333333333333333 0.02 0.015
5 0.655 0.825 0.011666666666666667 0.011666666666666667
5 0.15083333333333335 0.11666666666666667 0.01 0.01
5 0.023333333333333334 0.7283333333333334 0.011666666666666667 0.01
5 0.014166666666666666 0.13 0.013333333333333334 0.016666666666666666
5 0.265 0.26916666666666667 0.016666666666666666 0.035
5 0.14916666666666667 0.7183333333333334 0.013333333333333334 0.011666666666666667
5 0.8175 0.2525 0.01 0.011666666666666667
5 0.45 0.12916666666666668 0.023333333333333334 0.021666666666666667
