5 0.1875 0.6608333333333334 0.011666666666666667 0.011666666666666667
5 0.485 0.028333333333333332 0.013333333333333334 0.013333333333333334
5 0.006666666666666667 0.9633333333333334 0.013333333333333334 0.016666666666666666
5 0.035833333333333335 0.22833333333333333 0.011666666666666667 0.011666666666666667
5 0.13833333333333334 0.015 0.013333333333333334 0.01
5 0.28833333333333333 0.7508333333333334 0.016666666666666666 0.015
5 0.9933333333333333 0.6208333333333333 0.008333333333333333 0.008333333333333333
5 0.5091666666666667 0.6958333333333333 0.016666666666666666 0.015
5 0.06 0.7708333333333334 0.005 0.005
5 0.43 0.22416666666666665 0.011666666666666667 0.011666666666666667
0 0.014166666666666666 0.7575 0.025 0.028333333333333332
0 0.2758333333333333 0.9008333333333334 0.015 0.016666666666666666
