5 0.5283333333333333 0.5716666666666667 0.016666666666666666 0.018333333333333333
5 0.4533333333333333 0.9391666666666667 0.015 0.013333333333333334
5 0.8266666666666667 0.8041666666666667 0.008333333333333333 0.008333333333333333
5 0.6308333333333334 0.0725 0.013333333333333334 0.016666666666666666
5 0.9425 0.9091666666666667 0.006666666666666667 0.008333333333333333
5 0.08416666666666667 0.9758333333333333 0.008333333333333333 0.008333333333333333
0 0.46416666666666667 0.9875 0.018333333333333333 0.02
0 0.08166666666666667 0.011666666666666667 0.016666666666666666 0.015
0 0.935 0.6258333333333334 0.011666666666666667 0.01
0 0.8466666666666667 0.17916666666666667 0.015 0.015
0 0.115 0.39666666666666667 0.01 0.013333333333333334
0 0.7425 0.20333333333333334 0.008333333333333333 0.008333333333333333
0 0.7433333333333333 0.9608333333333333 0.015 0.021666666666666667
