5 0.8866666666666667 0.135 0.006666666666666667 0.008333333333333333
5 0.7025 0.2325 0.006666666666666667 0.006666666666666667
5 0.6733333333333333 0.5341666666666667 0.01 0.011666666666666667
5 0.6908333333333333 0.17833333333333334 0.023333333333333334 0.02
5 0.2841666666666667 0.9441666666666667 0.008333333333333333 0.008333333333333333
5 0.4683333333333333 0.2683333333333333 0.011666666666666667 0.011666666666666667
5 0.545 0.525 0.01 0.008333333333333333
5 0.17583333333333334 0.5575 0.008333333333333333 0.008333333333333333
0 0.6308333333333334 0.5725 0.016666666666666666 0.015
0 0.8808333333333334 0.29833333333333334 0.015 0.011666666666666667
0 0.525 0.19666666666666666 0.016666666666666666 0.023333333333333334
0 0.4008333333333333 0.645 0.016666666666666666 0.015
0 0.17083333333333334 0.29583333333333334 0.016666666666666666 0.011666666666666667
0 0.8733333333333333 0.39666666666666667 0.013333333333333334 0.011666666666666667
0 0.8416666666666667 0.3933333333333333 0.02 0.018333333333333333
0 0.2575 0.935 0.011666666666666667 0.015
