5 0.13333333333333333 0.7866666666666666 0.006666666666666667 0.008333333333333333
5 0.6366666666666667 0.3225 0.008333333333333333 0.008333333333333333
5 0.4275 0.7958333333333333 0.01 0.008333333333333333
5 0.235 0.065 0.016666666666666666 0.015
5 0.8566666666666667 0.9708333333333333 0.006666666666666667 0.006666666666666667
5 0.9 0.5841666666666666 0.006666666666666667 0.005
5 0.175 0.46416666666666667 0.008333333333333333 0.008333333333333333
5 0.6866666666666666 0.36333333333333334 0.016666666666666666 0.035
5 0.34833333333333333 0.07666666666666666 0.006666666666666667 0.006666666666666667
5 0.6933333333333334 0.11666666666666667 0.013333333333333334 0.013333333333333334
5 0.7758333333333334 0.6408333333333334 0.006666666666666667 0.006666666666666667
5 0.37583333333333335 0.42833333333333334 0.006666666666666667 0.006666666666666667
5 0.6558333333333334 0.43666666666666665 0.015 0.013333333333333334
5 0.3466666666666667 0.5675 0.008333333333333333 0.008333333333333333
5 0.2775 0.28 0.008333333333333333 0.008333333333333333
5 0.89 0.31166666666666665 0.015 0.013333333333333334
5 0.7616666666666667 0.745 0.006666666666666667 0.006666666666666667
5 0.9191666666666667 0.5316666666666666 0.013333333333333334 0.013333333333333334
3 0.9741666666666666 0.41333333333333333 0.050833333333333335 0.041666666666666664
