2.0 0.474125 0.27549624687239366 0.06225 0.07228523769808173
2.0 0.2283166666666667 0.8002418682235196 0.06508333333333333 0.07089241034195162
2.0 0.954625 0.8815596330275229 0.07602500000000001 0.0750625521267723
5 0.5616666666666666 0.16916666666666666 0.01 0.011666666666666667
0 0.21416666666666667 0.5983333333333334 0.02 0.013333333333333334
0 0.1875 0.3433333333333333 0.023333333333333334 0.018333333333333333
0 0.4033333333333333 0.4791666666666667 0.021666666666666667 0.028333333333333332
0 0.5175 0.3566666666666667 0.03666666666666667 0.03833333333333333
0 0.7908333333333334 0.29083333333333333 0.016666666666666666 0.015
0 0.4825 0.46416666666666667 0.011666666666666667 0.015
0 0.44166666666666665 0.6875 0.016666666666666666 0.016666666666666666
0 0.275 0.4816666666666667 0.023333333333333334 0.02
0 0.27416666666666667 0.6441666666666667 0.015 0.015
