2.0 0.1643 0.08564289685849322 0.07759166666666667 0.06949958298582151
2.0 0.20804166666666665 0.8084619127050321 0.078975 0.06672226855713094
2.0 0.6197999999999999 0.5255928551570754 0.0386 0.045871559633027525
0 0.7708333333333334 0.7458333333333333 0.016666666666666666 0.015
0 0.3858333333333333 0.9108333333333334 0.016666666666666666 0.015
0 0.5333333333333333 0.8633333333333333 0.018333333333333333 0.021666666666666667
0 0.5675 0.0825 0.023333333333333334 0.02666666666666667
0 0.011666666666666667 0.7083333333333334 0.013333333333333334 0.018333333333333333
0 0.7625 0.8783333333333333 0.01 0.01
0 0.22416666666666665 0.9225 0.015 0.015
