5 0.6975 0.36916666666666664 0.008333333333333333 0.006666666666666667
5 0.64 0.0625 0.01 0.01
5 0.9191666666666667 0.5466666666666666 0.008333333333333333 0.01
5 0.12 0.9108333333333334 0.01 0.008333333333333333
5 0.5083333333333333 0.555 0.008333333333333333 0.008333333333333333
5 0.9441666666666667 0.13166666666666665 0.01 0.01
5 0.17166666666666666 0.8291666666666667 0.008333333333333333 0.008333333333333333
5 0.3775 0.6841666666666667 0.008333333333333333 0.008333333333333333
5 0.7841666666666667 0.8066666666666666 0.015 0.018333333333333333
5 0.43333333333333335 0.35833333333333334 0.016666666666666666 0.018333333333333333
5 0.0425 0.31333333333333335 0.015 0.018333333333333333
5 0.4008333333333333 0.30833333333333335 0.01 0.008333333333333333
5 0.3933333333333333 0.43 0.006666666666666667 0.006666666666666667
