5 0.010833333333333334 0.10083333333333333 0.01 0.011666666666666667
5 0.5233333333333333 0.4508333333333333 0.008333333333333333 0.008333333333333333
5 0.24583333333333332 0.0725 0.01 0.011666666666666667
5 0.7341666666666666 0.17833333333333334 0.008333333333333333 0.008333333333333333
5 0.12916666666666668 0.06416666666666666 0.015 0.016666666666666666
5 0.07333333333333333 0.4325 0.011666666666666667 0.013333333333333334
5 0.405 0.6075 0.008333333333333333 0.01
5 0.3325 0.7383333333333333 0.006666666666666667 0.008333333333333333
5 0.3591666666666667 0.1125 0.011666666666666667 0.01
0 0.725 0.3908333333333333 0.011666666666666667 0.01
0 0.8066666666666666 0.37833333333333335 0.028333333333333332 0.025
0 0.8983333333333333 0.34833333333333333 0.011666666666666667 0.013333333333333334
0 0.2683333333333333 0.8666666666666667 0.03 0.02
0 0.49 0.4725 0.023333333333333334 0.018333333333333333
0 0.3075 0.7916666666666666 0.021666666666666667 0.025
0 0.44916666666666666 0.39166666666666666 0.023333333333333334 0.018333333333333333
0 0.32166666666666666 0.6016666666666667 0.013333333333333334 0.015
