5 0.17583333333333334 0.5233333333333333 0.008333333333333333 0.01
5 0.665 0.9066666666666666 0.023333333333333334 0.021666666666666667
5 0.49416666666666664 0.295 0.008333333333333333 0.008333333333333333
5 0.5158333333333334 0.7141666666666666 0.008333333333333333 0.008333333333333333
5 0.215 0.4241666666666667 0.008333333333333333 0.008333333333333333
5 0.445 0.775 0.013333333333333334 0.013333333333333334
5 0.07833333333333334 0.5925 0.005 0.005
5 0.041666666666666664 0.3775 0.008333333333333333 0.008333333333333333
5 0.08333333333333333 0.5166666666666667 0.011666666666666667 0.011666666666666667
5 0.19583333333333333 0.050833333333333335 0.006666666666666667 0.008333333333333333
5 0.9191666666666667 0.5058333333333334 0.008333333333333333 0.008333333333333333
5 0.6375 0.3983333333333333 0.006666666666666667 0.008333333333333333
5 0.1625 0.9708333333333333 0.013333333333333334 0.013333333333333334
5 0.5225 0.6291666666666667 0.006666666666666667 0.006666666666666667
5 0.06916666666666667 0.3125 0.013333333333333334 0.011666666666666667
5 0.5483333333333333 0.5416666666666666 0.011666666666666667 0.011666666666666667
0 0.7425 0.4683333333333333 0.016666666666666666 0.023333333333333334
0 0.8591666666666666 0.33416666666666667 0.013333333333333334 0.015
0 0.8258333333333333 0.6208333333333333 0.011666666666666667 0.015
0 0.6558333333333334 0.005833333333333334 0.013333333333333334 0.011666666666666667
3 0.8008333333333333 0.34 0.0375 0.03333333333333333
3 0.5508333333333333 0.7483333333333333 0.0875 0.06666666666666667
