1.0 0.187575 0.39635877119822077 0.026591666666666666 0.025904920767306088
1.0 0.7521333333333333 0.7846573533500139 0.025916666666666668 0.025054211843202667
1.0 0.6709916666666667 0.29825201556852937 0.03294166666666667 0.034261884904086735
5 0.07583333333333334 0.5966666666666667 0.006666666666666667 0.008333333333333333
5 0.7641666666666667 0.48 0.013333333333333334 0.016666666666666666
5 0.355 0.35583333333333333 0.008333333333333333 0.008333333333333333
5 0.47 0.5375 0.006666666666666667 0.005
5 0.33166666666666667 0.33666666666666667 0.008333333333333333 0.008333333333333333
5 0.8108333333333333 0.6908333333333333 0.01 0.011666666666666667
5 0.7816666666666666 0.6058333333333333 0.01 0.011666666666666667
5 0.06333333333333334 0.03666666666666667 0.01 0.011666666666666667
5 0.9591666666666666 0.44166666666666665 0.01 0.01
5 0.8541666666666666 0.5108333333333334 0.013333333333333334 0.013333333333333334
5 0.5491666666666667 0.4558333333333333 0.006666666666666667 0.008333333333333333
5 0.4791666666666667 0.6625 0.015 0.018333333333333333
5 0.6391666666666667 0.6191666666666666 0.013333333333333334 0.013333333333333334
5 0.01 0.895 0.016666666666666666 0.015
5 0.515 0.19333333333333333 0.013333333333333334 0.011666666666666667
