5 0.5 0.16416666666666666 0.01 0.01
5 0.8541666666666666 0.3408333333333333 0.01 0.008333333333333333
5 0.5625 0.515 0.008333333333333333 0.006666666666666667
5 0.12333333333333334 0.43416666666666665 0.011666666666666667 0.011666666666666667
5 0.8025 0.8708333333333333 0.008333333333333333 0.008333333333333333
5 0.059166666666666666 0.33416666666666667 0.015 0.018333333333333333
5 0.2875 0.8708333333333333 0.011666666666666667 0.01
5 0.31833333333333336 0.6841666666666667 0.013333333333333334 0.013333333333333334
5 0.7866666666666666 0.9441666666666667 0.02 0.018333333333333333
5 0.22333333333333333 0.08 0.006666666666666667 0.006666666666666667
5 0.7033333333333334 0.1875 0.015 0.011666666666666667
5 0.3358333333333333 0.07583333333333334 0.008333333333333333 0.01
5 0.7033333333333334 0.3491666666666667 0.006666666666666667 0.006666666666666667
5 0.4141666666666667 0.9241666666666667 0.01 0.01
5 0.18666666666666668 0.2608333333333333 0.013333333333333334 0.013333333333333334
5 0.9416666666666667 0.7191666666666666 0.006666666666666667 0.006666666666666667
5 0.055 0.9591666666666666 0.015 0.016666666666666666
