5 0.28583333333333333 0.3258333333333333 0.016666666666666666 0.015
5 0.335 0.049166666666666664 0.011666666666666667 0.01
5 0.9616666666666667 0.5591666666666667 0.008333333333333333 0.005
5 0.3725 0.855 0.008333333333333333 0.008333333333333333
5 0.30833333333333335 0.4891666666666667 0.0033333333333333335 0.005
5 0.8816666666666667 0.5075 0.008333333333333333 0.006666666666666667
5 0.03916666666666667 0.5225 0.011666666666666667 0.01
5 0.4708333333333333 0.9008333333333334 0.01 0.008333333333333333
5 0.17 0.41333333333333333 0.008333333333333333 0.01
5 0.4125 0.6241666666666666 0.02 0.02
5 0.13166666666666665 0.545 0.006666666666666667 0.006666666666666667
5 0.11166666666666666 0.325 0.01 0.01
5 0.8741666666666666 0.725 0.008333333333333333 0.01
5 0.1475 0.46166666666666667 0.008333333333333333 0.01
5 0.4191666666666667 0.49666666666666665 0.011666666666666667 0.01
5 0.9775 0.4875 0.006666666666666667 0.006666666666666667
5 0.4175 0.9375 0.008333333333333333 0.01
5 0.6925 0.14 0.011666666666666667 0.01
5 0.7275 0.2675 0.013333333333333334 0.013333333333333334
