5 0.8508333333333333 0.03166666666666667 0.008333333333333333 0.008333333333333333
5 0.20916666666666667 0.10666666666666667 0.011666666666666667 0.01
5 0.8625 0.665 0.006666666666666667 0.006666666666666667
5 0.19166666666666668 0.0825 0.015 0.013333333333333334
5 0.3525 0.23416666666666666 0.011666666666666667 0.01
5 0.2875 0.8566666666666667 0.008333333333333333 0.008333333333333333
5 0.2866666666666667 0.94 0.011666666666666667 0.011666666666666667
5 0.5766666666666667 0.55 0.01 0.01
5 0.23416666666666666 0.043333333333333335 0.011666666666666667 0.015
5 0.2758333333333333 0.2708333333333333 0.013333333333333334 0.011666666666666667
5 0.30833333333333335 0.3308333333333333 0.015 0.011666666666666667
5 0.029166666666666667 0.7016666666666667 0.018333333333333333 0.018333333333333333
