5 0.9858333333333333 0.06 0.01 0.01
5 0.5016666666666667 0.7391666666666666 0.008333333333333333 0.008333333333333333
5 0.8266666666666667 0.5958333333333333 0.01 0.011666666666666667
5 0.7466666666666667 0.41 0.01 0.008333333333333333
5 0.9191666666666667 0.08666666666666667 0.01 0.01
5 0.12583333333333332 0.2866666666666667 0.006666666666666667 0.008333333333333333
5 0.8083333333333333 0.31166666666666665 0.008333333333333333 0.008333333333333333
5 0.4425 0.8216666666666667 0.006666666666666667 0.006666666666666667
5 0.5866666666666667 0.2758333333333333 0.008333333333333333 0.008333333333333333
5 0.605 0.9858333333333333 0.01 0.011666666666666667
5 0.345 0.6891666666666667 0.01 0.008333333333333333
5 0.7883333333333333 0.24916666666666668 0.015 0.011666666666666667
5 0.7541666666666667 0.17666666666666667 0.008333333333333333 0.008333333333333333
5 0.6116666666666667 0.695 0.008333333333333333 0.01
5 0.6175 0.49 0.006666666666666667 0.006666666666666667
5 0.8383333333333334 0.16833333333333333 0.006666666666666667 0.006666666666666667
