5 0.04416666666666667 0.3408333333333333 0.006666666666666667 0.006666666666666667
5 0.049166666666666664 0.3125 0.015 0.013333333333333334
5 0.235 0.7033333333333334 0.02 0.021666666666666667
5 0.5508333333333333 0.8541666666666666 0.008333333333333333 0.008333333333333333
5 0.275 0.365 0.008333333333333333 0.008333333333333333
5 0.84 0.051666666666666666 0.008333333333333333 0.008333333333333333
5 0.7941666666666667 0.6775 0.011666666666666667 0.01
5 0.05333333333333334 0.4325 0.016666666666666666 0.015
5 0.4791666666666667 0.8966666666666666 0.011666666666666667 0.008333333333333333
5 0.28 0.5816666666666667 0.008333333333333333 0.008333333333333333
5 0.63 0.5975 0.011666666666666667 0.011666666666666667
5 0.2608333333333333 0.0475 0.008333333333333333 0.008333333333333333
5 0.8541666666666666 0.1775 0.008333333333333333 0.008333333333333333
5 0.8316666666666667 0.7366666666666667 0.008333333333333333 0.008333333333333333
5 0.4533333333333333 0.07333333333333333 0.006666666666666667 0.01
5 0.7775 0.45916666666666667 0.01 0.008333333333333333
5 0.10666666666666667 0.5641666666666667 0.01 0.01
5 0.3275 0.2966666666666667 0.006666666666666667 0.006666666666666667
5 0.65 0.48833333333333334 0.016666666666666666 0.018333333333333333
