7.0 0.5468833333333334 0.5083284681679177 0.15110833333333334 0.724211843202669
5 0.915 0.051666666666666666 0.01 0.01
5 0.7733333333333333 0.7175 0.02 0.02
5 0.9933333333333333 0.8458333333333333 0.008333333333333333 0.008333333333333333
5 0.9491666666666667 0.9733333333333334 0.01 0.01
5 0.6216666666666667 0.5666666666666667 0.008333333333333333 0.008333333333333333
5 0.5075 0.4741666666666667 0.006666666666666667 0.006666666666666667
5 0.9841666666666666 0.20583333333333334 0.008333333333333333 0.008333333333333333
5 0.44 0.059166666666666666 0.008333333333333333 0.008333333333333333
5 0.61 0.51 0.01 0.01
5 0.4325 0.15833333333333333 0.011666666666666667 0.011666666666666667
