5 0.23 0.06166666666666667 0.008333333333333333 0.008333333333333333
5 0.25833333333333336 0.7658333333333334 0.008333333333333333 0.008333333333333333
5 0.09916666666666667 0.24583333333333332 0.006666666666666667 0.006666666666666667
5 0.43083333333333335 0.9541666666666667 0.01 0.01
5 0.5791666666666667 0.5333333333333333 0.008333333333333333 0.008333333333333333
5 0.06416666666666666 0.6491666666666667 0.015 0.016666666666666666
5 0.005833333333333334 0.6041666666666666 0.006666666666666667 0.006666666666666667
5 0.8091666666666667 0.31166666666666665 0.01 0.011666666666666667
5 0.13333333333333333 0.8441666666666666 0.006666666666666667 0.006666666666666667
5 0.3475 0.2425 0.015 0.011666666666666667
0 0.7525 0.325 0.016666666666666666 0.023333333333333334
0 0.285 0.030833333333333334 0.015 0.018333333333333333
0 0.7141666666666666 0.4533333333333333 0.015 0.015
0 0.8125 0.745 0.02 0.028333333333333332
0 0.165 0.21166666666666667 0.016666666666666666 0.015
