5 0.8266666666666667 0.49583333333333335 0.013333333333333334 0.013333333333333334
5 0.8266666666666667 0.24833333333333332 0.008333333333333333 0.008333333333333333
5 0.8 0.7591666666666667 0.006666666666666667 0.008333333333333333
5 0.8883333333333333 0.20666666666666667 0.008333333333333333 0.008333333333333333
5 0.19083333333333333 0.4975 0.016666666666666666 0.035
5 0.23166666666666666 0.4666666666666667 0.008333333333333333 0.008333333333333333
5 0.15583333333333332 0.05583333333333333 0.013333333333333334 0.015
5 0.6133333333333333 0.9558333333333333 0.018333333333333333 0.016666666666666666
5 0.9116666666666666 0.9108333333333334 0.008333333333333333 0.008333333333333333
5 0.7883333333333333 0.10083333333333333 0.015 0.015
5 0.73 0.7808333333333334 0.008333333333333333 0.008333333333333333
5 0.25583333333333336 0.025 0.013333333333333334 0.015
5 0.7525 0.08833333333333333 0.008333333333333333 0.008333333333333333
5 0.27166666666666667 0.21333333333333335 0.011666666666666667 0.01
5 0.1125 0.8283333333333334 0.015 0.013333333333333334
0 0.7616666666666667 0.024166666666666666 0.01 0.011666666666666667
0 0.6066666666666667 0.5 0.013333333333333334 0.015
0 0.015833333333333335 0.37166666666666665 0.015 0.016666666666666666
