5 0.6975 0.5325 0.015 0.013333333333333334
5 0.7533333333333333 0.1775 0.006666666666666667 0.006666666666666667
5 0.3616666666666667 0.8583333333333333 0.016666666666666666 0.016666666666666666
5 0.35333333333333333 0.17916666666666667 0.016666666666666666 0.015
5 0.6125 0.8683333333333333 0.01 0.008333333333333333
5 0.7191666666666666 0.9808333333333333 0.008333333333333333 0.006666666666666667
5 0.7225 0.41333333333333333 0.013333333333333334 0.013333333333333334
5 0.5383333333333333 0.43416666666666665 0.006666666666666667 0.006666666666666667
5 0.12 0.9816666666666667 0.016666666666666666 0.015
5 0.049166666666666664 0.7233333333333334 0.006666666666666667 0.008333333333333333
5 0.0575 0.8725 0.01 0.01
5 0.14833333333333334 0.8075 0.015 0.021666666666666667
5 0.19083333333333333 0.1625 0.008333333333333333 0.008333333333333333
5 0.030833333333333334 0.05416666666666667 0.006666666666666667 0.008333333333333333
5 0.7883333333333333 0.06666666666666667 0.018333333333333333 0.025
0 0.6533333333333333 0.315 0.016666666666666666 0.03
0 0.7241666666666666 0.6975 0.021666666666666667 0.025
0 0.52 0.68 0.008333333333333333 0.008333333333333333
0 0.45416666666666666 0.4 0.008333333333333333 0.013333333333333334
0 0.965 0.07583333333333334 0.025 0.02
0 0.8241666666666667 0.8858333333333334 0.02 0.021666666666666667
