8.0 0.3124450931331665 0.5129102564102563 0.25005004170141787 0.7171880341880342
5 0.6608333333333334 0.7433333333333333 0.015 0.015
5 0.19416666666666665 0.1425 0.01 0.01
5 0.5016666666666667 0.2708333333333333 0.01 0.008333333333333333
5 0.3075 0.29 0.011666666666666667 0.011666666666666667
5 0.6258333333333334 0.005 0.01 0.01
5 0.04583333333333333 0.4675 0.015 0.013333333333333334
5 0.4708333333333333 0.5733333333333334 0.008333333333333333 0.006666666666666667
5 0.4658333333333333 0.9766666666666667 0.01 0.008333333333333333
5 0.9883333333333333 0.9158333333333334 0.021666666666666667 0.018333333333333333
5 0.23916666666666667 0.4766666666666667 0.015 0.013333333333333334
5 0.5925 0.13666666666666666 0.008333333333333333 0.008333333333333333
5 0.8091666666666667 0.5258333333333334 0.008333333333333333 0.006666666666666667
5 0.8366666666666667 0.10333333333333333 0.015 0.011666666666666667
5 0.89 0.41333333333333333 0.013333333333333334 0.013333333333333334
