5 0.12416666666666666 0.35833333333333334 0.008333333333333333 0.008333333333333333
5 0.845 0.7783333333333333 0.008333333333333333 0.008333333333333333
5 0.09 0.5591666666666667 0.006666666666666667 0.006666666666666667
5 0.4275 0.15916666666666668 0.008333333333333333 0.008333333333333333
5 0.37916666666666665 0.4141666666666667 0.008333333333333333 0.006666666666666667
5 0.4241666666666667 0.5608333333333333 0.008333333333333333 0.008333333333333333
5 0.014166666666666666 0.8266666666666667 0.008333333333333333 0.008333333333333333
5 0.11166666666666666 0.26 0.013333333333333334 0.013333333333333334
5 0.9883333333333333 0.5533333333333333 0.011666666666666667 0.01
5 0.5466666666666666 0.2841666666666667 0.01 0.011666666666666667
5 0.2575 0.8875 0.016666666666666666 0.015
5 0.765 0.9633333333333334 0.01 0.008333333333333333
5 0.5816666666666667 0.935 0.015 0.015
5 0.815 0.6041666666666666 0.013333333333333334 0.011666666666666667
5 0.6541666666666667 0.2975 0.01 0.01
5 0.07416666666666667 0.8483333333333334 0.02 0.016666666666666666
5 0.71 0.8016666666666666 0.011666666666666667 0.01
5 0.9583333333333334 0.9441666666666667 0.016666666666666666 0.015
5 0.6858333333333333 0.3725 0.006666666666666667 0.008333333333333333
