1.0 0.195075 0.4063587711982208 0.026591666666666666 0.025904920767306088
1.0 0.7596333333333333 0.7946573533500139 0.025916666666666668 0.025054211843202667
1.0 0.6784916666666667 0.3082520155685294 0.03294166666666667 0.034261884904086735
5 0.37833333333333335 0.43666666666666665 0.016666666666666666 0.015
5 0.155 0.3775 0.013333333333333334 0.013333333333333334
5 0.4816666666666667 0.2833333333333333 0.013333333333333334 0.013333333333333334
5 0.37833333333333335 0.065 0.008333333333333333 0.01
5 0.018333333333333333 0.059166666666666666 0.01 0.01
5 0.2991666666666667 0.3 0.016666666666666666 0.015
5 0.7441666666666666 0.19833333333333333 0.005 0.005
5 0.7591666666666667 0.265 0.006666666666666667 0.005
5 0.43083333333333335 0.41 0.005 0.005
5 0.8066666666666666 0.6325 0.013333333333333334 0.013333333333333334
5 0.8675 0.23916666666666667 0.01 0.01
5 0.44916666666666666 0.69 0.015 0.011666666666666667
5 0.6391666666666667 0.8808333333333334 0.015 0.016666666666666666
5 0.1425 0.7283333333333334 0.008333333333333333 0.008333333333333333
5 0.9375 0.9808333333333333 0.008333333333333333 0.008333333333333333
5 0.48 0.24666666666666667 0.01 0.01
5 0.9391666666666667 0.034166666666666665 0.008333333333333333 0.008333333333333333
5 0.4866666666666667 0.7266666666666667 0.008333333333333333 0.01
