5 0.47333333333333333 0.7483333333333333 0.01 0.01
5 0.3466666666666667 0.7883333333333333 0.008333333333333333 0.008333333333333333
5 0.43 0.7958333333333333 0.008333333333333333 0.008333333333333333
5 0.7433333333333333 0.16916666666666666 0.008333333333333333 0.006666666666666667
5 0.9525 0.21 0.01 0.011666666666666667
5 0.9866666666666667 0.7933333333333333 0.008333333333333333 0.008333333333333333
5 0.5141666666666667 0.5708333333333333 0.013333333333333334 0.011666666666666667
5 0.09333333333333334 0.325 0.008333333333333333 0.008333333333333333
5 0.2941666666666667 0.9283333333333333 0.01 0.008333333333333333
5 0.8408333333333333 0.051666666666666666 0.01 0.01
5 0.6025 0.7233333333333334 0.01 0.008333333333333333
5 0.495 0.595 0.01 0.01
5 0.7141666666666666 0.1875 0.011666666666666667 0.011666666666666667
5 0.9083333333333333 0.39416666666666667 0.008333333333333333 0.008333333333333333
5 0.2991666666666667 0.37916666666666665 0.008333333333333333 0.008333333333333333
0 0.49333333333333335 0.14583333333333334 0.013333333333333334 0.013333333333333334
0 0.7133333333333334 0.6783333333333333 0.008333333333333333 0.013333333333333334
0 0.8566666666666667 0.42 0.016666666666666666 0.013333333333333334
0 0.4608333333333333 0.8316666666666667 0.02 0.02
0 0.08916666666666667 0.21833333333333332 0.016666666666666666 0.016666666666666666
0 0.5291666666666667 0.13666666666666666 0.01 0.013333333333333334
0 0.14583333333333334 0.36833333333333335 0.021666666666666667 0.023333333333333334
