5 0.6466666666666666 0.44416666666666665 0.01 0.01
5 0.3858333333333333 0.2575 0.006666666666666667 0.006666666666666667
5 0.4866666666666667 0.3333333333333333 0.015 0.011666666666666667
5 0.2875 0.13333333333333333 0.008333333333333333 0.008333333333333333
5 0.043333333333333335 0.0825 0.008333333333333333 0.008333333333333333
5 0.15916666666666668 0.95 0.011666666666666667 0.011666666666666667
5 0.11916666666666667 0.2841666666666667 0.011666666666666667 0.011666666666666667
5 0.6191666666666666 0.5575 0.013333333333333334 0.013333333333333334
5 0.24583333333333332 0.2891666666666667 0.011666666666666667 0.011666666666666667
5 0.19583333333333333 0.24666666666666667 0.01 0.01
5 0.05333333333333334 0.21583333333333332 0.016666666666666666 0.015
5 0.6458333333333334 0.595 0.008333333333333333 0.008333333333333333
0 0.46166666666666667 0.39416666666666667 0.02 0.02
0 0.03666666666666667 0.28 0.016666666666666666 0.016666666666666666
0 0.6008333333333333 0.25583333333333336 0.045 0.041666666666666664
0 0.185 0.26666666666666666 0.01 0.01
0 0.0875 0.9725 0.011666666666666667 0.013333333333333334
