5 0.9133333333333333 0.41 0.008333333333333333 0.008333333333333333
5 0.34833333333333333 0.5358333333333334 0.01 0.01
5 0.5508333333333333 0.5341666666666667 0.006666666666666667 0.01
5 0.4875 0.8491666666666666 0.008333333333333333 0.008333333333333333
5 0.7116666666666667 0.3375 0.016666666666666666 0.016666666666666666
5 0.63 0.595 0.013333333333333334 0.013333333333333334
5 0.10083333333333333 0.6466666666666666 0.016666666666666666 0.015
5 0.06916666666666667 0.155 0.01 0.01
5 0.010833333333333334 0.245 0.013333333333333334 0.013333333333333334
5 0.02666666666666667 0.25666666666666665 0.008333333333333333 0.008333333333333333
5 0.3233333333333333 0.39416666666666667 0.016666666666666666 0.015
5 0.6216666666666667 0.715 0.006666666666666667 0.008333333333333333
5 0.5033333333333333 0.7175 0.005 0.006666666666666667
5 0.4166666666666667 0.9083333333333333 0.011666666666666667 0.013333333333333334
0 0.7075 0.16166666666666665 0.023333333333333334 0.03166666666666667
0 0.30333333333333334 0.5758333333333333 0.02 0.021666666666666667
0 0.3175 0.4925 0.016666666666666666 0.015
0 0.30416666666666664 0.7908333333333334 0.013333333333333334 0.01
0 0.8625 0.07666666666666666 0.021666666666666667 0.018333333333333333
0 0.8558333333333333 0.30416666666666664 0.013333333333333334 0.015
0 0.4608333333333333 0.9708333333333333 0.011666666666666667 0.013333333333333334
0 0.33 0.5308333333333334 0.016666666666666666 0.015
