5 0.8025 0.24083333333333334 0.016666666666666666 0.016666666666666666
5 0.24166666666666667 0.3616666666666667 0.006666666666666667 0.006666666666666667
5 0.6625 0.8383333333333334 0.015 0.015
5 0.8066666666666666 0.49916666666666665 0.015 0.015
5 0.22166666666666668 0.545 0.006666666666666667 0.006666666666666667
5 0.059166666666666666 0.9258333333333333 0.008333333333333333 0.01
5 0.94 0.6791666666666667 0.013333333333333334 0.013333333333333334
5 0.4708333333333333 0.18416666666666667 0.008333333333333333 0.008333333333333333
5 0.385 0.94 0.013333333333333334 0.013333333333333334
5 0.30083333333333334 0.21166666666666667 0.013333333333333334 0.013333333333333334
5 0.9525 0.24916666666666668 0.008333333333333333 0.008333333333333333
5 0.016666666666666666 0.3566666666666667 0.008333333333333333 0.01
