5 0.4716666666666667 0.015 0.008333333333333333 0.008333333333333333
5 0.6475 0.2683333333333333 0.008333333333333333 0.006666666666666667
5 0.34 0.8533333333333334 0.013333333333333334 0.013333333333333334
5 0.6433333333333333 0.135 0.0033333333333333335 0.005
5 0.07916666666666666 0.7491666666666666 0.008333333333333333 0.008333333333333333
5 0.10583333333333333 0.8241666666666667 0.006666666666666667 0.005
5 0.9808333333333333 0.5425 0.013333333333333334 0.013333333333333334
5 0.6441666666666667 0.08833333333333333 0.013333333333333334 0.013333333333333334
5 0.15083333333333335 0.04083333333333333 0.013333333333333334 0.015
0 0.32 0.2683333333333333 0.02666666666666667 0.021666666666666667
0 0.2825 0.04416666666666667 0.018333333333333333 0.021666666666666667
0 0.09583333333333334 0.25 0.013333333333333334 0.011666666666666667
0 0.9691666666666666 0.46416666666666667 0.015 0.023333333333333334
0 0.04083333333333333 0.9283333333333333 0.023333333333333334 0.03166666666666667
0 0.0225 0.18833333333333332 0.018333333333333333 0.016666666666666666
0 0.08833333333333333 0.175 0.01 0.01
