0.0 0.08317500000000001 0.11479357798165137 0.01620833333333333 0.01531276063386155
5.0 0.15807500000000002 0.3153273561301084 0.008266666666666667 0.00859049207673061
5.0 0.14175833333333338 0.31139908256880733 0.008358333333333332 0.00872393661384487
1.0 0.20165 0.3845600500417014 0.023966666666666667 0.024728940783986655
1.0 0.7656916666666667 0.7729837364470391 0.024725 0.024820683903252712
1.0 0.6849916666666667 0.28735404503753126 0.0333 0.03199332777314429
5 0.8908333333333334 0.09166666666666666 0.016666666666666666 0.018333333333333333
5 0.6416666666666667 0.165 0.008333333333333333 0.006666666666666667
5 0.43083333333333335 0.058333333333333334 0.015 0.013333333333333334
5 0.24833333333333332 0.1 0.011666666666666667 0.011666666666666667
5 0.35 0.8775 0.013333333333333334 0.013333333333333334
5 0.9516666666666667 0.5233333333333333 0.006666666666666667 0.006666666666666667
5 0.7091666666666666 0.10583333333333333 0.008333333333333333 0.008333333333333333
5 0.5208333333333334 0.4816666666666667 0.015 0.013333333333333334
5 0.3725 0.8675 0.008333333333333333 0.008333333333333333
5 0.37083333333333335 0.04583333333333333 0.015 0.013333333333333334
