5 0.865 0.9058333333333334 0.008333333333333333 0.01
5 0.014166666666666666 0.18583333333333332 0.011666666666666667 0.01
5 0.6158333333333333 0.6983333333333334 0.015 0.015
5 0.665 0.4775 0.01 0.01
5 0.8883333333333333 0.3575 0.011666666666666667 0.011666666666666667
5 0.37416666666666665 0.9425 0.008333333333333333 0.008333333333333333
5 0.9375 0.74 0.008333333333333333 0.008333333333333333
5 0.5158333333333334 0.6116666666666667 0.01 0.016666666666666666
5 0.4725 0.9233333333333333 0.006666666666666667 0.008333333333333333
5 0.6641666666666667 0.7425 0.015 0.013333333333333334
5 0.6416666666666667 0.08416666666666667 0.013333333333333334 0.013333333333333334
5 0.3233333333333333 0.5875 0.008333333333333333 0.006666666666666667
5 0.9241666666666667 0.49833333333333335 0.006666666666666667 0.006666666666666667
5 0.3275 0.04416666666666667 0.018333333333333333 0.021666666666666667
5 0.31083333333333335 0.8925 0.011666666666666667 0.01
5 0.7241666666666666 0.42583333333333334 0.006666666666666667 0.006666666666666667
5 0.6433333333333333 0.61 0.006666666666666667 0.006666666666666667
5 0.3175 0.4033333333333333 0.016666666666666666 0.02
5 0.49 0.5708333333333333 0.013333333333333334 0.013333333333333334
