5 0.51 0.4891666666666667 0.006666666666666667 0.008333333333333333
5 0.18666666666666668 0.26 0.006666666666666667 0.006666666666666667
5 0.9758333333333333 0.375 0.011666666666666667 0.011666666666666667
5 0.9025 0.21416666666666667 0.011666666666666667 0.01
5 0.645 0.4658333333333333 0.02 0.016666666666666666
5 0.10083333333333333 0.32166666666666666 0.013333333333333334 0.01
5 0.31583333333333335 0.635 0.008333333333333333 0.008333333333333333
5 0.8041666666666667 0.7641666666666667 0.011666666666666667 0.015
5 0.7041666666666667 0.33416666666666667 0.011666666666666667 0.013333333333333334
5 0.11333333333333333 0.7766666666666666 0.011666666666666667 0.011666666666666667
5 0.15916666666666668 0.9108333333333334 0.008333333333333333 0.008333333333333333
5 0.75 0.4791666666666667 0.016666666666666666 0.016666666666666666
5 0.9758333333333333 0.585 0.008333333333333333 0.008333333333333333
5 0.22666666666666666 0.5141666666666667 0.008333333333333333 0.008333333333333333
5 0.6 0.82 0.008333333333333333 0.008333333333333333
5 0.1875 0.9908333333333333 0.006666666666666667 0.006666666666666667
5 0.8625 0.3975 0.013333333333333334 0.016666666666666666
0 0.9483333333333334 0.49833333333333335 0.02666666666666667 0.023333333333333334
0 0.14583333333333334 0.4 0.025 0.04833333333333333
0 0.5016666666666667 0.6975 0.015 0.011666666666666667
0 0.9191666666666667 0.37166666666666665 0.015 0.015
