5 0.31333333333333335 0.11916666666666667 0.01 0.01
5 0.0525 0.4683333333333333 0.01 0.01
5 0.41833333333333333 0.24 0.008333333333333333 0.008333333333333333
5 0.5958333333333333 0.5866666666666667 0.011666666666666667 0.01
5 0.2175 0.915 0.01 0.011666666666666667
5 0.66 0.8258333333333333 0.01 0.01
5 0.9625 0.32166666666666666 0.011666666666666667 0.015
5 0.14916666666666667 0.2916666666666667 0.006666666666666667 0.006666666666666667
5 0.24333333333333335 0.9125 0.013333333333333334 0.016666666666666666
5 0.009166666666666667 0.8366666666666667 0.01 0.011666666666666667
5 0.5741666666666667 0.23833333333333334 0.008333333333333333 0.01
5 0.3675 0.15416666666666667 0.01 0.011666666666666667
5 0.4225 0.9916666666666667 0.013333333333333334 0.013333333333333334
5 0.15416666666666667 0.3516666666666667 0.008333333333333333 0.008333333333333333
5 0.6675 0.6216666666666667 0.01 0.008333333333333333
0 0.4875 0.7858333333333334 0.011666666666666667 0.015
0 0.58 0.48083333333333333 0.016666666666666666 0.016666666666666666
