5 0.5733333333333334 0.4533333333333333 0.011666666666666667 0.01
5 0.5 0.5016666666666667 0.013333333333333334 0.013333333333333334
5 0.005833333333333334 0.35583333333333333 0.011666666666666667 0.01
5 0.04666666666666667 0.7475 0.013333333333333334 0.013333333333333334
5 0.0125 0.5241666666666667 0.006666666666666667 0.006666666666666667
5 0.5408333333333334 0.6625 0.01 0.011666666666666667
5 0.5375 0.755 0.008333333333333333 0.008333333333333333
5 0.0775 0.9666666666666667 0.013333333333333334 0.013333333333333334
5 0.5441666666666667 0.07083333333333333 0.008333333333333333 0.008333333333333333
5 0.19833333333333333 0.2733333333333333 0.006666666666666667 0.006666666666666667
5 0.0875 0.935 0.011666666666666667 0.011666666666666667
5 0.0475 0.735 0.008333333333333333 0.008333333333333333
5 0.43083333333333335 0.10666666666666667 0.01 0.011666666666666667
5 0.2783333333333333 0.68 0.015 0.016666666666666666
5 0.8725 0.3975 0.011666666666666667 0.011666666666666667
5 0.99 0.54 0.011666666666666667 0.011666666666666667
