2.0 0.1353411053540587 0.042962402765773545 0.0516321243523316 0.0677009507346586
2.0 0.905254749568221 0.2763245462402766 0.048575129533678756 0.1138029386343993
2.0 0.2727677029360967 0.8604472774416594 0.10196891191709845 0.057623163353500435
5 0.3441666666666667 0.4225 0.015 0.016666666666666666
5 0.455 0.1625 0.006666666666666667 0.006666666666666667
5 0.2125 0.5316666666666666 0.008333333333333333 0.008333333333333333
5 0.6775 0.425 0.016666666666666666 0.02
5 0.9316666666666666 0.5966666666666667 0.015 0.013333333333333334
5 0.8008333333333333 0.6816666666666666 0.006666666666666667 0.008333333333333333
5 0.36916666666666664 0.185 0.01 0.011666666666666667
5 0.3466666666666667 0.915 0.015 0.015
5 0.7083333333333334 0.44916666666666666 0.01 0.008333333333333333
5 0.7708333333333334 0.43583333333333335 0.008333333333333333 0.008333333333333333
5 0.8608333333333333 0.40166666666666667 0.011666666666666667 0.01
5 0.13583333333333333 0.3016666666666667 0.015 0.015
5 0.13 0.6066666666666667 0.008333333333333333 0.008333333333333333
5 0.6375 0.44666666666666666 0.008333333333333333 0.008333333333333333
