5 0.035833333333333335 0.9725 0.018333333333333333 0.016666666666666666
5 0.8391666666666666 0.475 0.013333333333333334 0.013333333333333334
5 0.39416666666666667 0.7475 0.013333333333333334 0.013333333333333334
5 0.8425 0.7208333333333333 0.006666666666666667 0.006666666666666667
5 0.6541666666666667 0.5708333333333333 0.013333333333333334 0.011666666666666667
5 0.16833333333333333 0.1975 0.006666666666666667 0.006666666666666667
5 0.16833333333333333 0.08583333333333333 0.006666666666666667 0.008333333333333333
5 0.42 0.37166666666666665 0.008333333333333333 0.008333333333333333
5 0.8883333333333333 0.5441666666666667 0.008333333333333333 0.008333333333333333
5 0.6466666666666666 0.011666666666666667 0.013333333333333334 0.01
5 0.7875 0.89 0.008333333333333333 0.006666666666666667
5 0.145 0.5191666666666667 0.013333333333333334 0.025
5 0.85 0.5766666666666667 0.008333333333333333 0.008333333333333333
5 0.018333333333333333 0.32416666666666666 0.015 0.015
5 0.4275 0.7041666666666667 0.013333333333333334 0.016666666666666666
6 0.9625 0.41583333333333333 0.02 0.028333333333333332
6 0.22666666666666666 0.755 0.051666666666666666 0.17833333333333334
6 0.8141666666666667 0.4866666666666667 0.041666666666666664 0.021666666666666667
