8.0 0.3157784264664999 0.49374358974358973 0.25005004170141787 0.7171880341880342
5 0.1875 0.5191666666666667 0.006666666666666667 0.008333333333333333
5 0.7941666666666667 0.10916666666666666 0.01 0.008333333333333333
5 0.9825 0.6375 0.02 0.021666666666666667
5 0.9433333333333334 0.6941666666666667 0.016666666666666666 0.015
5 0.4116666666666667 0.13 0.013333333333333334 0.011666666666666667
5 0.3725 0.2275 0.008333333333333333 0.008333333333333333
5 0.08416666666666667 0.7891666666666667 0.008333333333333333 0.01
5 0.5316666666666666 0.4066666666666667 0.011666666666666667 0.015
5 0.72 0.2375 0.006666666666666667 0.005
5 0.6683333333333333 0.49666666666666665 0.008333333333333333 0.008333333333333333
5 0.11583333333333333 0.7675 0.015 0.018333333333333333
5 0.12 0.36083333333333334 0.015 0.013333333333333334
0 0.44333333333333336 0.09416666666666666 0.011666666666666667 0.013333333333333334
0 0.6775 0.4241666666666667 0.016666666666666666 0.015
