5 0.24166666666666667 0.915 0.008333333333333333 0.008333333333333333
5 0.725 0.5841666666666666 0.021666666666666667 0.021666666666666667
5 0.555 0.7091666666666666 0.01 0.01
5 0.17666666666666667 0.8133333333333334 0.011666666666666667 0.015
5 0.8616666666666667 0.705 0.008333333333333333 0.008333333333333333
5 0.011666666666666667 0.1725 0.008333333333333333 0.006666666666666667
5 0.8258333333333333 0.18833333333333332 0.015 0.013333333333333334
5 0.9283333333333333 0.6575 0.018333333333333333 0.016666666666666666
5 0.049166666666666664 0.6708333333333333 0.018333333333333333 0.016666666666666666
5 0.41333333333333333 0.5233333333333333 0.011666666666666667 0.015
5 0.495 0.6558333333333334 0.013333333333333334 0.025
0 0.16166666666666665 0.4816666666666667 0.008333333333333333 0.015
0 0.09583333333333334 0.8058333333333333 0.013333333333333334 0.011666666666666667
0 0.8991666666666667 0.09083333333333334 0.021666666666666667 0.018333333333333333
