5 0.5625 0.41083333333333333 0.008333333333333333 0.008333333333333333
5 0.7516666666666667 0.7875 0.01 0.01
5 0.935 0.5783333333333334 0.008333333333333333 0.008333333333333333
5 0.47 0.7858333333333334 0.011666666666666667 0.01
5 0.505 0.2675 0.01 0.008333333333333333
5 0.755 0.43583333333333335 0.008333333333333333 0.008333333333333333
5 0.13583333333333333 0.7608333333333334 0.008333333333333333 0.008333333333333333
5 0.3616666666666667 0.0725 0.02 0.015
5 0.10166666666666667 0.40166666666666667 0.021666666666666667 0.021666666666666667
5 0.16083333333333333 0.010833333333333334 0.01 0.011666666666666667
5 0.2891666666666667 0.4741666666666667 0.016666666666666666 0.016666666666666666
