8.0 0.21347499999999994 0.5784833333333332 0.2840666666666667 0.6424333333333333
8.0 0.514025 0.698825 0.3133583333333333 0.24582500000000002
5 0.2866666666666667 0.8341666666666666 0.011666666666666667 0.013333333333333334
5 0.37166666666666665 0.18416666666666667 0.015 0.016666666666666666
5 0.34 0.9833333333333333 0.01 0.011666666666666667
5 0.6975 0.6891666666666667 0.01 0.011666666666666667
5 0.5416666666666666 0.655 0.008333333333333333 0.008333333333333333
5 0.5841666666666666 0.9675 0.011666666666666667 0.01
5 0.7608333333333334 0.44583333333333336 0.013333333333333334 0.013333333333333334
5 0.6891666666666667 0.4683333333333333 0.01 0.011666666666666667
5 0.5133333333333333 0.39166666666666666 0.013333333333333334 0.013333333333333334
5 0.7358333333333333 0.5783333333333334 0.01 0.01
5 0.5425 0.355 0.008333333333333333 0.008333333333333333
5 0.9266666666666666 0.4725 0.02 0.021666666666666667
5 0.7158333333333333 0.9708333333333333 0.01 0.008333333333333333
5 0.6866666666666666 0.16916666666666666 0.015 0.011666666666666667
5 0.30416666666666664 0.4508333333333333 0.013333333333333334 0.015
5 0.6333333333333333 0.18166666666666667 0.011666666666666667 0.011666666666666667
