5 0.5041666666666667 0.8808333333333334 0.016666666666666666 0.015
5 0.7341666666666666 0.22166666666666668 0.013333333333333334 0.016666666666666666
5 0.9783333333333334 0.18083333333333335 0.011666666666666667 0.01
5 0.9375 0.2525 0.011666666666666667 0.015
5 0.6325 0.89 0.01 0.008333333333333333
5 0.14166666666666666 0.4508333333333333 0.006666666666666667 0.01
5 0.8675 0.03 0.015 0.013333333333333334
5 0.37583333333333335 0.7533333333333333 0.008333333333333333 0.008333333333333333
5 0.17916666666666667 0.34 0.008333333333333333 0.008333333333333333
5 0.8633333333333333 0.9691666666666666 0.011666666666666667 0.011666666666666667
0 0.07583333333333334 0.04666666666666667 0.011666666666666667 0.015
0 0.225 0.18416666666666667 0.016666666666666666 0.016666666666666666
0 0.7683333333333333 0.67 0.01 0.008333333333333333
0 0.8625 0.24583333333333332 0.025 0.04833333333333333
0 0.4116666666666667 0.6833333333333333 0.008333333333333333 0.008333333333333333
0 0.09166666666666666 0.9183333333333333 0.013333333333333334 0.015
3 0.30666666666666664 0.24833333333333332 0.0875 0.06666666666666667
