5 0.21666666666666667 0.7041666666666667 0.008333333333333333 0.008333333333333333
5 0.04 0.018333333333333333 0.011666666666666667 0.011666666666666667
0 0.8208333333333333 0.19 0.023333333333333334 0.021666666666666667
0 0.625 0.215 0.016666666666666666 0.015
0 0.48 0.31416666666666665 0.023333333333333334 0.018333333333333333
0 0.8275 0.7816666666666666 0.01 0.01
0 0.20166666666666666 0.8425 0.016666666666666666 0.015
0 0.41333333333333333 0.11666666666666667 0.03333333333333333 0.03166666666666667
0 0.9041666666666667 0.7425 0.02 0.018333333333333333
0 0.8075 0.7666666666666667 0.023333333333333334 0.02666666666666667
