5 0.25916666666666666 0.875 0.016666666666666666 0.015
5 0.8216666666666667 0.4866666666666667 0.008333333333333333 0.008333333333333333
5 0.6866666666666666 0.5891666666666666 0.01 0.01
5 0.1275 0.14416666666666667 0.008333333333333333 0.008333333333333333
5 0.49083333333333334 0.23666666666666666 0.008333333333333333 0.008333333333333333
5 0.5708333333333333 0.39 0.011666666666666667 0.015
5 0.9775 0.3175 0.006666666666666667 0.006666666666666667
5 0.5733333333333334 0.3858333333333333 0.008333333333333333 0.008333333333333333
5 0.6116666666666667 0.19 0.008333333333333333 0.008333333333333333
5 0.38666666666666666 0.8166666666666667 0.008333333333333333 0.01
5 0.3541666666666667 0.35583333333333333 0.011666666666666667 0.013333333333333334
5 0.9391666666666667 0.2575 0.006666666666666667 0.006666666666666667
5 0.6541666666666667 0.8033333333333333 0.008333333333333333 0.006666666666666667
5 0.07916666666666666 0.7458333333333333 0.008333333333333333 0.008333333333333333
