5.0 0.1584833333333333 0.5748500000000001 0.009491666666666667 0.009266666666666666
4.0 0.1960333333333333 0.8197666666666668 0.11546666666666666 0.05693333333333333
4.0 0.36383333333333334 0.41725833333333334 0.05374166666666666 0.11603333333333334
4.0 0.8528583333333333 0.1390666666666667 0.11181666666666668 0.055358333333333336
5.0 0.6402583333333333 0.7648166666666667 0.010708333333333334 0.010125
5 0.6316666666666667 0.7333333333333333 0.008333333333333333 0.008333333333333333
5 0.010833333333333334 0.095 0.013333333333333334 0.015
5 0.058333333333333334 0.16333333333333333 0.013333333333333334 0.016666666666666666
5 0.6141666666666666 0.555 0.008333333333333333 0.01
5 0.24083333333333334 0.15333333333333332 0.013333333333333334 0.015
5 0.17 0.07583333333333334 0.006666666666666667 0.006666666666666667
5 0.8316666666666667 0.745 0.008333333333333333 0.008333333333333333
5 0.31583333333333335 0.17583333333333334 0.01 0.011666666666666667
5 0.4675 0.6633333333333333 0.011666666666666667 0.01
5 0.5958333333333333 0.7791666666666667 0.021666666666666667 0.02
5 0.535 0.475 0.008333333333333333 0.006666666666666667
5 0.10916666666666666 0.13833333333333334 0.006666666666666667 0.006666666666666667
5 0.2733333333333333 0.6858333333333333 0.016666666666666666 0.015
5 0.6875 0.6225 0.008333333333333333 0.008333333333333333
5 0.9383333333333334 0.8058333333333333 0.016666666666666666 0.015
5 0.3908333333333333 0.09166666666666666 0.015 0.011666666666666667
5 0.8375 0.3566666666666667 0.018333333333333333 0.021666666666666667
5 0.8266666666666667 0.9083333333333333 0.008333333333333333 0.006666666666666667
0 0.9041666666666667 0.485 0.015 0.013333333333333334
