5 0.8516666666666667 0.645 0.011666666666666667 0.01
5 0.11833333333333333 0.7433333333333333 0.011666666666666667 0.011666666666666667
5 0.03916666666666667 0.545 0.023333333333333334 0.02
5 0.41833333333333333 0.6991666666666667 0.008333333333333333 0.008333333333333333
5 0.015 0.6583333333333333 0.008333333333333333 0.008333333333333333
5 0.6408333333333334 0.33 0.016666666666666666 0.02
6 0.09166666666666666 0.49166666666666664 0.02 0.03333333333333333
6 0.6975 0.49916666666666665 0.023333333333333334 0.07833333333333334
6 0.21583333333333332 0.8616666666666667 0.051666666666666666 0.22166666666666668
6 0.4141666666666667 0.7266666666666667 0.03333333333333333 0.07833333333333334
