5 0.8541666666666666 0.9658333333333333 0.006666666666666667 0.006666666666666667
5 0.5691666666666667 0.5208333333333334 0.008333333333333333 0.008333333333333333
5 0.8375 0.4166666666666667 0.016666666666666666 0.016666666666666666
5 0.3908333333333333 0.4508333333333333 0.011666666666666667 0.011666666666666667
5 0.7825 0.5625 0.01 0.008333333333333333
5 0.2675 0.6091666666666666 0.013333333333333334 0.015
5 0.3908333333333333 0.4025 0.008333333333333333 0.008333333333333333
5 0.7108333333333333 0.6616666666666666 0.013333333333333334 0.011666666666666667
5 0.8283333333333334 0.43833333333333335 0.013333333333333334 0.015
5 0.7916666666666666 0.48333333333333334 0.008333333333333333 0.008333333333333333
5 0.9475 0.9383333333333334 0.008333333333333333 0.008333333333333333
5 0.7358333333333333 0.6583333333333333 0.02 0.018333333333333333
5 0.2758333333333333 0.5375 0.008333333333333333 0.008333333333333333
5 0.9808333333333333 0.4525 0.008333333333333333 0.008333333333333333
5 0.8616666666666667 0.9541666666666667 0.018333333333333333 0.016666666666666666
5 0.07083333333333333 0.06583333333333333 0.013333333333333334 0.015
5 0.4725 0.21583333333333332 0.013333333333333334 0.013333333333333334
0 0.095 0.17 0.016666666666666666 0.015
0 0.765 0.615 0.025 0.023333333333333334
