2.0 0.13332500000000003 0.20545454545454545 0.13731666666666667 0.05281901584653878
2.0 0.8533833333333334 0.26592160133444537 0.10520833333333333 0.07089241034195162
2.0 0.2930333333333333 0.7281150959132611 0.06229166666666667 0.09174311926605505
5 0.595 0.12 0.008333333333333333 0.005
5 0.9 0.9208333333333333 0.008333333333333333 0.008333333333333333
5 0.4866666666666667 0.8816666666666667 0.02 0.021666666666666667
5 0.2808333333333333 0.245 0.006666666666666667 0.008333333333333333
5 0.61 0.8908333333333334 0.008333333333333333 0.008333333333333333
5 0.7166666666666667 0.8016666666666666 0.008333333333333333 0.008333333333333333
5 0.4866666666666667 0.5058333333333334 0.008333333333333333 0.008333333333333333
5 0.4075 0.88 0.008333333333333333 0.008333333333333333
5 0.060833333333333336 0.034166666666666665 0.013333333333333334 0.011666666666666667
5 0.5858333333333333 0.016666666666666666 0.01 0.011666666666666667
5 0.26916666666666667 0.7916666666666666 0.008333333333333333 0.008333333333333333
