5 0.705 0.8475 0.011666666666666667 0.011666666666666667
5 0.5208333333333334 0.29083333333333333 0.006666666666666667 0.005
5 0.6641666666666667 0.056666666666666664 0.008333333333333333 0.006666666666666667
5 0.215 0.3725 0.01 0.008333333333333333
5 0.18916666666666668 0.010833333333333334 0.015 0.018333333333333333
5 0.655 0.285 0.008333333333333333 0.008333333333333333
5 0.8633333333333333 0.6116666666666667 0.008333333333333333 0.008333333333333333
5 0.035 0.4175 0.008333333333333333 0.008333333333333333
5 0.7758333333333334 0.8283333333333334 0.016666666666666666 0.015
5 0.605 0.9416666666666667 0.016666666666666666 0.015
5 0.42333333333333334 0.5508333333333333 0.01 0.01
