5.0 0.15265 0.5565166666666668 0.009491666666666667 0.009266666666666666
4.0 0.1902 0.8014333333333334 0.11546666666666666 0.05693333333333333
4.0 0.35800000000000004 0.398925 0.05374166666666666 0.11603333333333334
4.0 0.8470249999999999 0.12073333333333333 0.11181666666666668 0.055358333333333336
5.0 0.634425 0.7464833333333334 0.010708333333333334 0.010125
5 0.6233333333333333 0.27166666666666667 0.016666666666666666 0.015
5 0.14916666666666667 0.6783333333333333 0.006666666666666667 0.006666666666666667
5 0.19666666666666666 0.8008333333333333 0.013333333333333334 0.013333333333333334
5 0.8416666666666667 0.6441666666666667 0.016666666666666666 0.018333333333333333
5 0.9791666666666666 0.7758333333333334 0.008333333333333333 0.008333333333333333
5 0.5425 0.9808333333333333 0.015 0.011666666666666667
5 0.8041666666666667 0.845 0.02 0.02
