7.0 0.55175 0.478037253266611 0.15805833333333333 0.7297748123436196
5 0.5416666666666666 0.31083333333333335 0.015 0.018333333333333333
5 0.4216666666666667 0.5441666666666667 0.008333333333333333 0.008333333333333333
5 0.695 0.11083333333333334 0.013333333333333334 0.013333333333333334
5 0.4716666666666667 0.23666666666666666 0.015 0.021666666666666667
5 0.37916666666666665 0.885 0.015 0.013333333333333334
5 0.875 0.1375 0.01 0.01
5 0.46166666666666667 0.3908333333333333 0.008333333333333333 0.008333333333333333
5 0.07416666666666667 0.9041666666666667 0.011666666666666667 0.011666666666666667
5 0.2175 0.3125 0.006666666666666667 0.008333333333333333
5 0.6725 0.4675 0.011666666666666667 0.011666666666666667
5 0.935 0.17333333333333334 0.01 0.008333333333333333
5 0.13166666666666665 0.6083333333333333 0.011666666666666667 0.013333333333333334
5 0.12666666666666668 0.115 0.013333333333333334 0.011666666666666667
6 0.4375 0.7508333333333334 0.02 0.03333333333333333
6 0.5608333333333333 0.9133333333333333 0.02 0.03333333333333333
6 0.2525 0.29083333333333333 0.02 0.028333333333333332
6 0.7725 0.18166666666666667 0.03333333333333333 0.16166666666666665
