5 0.14583333333333334 0.16916666666666666 0.008333333333333333 0.01
5 0.4525 0.3825 0.013333333333333334 0.015
5 0.1275 0.32083333333333336 0.015 0.015
5 0.39916666666666667 0.6766666666666666 0.02 0.015
5 0.8441666666666666 0.23416666666666666 0.011666666666666667 0.015
5 0.32 0.8066666666666666 0.013333333333333334 0.011666666666666667
5 0.5841666666666666 0.365 0.011666666666666667 0.01
5 0.7041666666666667 0.08083333333333333 0.008333333333333333 0.01
5 0.4 0.6383333333333333 0.008333333333333333 0.008333333333333333
5 0.855 0.84 0.01 0.01
5 0.3308333333333333 0.07416666666666667 0.008333333333333333 0.008333333333333333
5 0.5375 0.4558333333333333 0.008333333333333333 0.008333333333333333
5 0.30083333333333334 0.025 0.008333333333333333 0.008333333333333333
5 0.8666666666666667 0.18333333333333332 0.013333333333333334 0.015
0 0.5633333333333334 0.5591666666666667 0.02666666666666667 0.023333333333333334
0 0.04083333333333333 0.36333333333333334 0.018333333333333333 0.013333333333333334
0 0.655 0.14166666666666666 0.01 0.011666666666666667
0 0.94 0.7033333333333334 0.01 0.013333333333333334
0 0.18083333333333335 0.9575 0.01 0.01
0 0.8425 0.8 0.013333333333333334 0.015
0 0.13916666666666666 0.195 0.01 0.011666666666666667
0 0.38666666666666666 0.9633333333333334 0.023333333333333334 0.018333333333333333
0 0.25 0.20166666666666666 0.02666666666666667 0.025
