5 0.43583333333333335 0.9133333333333333 0.011666666666666667 0.01
5 0.10916666666666666 0.49333333333333335 0.01 0.01
5 0.81 0.64 0.01 0.011666666666666667
5 0.23083333333333333 0.041666666666666664 0.01 0.01
5 0.5583333333333333 0.3408333333333333 0.01 0.01
5 0.78 0.2475 0.008333333333333333 0.005
5 0.3375 0.20916666666666667 0.01 0.01
5 0.87 0.2891666666666667 0.02 0.016666666666666666
5 0.5366666666666666 0.13416666666666666 0.006666666666666667 0.005
5 0.24333333333333335 0.9791666666666666 0.018333333333333333 0.016666666666666666
5 0.8316666666666667 0.7808333333333334 0.011666666666666667 0.011666666666666667
5 0.6425 0.2175 0.01 0.008333333333333333
5 0.42333333333333334 0.49166666666666664 0.008333333333333333 0.008333333333333333
5 0.3433333333333333 0.8708333333333333 0.011666666666666667 0.011666666666666667
5 0.19333333333333333 0.7633333333333333 0.01 0.008333333333333333
5 0.018333333333333333 0.005833333333333334 0.006666666666666667 0.008333333333333333
