8.0 0.19988869863013697 0.5521956087824351 0.24017123287671233 0.4959965782720274
8.0 0.5012756849315069 0.657259766181922 0.3224058219178082 0.2578699743370402
5 0.275 0.7666666666666667 0.011666666666666667 0.011666666666666667
5 0.7258333333333333 0.1875 0.011666666666666667 0.013333333333333334
5 0.6575 0.44166666666666665 0.01 0.008333333333333333
5 0.06583333333333333 0.5675 0.018333333333333333 0.016666666666666666
5 0.215 0.5875 0.01 0.008333333333333333
5 0.5758333333333333 0.6675 0.008333333333333333 0.008333333333333333
5 0.195 0.9575 0.01 0.01
5 0.7325 0.39916666666666667 0.006666666666666667 0.006666666666666667
5 0.42833333333333334 0.885 0.011666666666666667 0.015
5 0.3466666666666667 0.43666666666666665 0.006666666666666667 0.006666666666666667
5 0.98 0.8708333333333333 0.01 0.01
5 0.095 0.855 0.008333333333333333 0.008333333333333333
5 0.8375 0.029166666666666667 0.006666666666666667 0.008333333333333333
5 0.3975 0.6566666666666666 0.016666666666666666 0.018333333333333333
5 0.65 0.8275 0.011666666666666667 0.011666666666666667
5 0.8466666666666667 0.54 0.013333333333333334 0.013333333333333334
5 0.49333333333333335 0.85 0.006666666666666667 0.008333333333333333
