4.0 0.18055000000000004 0.8120833333333333 0.117875 0.05416666666666667
4.0 0.34372500000000006 0.4093083333333334 0.052975 0.12083333333333333
4.0 0.8401833333333334 0.12388333333333335 0.120475 0.061116666666666666
5 0.3575 0.9875 0.008333333333333333 0.008333333333333333
5 0.4325 0.9383333333333334 0.01 0.01
5 0.5675 0.44 0.015 0.015
5 0.33416666666666667 0.5991666666666666 0.01 0.01
5 0.8475 0.28833333333333333 0.013333333333333334 0.015
5 0.3933333333333333 0.6083333333333333 0.01 0.008333333333333333
5 0.32166666666666666 0.71 0.013333333333333334 0.01
5 0.25333333333333335 0.175 0.008333333333333333 0.008333333333333333
5 0.8966666666666666 0.85 0.008333333333333333 0.006666666666666667
5 0.2783333333333333 0.875 0.015 0.021666666666666667
5 0.6558333333333334 0.9325 0.01 0.011666666666666667
5 0.07 0.48333333333333334 0.013333333333333334 0.013333333333333334
5 0.5025 0.11166666666666666 0.008333333333333333 0.008333333333333333
5 0.3983333333333333 0.6741666666666667 0.02 0.016666666666666666
5 0.655 0.18916666666666668 0.008333333333333333 0.006666666666666667
5 0.7266666666666667 0.4608333333333333 0.013333333333333334 0.011666666666666667
5 0.6983333333333334 0.058333333333333334 0.006666666666666667 0.008333333333333333
