4.0 0.07755368814192344 0.7863193146417445 0.08363211951447246 0.13842056074766357
4.0 0.4806816059757237 0.5102352024922119 0.08781512605042016 0.07545794392523364
4.0 0.8256022408963586 0.36757165109034273 0.10249299719887955 0.10450467289719625
4.0 0.636311858076564 0.9601791277258568 0.1273856209150327 0.05834579439252337
5.0 0.6300280112044817 0.3583566978193147 0.011559290382819795 0.011102803738317757
5 0.7541666666666667 0.8966666666666666 0.006666666666666667 0.006666666666666667
5 0.6416666666666667 0.8333333333333334 0.013333333333333334 0.015
5 0.3616666666666667 0.5483333333333333 0.015 0.015
5 0.4716666666666667 0.3433333333333333 0.011666666666666667 0.013333333333333334
5 0.82 0.24083333333333334 0.006666666666666667 0.006666666666666667
5 0.7158333333333333 0.4116666666666667 0.016666666666666666 0.011666666666666667
5 0.7725 0.7608333333333334 0.011666666666666667 0.011666666666666667
5 0.33666666666666667 0.7775 0.011666666666666667 0.011666666666666667
5 0.8291666666666667 0.7641666666666667 0.015 0.015
5 0.1925 0.7783333333333333 0.016666666666666666 0.02
5 0.5525 0.35083333333333333 0.013333333333333334 0.015
5 0.2075 0.9516666666666667 0.01 0.01
5 0.38333333333333336 0.38666666666666666 0.02 0.016666666666666666
5 0.7316666666666667 0.8466666666666667 0.013333333333333334 0.015
