5 0.049166666666666664 0.7616666666666667 0.01 0.01
5 0.18583333333333332 0.6083333333333333 0.013333333333333334 0.013333333333333334
5 0.7991666666666667 0.5816666666666667 0.021666666666666667 0.02
5 0.19666666666666666 0.52 0.011666666666666667 0.013333333333333334
5 0.43 0.6458333333333334 0.013333333333333334 0.01
5 0.9083333333333333 0.735 0.016666666666666666 0.015
5 0.2575 0.0975 0.006666666666666667 0.006666666666666667
5 0.5075 0.3641666666666667 0.011666666666666667 0.011666666666666667
5 0.17583333333333334 0.6816666666666666 0.008333333333333333 0.008333333333333333
5 0.06666666666666667 0.7633333333333333 0.013333333333333334 0.015
5 0.825 0.43083333333333335 0.015 0.013333333333333334
5 0.15916666666666668 0.2625 0.011666666666666667 0.01
5 0.015 0.1625 0.01 0.01
5 0.5716666666666667 0.0275 0.006666666666666667 0.006666666666666667
5 0.005833333333333334 0.6758333333333333 0.01 0.01
