5 0.16333333333333333 0.5008333333333334 0.015 0.013333333333333334
5 0.36916666666666664 0.4175 0.01 0.01
5 0.37333333333333335 0.9341666666666667 0.011666666666666667 0.01
5 0.6566666666666666 0.7983333333333333 0.011666666666666667 0.011666666666666667
5 0.7516666666666667 0.3433333333333333 0.013333333333333334 0.013333333333333334
5 0.865 0.30583333333333335 0.01 0.008333333333333333
5 0.15333333333333332 0.9125 0.008333333333333333 0.006666666666666667
5 0.5991666666666666 0.5825 0.015 0.015
5 0.885 0.94 0.018333333333333333 0.021666666666666667
5 0.9383333333333334 0.15833333333333333 0.006666666666666667 0.008333333333333333
0 0.24583333333333332 0.05416666666666667 0.03333333333333333 0.028333333333333332
0 0.6933333333333334 0.9641666666666666 0.015 0.013333333333333334
0 0.17583333333333334 0.7066666666666667 0.013333333333333334 0.011666666666666667
0 0.9483333333333334 0.8616666666666667 0.023333333333333334 0.018333333333333333
0 0.9208333333333333 0.6275 0.016666666666666666 0.013333333333333334
0 0.8591666666666666 0.1625 0.02 0.018333333333333333
0 0.895 0.5716666666666667 0.013333333333333334 0.015
