8.0 0.22905536529680365 0.5546956087824352 0.24017123287671233 0.4959965782720274
8.0 0.5304423515981735 0.6597597661819219 0.3224058219178082 0.2578699743370402
5 0.31333333333333335 0.995 0.008333333333333333 0.008333333333333333
0 0.015833333333333335 0.8 0.02 0.021666666666666667
0 0.49833333333333335 0.285 0.011666666666666667 0.011666666666666667
0 0.08833333333333333 0.23916666666666667 0.028333333333333332 0.025
0 0.79 0.405 0.011666666666666667 0.011666666666666667
0 0.4691666666666667 0.6983333333333334 0.021666666666666667 0.025
0 0.0575 0.16083333333333333 0.015 0.016666666666666666
0 0.10166666666666667 0.9491666666666667 0.013333333333333334 0.011666666666666667
0 0.8583333333333333 0.4475 0.023333333333333334 0.02666666666666667
