5 0.8016666666666666 0.2833333333333333 0.011666666666666667 0.011666666666666667
5 0.295 0.20833333333333334 0.008333333333333333 0.008333333333333333
5 0.4166666666666667 0.21833333333333332 0.008333333333333333 0.01
5 0.2075 0.11 0.008333333333333333 0.008333333333333333
5 0.7225 0.9141666666666667 0.013333333333333334 0.011666666666666667
5 0.6633333333333333 0.53 0.011666666666666667 0.01
0 0.3541666666666667 0.91 0.02666666666666667 0.025
0 0.97 0.5641666666666667 0.008333333333333333 0.01
0 0.9883333333333333 0.06416666666666666 0.016666666666666666 0.015
0 0.645 0.9333333333333333 0.021666666666666667 0.023333333333333334
0 0.08333333333333333 0.27166666666666667 0.008333333333333333 0.008333333333333333
