5 0.9541666666666667 0.20416666666666666 0.018333333333333333 0.018333333333333333
5 0.5308333333333334 0.5941666666666666 0.013333333333333334 0.013333333333333334
5 0.12166666666666667 0.49583333333333335 0.018333333333333333 0.016666666666666666
5 0.9241666666666667 0.14333333333333334 0.013333333333333334 0.011666666666666667
5 0.755 0.7925 0.016666666666666666 0.018333333333333333
5 0.5775 0.41333333333333333 0.015 0.013333333333333334
5 0.3425 0.3475 0.01 0.011666666666666667
5 0.46 0.30333333333333334 0.021666666666666667 0.02
5 0.6241666666666666 0.3441666666666667 0.008333333333333333 0.008333333333333333
5 0.24083333333333334 0.62 0.008333333333333333 0.006666666666666667
5 0.145 0.9941666666666666 0.008333333333333333 0.008333333333333333
5 0.6625 0.29583333333333334 0.008333333333333333 0.008333333333333333
5 0.225 0.3516666666666667 0.011666666666666667 0.011666666666666667
5 0.3325 0.4425 0.013333333333333334 0.013333333333333334
5 0.9208333333333333 0.6808333333333333 0.013333333333333334 0.013333333333333334
5 0.7491666666666666 0.3408333333333333 0.01 0.011666666666666667
5 0.14833333333333334 0.12583333333333332 0.008333333333333333 0.01
5 0.4083333333333333 0.13 0.013333333333333334 0.013333333333333334
5 0.395 0.024166666666666666 0.006666666666666667 0.01
