5 0.3225 0.705 0.006666666666666667 0.008333333333333333
5 0.7508333333333334 0.6016666666666667 0.008333333333333333 0.008333333333333333
5 0.665 0.31 0.008333333333333333 0.008333333333333333
5 0.335 0.4091666666666667 0.011666666666666667 0.01
5 0.8616666666666667 0.5691666666666667 0.008333333333333333 0.008333333333333333
5 0.9041666666666667 0.49583333333333335 0.013333333333333334 0.013333333333333334
5 0.6591666666666667 0.23833333333333334 0.01 0.01
5 0.3491666666666667 0.14833333333333334 0.016666666666666666 0.015
5 0.4791666666666667 0.23 0.01 0.008333333333333333
5 0.8425 0.9525 0.01 0.01
5 0.28583333333333333 0.5941666666666666 0.011666666666666667 0.011666666666666667
5 0.14 0.16083333333333333 0.006666666666666667 0.006666666666666667
5 0.83 0.455 0.02 0.018333333333333333
5 0.5291666666666667 0.5241666666666667 0.008333333333333333 0.006666666666666667
5 0.09416666666666666 0.43666666666666665 0.01 0.011666666666666667
5 0.9741666666666666 0.4841666666666667 0.013333333333333334 0.016666666666666666
5 0.25083333333333335 0.845 0.01 0.01
5 0.9341666666666667 0.865 0.015 0.015
