5 0.10166666666666667 0.5533333333333333 0.011666666666666667 0.01
5 0.8516666666666667 0.7075 0.015 0.015
5 0.4666666666666667 0.0375 0.008333333333333333 0.008333333333333333
5 0.4683333333333333 0.09083333333333334 0.008333333333333333 0.008333333333333333
5 0.475 0.6 0.01 0.01
5 0.5958333333333333 0.9791666666666666 0.013333333333333334 0.025
5 0.8708333333333333 0.45 0.013333333333333334 0.013333333333333334
5 0.4658333333333333 0.5116666666666667 0.011666666666666667 0.011666666666666667
5 0.9191666666666667 0.7725 0.016666666666666666 0.015
5 0.43166666666666664 0.11666666666666667 0.015 0.011666666666666667
5 0.2825 0.58 0.011666666666666667 0.01
5 0.43916666666666665 0.6033333333333334 0.01 0.016666666666666666
5 0.6591666666666667 0.5083333333333333 0.008333333333333333 0.008333333333333333
5 0.21166666666666667 0.6816666666666666 0.015 0.013333333333333334
5 0.9416666666666667 0.5858333333333333 0.008333333333333333 0.008333333333333333
5 0.375 0.9591666666666666 0.006666666666666667 0.008333333333333333
5 0.2916666666666667 0.4041666666666667 0.01 0.008333333333333333
5 0.15583333333333332 0.7316666666666667 0.008333333333333333 0.008333333333333333
5 0.021666666666666667 0.5583333333333333 0.016666666666666666 0.015
