5 0.23833333333333334 0.6416666666666667 0.006666666666666667 0.006666666666666667
5 0.3591666666666667 0.6916666666666667 0.015 0.013333333333333334
5 0.4066666666666667 0.525 0.015 0.016666666666666666
5 0.855 0.06333333333333334 0.008333333333333333 0.008333333333333333
5 0.3983333333333333 0.11083333333333334 0.013333333333333334 0.011666666666666667
5 0.17833333333333334 0.5158333333333334 0.008333333333333333 0.008333333333333333
5 0.15916666666666668 0.06666666666666667 0.013333333333333334 0.016666666666666666
5 0.32083333333333336 0.7666666666666667 0.01 0.011666666666666667
0 0.4483333333333333 0.56 0.023333333333333334 0.02666666666666667
6 0.37333333333333335 0.6766666666666666 0.051666666666666666 0.22166666666666668
6 0.0575 0.4166666666666667 0.03333333333333333 0.16166666666666665
6 0.2425 0.4008333333333333 0.041666666666666664 0.021666666666666667
6 0.8541666666666666 0.44916666666666666 0.01 0.018333333333333333
