5.0 0.15276666666666663 0.8061 0.0077 0.007575
5.0 0.5372833333333333 0.38780833333333337 0.01085 0.011333333333333332
5.0 0.9814 0.726675 0.009975000000000001 0.012191666666666667
4.0 0.8549666666666667 0.09582500000000002 0.10049999999999999 0.0516
4.0 0.36658333333333326 0.3805 0.051491666666666665 0.11060833333333332
4.0 0.2003083333333333 0.7819750000000001 0.11238333333333335 0.062275000000000004
5 0.3875 0.41083333333333333 0.006666666666666667 0.008333333333333333
5 0.37333333333333335 0.37083333333333335 0.011666666666666667 0.013333333333333334
5 0.33 0.7925 0.01 0.01
5 0.725 0.7433333333333333 0.008333333333333333 0.008333333333333333
5 0.4533333333333333 0.2941666666666667 0.016666666666666666 0.015
5 0.7358333333333333 0.555 0.008333333333333333 0.008333333333333333
5 0.9166666666666666 0.43 0.006666666666666667 0.008333333333333333
