8.0 0.1819111111111111 0.5538955555555556 0.27585777777777776 0.6886844444444444
8.0 0.50056 0.6730866666666666 0.3336 0.2627911111111111
5 0.3575 0.845 0.011666666666666667 0.011666666666666667
5 0.7725 0.0675 0.013333333333333334 0.013333333333333334
5 0.4141666666666667 0.2916666666666667 0.013333333333333334 0.011666666666666667
5 0.7533333333333333 0.42583333333333334 0.011666666666666667 0.01
5 0.2658333333333333 0.235 0.011666666666666667 0.011666666666666667
5 0.61 0.6708333333333333 0.015 0.015
0 0.19833333333333333 0.44583333333333336 0.02 0.013333333333333334
0 0.0475 0.8233333333333334 0.02 0.028333333333333332
0 0.7891666666666667 0.6991666666666667 0.011666666666666667 0.013333333333333334
