5 0.5116666666666667 0.41083333333333333 0.008333333333333333 0.008333333333333333
5 0.4608333333333333 0.24333333333333335 0.01 0.008333333333333333
5 0.7416666666666667 0.8608333333333333 0.011666666666666667 0.015
5 0.010833333333333334 0.15666666666666668 0.008333333333333333 0.008333333333333333
5 0.30666666666666664 0.6641666666666667 0.008333333333333333 0.008333333333333333
5 0.31166666666666665 0.05416666666666667 0.016666666666666666 0.02
5 0.25333333333333335 0.5741666666666667 0.008333333333333333 0.008333333333333333
5 0.4775 0.9133333333333333 0.008333333333333333 0.008333333333333333
5 0.25416666666666665 0.2375 0.011666666666666667 0.011666666666666667
5 0.10083333333333333 0.7625 0.008333333333333333 0.008333333333333333
5 0.065 0.3233333333333333 0.006666666666666667 0.008333333333333333
5 0.425 0.8708333333333333 0.016666666666666666 0.015
5 0.37666666666666665 0.21416666666666667 0.008333333333333333 0.008333333333333333
5 0.7516666666666667 0.49333333333333335 0.01 0.01
5 0.4791666666666667 0.07083333333333333 0.008333333333333333 0.005
5 0.98 0.4125 0.008333333333333333 0.008333333333333333
5 0.7091666666666666 0.9216666666666666 0.01 0.01
5 0.1575 0.59 0.02 0.021666666666666667
5 0.9866666666666667 0.016666666666666666 0.015 0.013333333333333334
