5 0.4 0.6983333333333334 0.015 0.013333333333333334
5 0.4825 0.3358333333333333 0.011666666666666667 0.011666666666666667
5 0.6933333333333334 0.195 0.008333333333333333 0.006666666666666667
5 0.6225 0.6466666666666666 0.011666666666666667 0.015
5 0.23416666666666666 0.09 0.01 0.01
5 0.5841666666666666 0.32916666666666666 0.011666666666666667 0.011666666666666667
5 0.18833333333333332 0.6241666666666666 0.008333333333333333 0.01
5 0.4625 0.0075 0.01 0.008333333333333333
5 0.5775 0.12416666666666666 0.01 0.008333333333333333
5 0.5475 0.36916666666666664 0.011666666666666667 0.01
5 0.9516666666666667 0.8858333333333334 0.013333333333333334 0.025
5 0.7075 0.76 0.008333333333333333 0.01
5 0.8358333333333333 0.7991666666666667 0.006666666666666667 0.006666666666666667
