2.0 0.12457499999999999 0.1726529051987768 0.13593333333333335 0.058381984987489574
2.0 0.8446333333333332 0.22755699193772588 0.08993333333333334 0.06255212677231026
2.0 0.28428333333333333 0.6966979427300528 0.07201666666666667 0.09730608840700584
5 0.41 0.9475 0.013333333333333334 0.011666666666666667
5 0.2925 0.025 0.008333333333333333 0.008333333333333333
5 0.8666666666666667 0.5158333333333334 0.008333333333333333 0.008333333333333333
5 0.5383333333333333 0.295 0.015 0.015
5 0.7183333333333334 0.025 0.01 0.011666666666666667
5 0.9366666666666666 0.07333333333333333 0.006666666666666667 0.006666666666666667
5 0.955 0.49916666666666665 0.01 0.01
5 0.6083333333333333 0.315 0.008333333333333333 0.008333333333333333
5 0.7683333333333333 0.4275 0.008333333333333333 0.008333333333333333
