2.0 0.14932172318973416 0.02864984709480123 0.0731255728689276 0.07339449541284404
2.0 0.648808432630614 0.5110626911314985 0.05467461044912924 0.05045871559633028
2.0 0.20278643446379468 0.8260443425076454 0.08838680109990835 0.0779816513761468
5 0.7208333333333333 0.06666666666666667 0.008333333333333333 0.008333333333333333
5 0.5225 0.215 0.008333333333333333 0.008333333333333333
5 0.7783333333333333 0.8033333333333333 0.006666666666666667 0.005
5 0.8808333333333334 0.355 0.01 0.01
5 0.8408333333333333 0.5391666666666667 0.008333333333333333 0.008333333333333333
5 0.051666666666666666 0.8658333333333333 0.008333333333333333 0.008333333333333333
5 0.9025 0.35583333333333333 0.011666666666666667 0.015
5 0.635 0.6833333333333333 0.013333333333333334 0.011666666666666667
5 0.2225 0.8833333333333333 0.018333333333333333 0.016666666666666666
5 0.11916666666666667 0.31583333333333335 0.008333333333333333 0.008333333333333333
5 0.023333333333333334 0.8433333333333334 0.013333333333333334 0.013333333333333334
5 0.085 0.7733333333333333 0.016666666666666666 0.018333333333333333
5 0.6741666666666667 0.235 0.008333333333333333 0.008333333333333333
5 0.20416666666666666 0.9133333333333333 0.011666666666666667 0.011666666666666667
