5 0.84 0.51 0.015 0.013333333333333334
5 0.6125 0.6458333333333334 0.013333333333333334 0.013333333333333334
5 0.6816666666666666 0.6625 0.013333333333333334 0.015
5 0.485 0.9041666666666667 0.013333333333333334 0.011666666666666667
5 0.24666666666666667 0.37166666666666665 0.011666666666666667 0.013333333333333334
5 0.635 0.03333333333333333 0.015 0.015
5 0.025833333333333333 0.9291666666666667 0.008333333333333333 0.008333333333333333
5 0.7958333333333333 0.215 0.008333333333333333 0.006666666666666667
0 0.47583333333333333 0.07833333333333334 0.008333333333333333 0.008333333333333333
0 0.7158333333333333 0.6908333333333333 0.028333333333333332 0.023333333333333334
0 0.6866666666666666 0.0825 0.023333333333333334 0.023333333333333334
0 0.19 0.09916666666666667 0.021666666666666667 0.025
0 0.3675 0.6475 0.016666666666666666 0.015
0 0.5766666666666667 0.6266666666666667 0.02666666666666667 0.028333333333333332
0 0.6633333333333333 0.12333333333333334 0.013333333333333334 0.016666666666666666
0 0.8033333333333333 0.4841666666666667 0.018333333333333333 0.018333333333333333
