5 0.6875 0.39166666666666666 0.01 0.011666666666666667
5 0.8691666666666666 0.58 0.008333333333333333 0.01
5 0.8383333333333334 0.6833333333333333 0.008333333333333333 0.006666666666666667
5 0.25333333333333335 0.7591666666666667 0.008333333333333333 0.008333333333333333
5 0.38 0.7683333333333333 0.015 0.013333333333333334
5 0.2975 0.9916666666666667 0.008333333333333333 0.008333333333333333
5 0.010833333333333334 0.2025 0.008333333333333333 0.01
5 0.45666666666666667 0.7408333333333333 0.013333333333333334 0.011666666666666667
5 0.0525 0.24416666666666667 0.01 0.01
5 0.5875 0.8883333333333333 0.008333333333333333 0.008333333333333333
5 0.09833333333333333 0.23916666666666667 0.016666666666666666 0.015
0 0.44666666666666666 0.8466666666666667 0.013333333333333334 0.011666666666666667
0 0.77 0.77 0.008333333333333333 0.011666666666666667
0 0.7333333333333333 0.9341666666666667 0.023333333333333334 0.021666666666666667
0 0.5333333333333333 0.3541666666666667 0.03333333333333333 0.028333333333333332
0 0.4166666666666667 0.6983333333333334 0.011666666666666667 0.013333333333333334
0 0.7166666666666667 0.6166666666666667 0.035 0.04
0 0.7441666666666666 0.19833333333333333 0.013333333333333334 0.01
0 0.30333333333333334 0.775 0.02666666666666667 0.028333333333333332
