5 0.32 0.41083333333333333 0.006666666666666667 0.008333333333333333
5 0.115 0.2658333333333333 0.008333333333333333 0.01
5 0.16333333333333333 0.48333333333333334 0.015 0.013333333333333334
5 0.4175 0.2875 0.011666666666666667 0.011666666666666667
5 0.14833333333333334 0.38083333333333336 0.01 0.01
5 0.3 0.2775 0.013333333333333334 0.015
5 0.7291666666666666 0.2625 0.008333333333333333 0.008333333333333333
5 0.7391666666666666 0.3433333333333333 0.016666666666666666 0.018333333333333333
5 0.73 0.6391666666666667 0.02 0.016666666666666666
5 0.7725 0.3908333333333333 0.013333333333333334 0.011666666666666667
5 0.13583333333333333 0.8516666666666667 0.018333333333333333 0.016666666666666666
5 0.8808333333333334 0.69 0.015 0.015
5 0.055 0.11666666666666667 0.008333333333333333 0.008333333333333333
5 0.8058333333333333 0.13916666666666666 0.008333333333333333 0.008333333333333333
5 0.13166666666666665 0.035 0.008333333333333333 0.008333333333333333
