5 0.006666666666666667 0.5808333333333333 0.01 0.008333333333333333
5 0.27666666666666667 0.055 0.015 0.011666666666666667
5 0.095 0.8983333333333333 0.021666666666666667 0.018333333333333333
0 0.6658333333333334 0.9108333333333334 0.045 0.041666666666666664
0 0.155 0.4658333333333333 0.013333333333333334 0.011666666666666667
0 0.05333333333333334 0.9766666666666667 0.016666666666666666 0.016666666666666666
0 0.15083333333333335 0.29083333333333333 0.023333333333333334 0.025
0 0.4658333333333333 0.35 0.015 0.016666666666666666
0 0.94 0.8225 0.008333333333333333 0.008333333333333333
0 0.4666666666666667 0.2733333333333333 0.01 0.008333333333333333
