5 0.18333333333333332 0.9733333333333334 0.006666666666666667 0.008333333333333333
5 0.6491666666666667 0.6175 0.021666666666666667 0.018333333333333333
5 0.87 0.23083333333333333 0.008333333333333333 0.006666666666666667
5 0.1525 0.12416666666666666 0.008333333333333333 0.008333333333333333
5 0.9908333333333333 0.4866666666666667 0.015 0.015
5 0.15333333333333332 0.6575 0.016666666666666666 0.018333333333333333
5 0.525 0.7216666666666667 0.011666666666666667 0.013333333333333334
5 0.10916666666666666 0.2866666666666667 0.011666666666666667 0.01
5 0.5841666666666666 0.42 0.016666666666666666 0.015
5 0.3333333333333333 0.3283333333333333 0.01 0.01
5 0.7966666666666666 0.37833333333333335 0.01 0.008333333333333333
5 0.9616666666666667 0.4025 0.01 0.008333333333333333
5 0.023333333333333334 0.7116666666666667 0.015 0.016666666666666666
5 0.5266666666666666 0.2125 0.008333333333333333 0.008333333333333333
5 0.5741666666666667 0.6175 0.006666666666666667 0.006666666666666667
5 0.028333333333333332 0.9016666666666666 0.006666666666666667 0.006666666666666667
5 0.6891666666666667 0.5 0.016666666666666666 0.016666666666666666
