5 0.5108333333333334 0.43333333333333335 0.01 0.011666666666666667
5 0.8683333333333333 0.8083333333333333 0.01 0.01
5 0.27166666666666667 0.4675 0.008333333333333333 0.006666666666666667
5 0.5166666666666667 0.3491666666666667 0.006666666666666667 0.006666666666666667
5 0.7783333333333333 0.11833333333333333 0.008333333333333333 0.008333333333333333
5 0.7041666666666667 0.1325 0.02 0.016666666666666666
5 0.095 0.2733333333333333 0.01 0.01
5 0.22416666666666665 0.7316666666666667 0.013333333333333334 0.015
5 0.3933333333333333 0.9758333333333333 0.006666666666666667 0.006666666666666667
6 0.2633333333333333 0.6325 0.04833333333333333 0.17
6 0.33416666666666667 0.8608333333333333 0.041666666666666664 0.021666666666666667
