5 0.3575 0.38916666666666666 0.01 0.01
5 0.67 0.23 0.006666666666666667 0.006666666666666667
5 0.5683333333333334 0.095 0.013333333333333334 0.016666666666666666
5 0.13333333333333333 0.2075 0.011666666666666667 0.011666666666666667
5 0.3225 0.10166666666666667 0.015 0.016666666666666666
5 0.6441666666666667 0.6033333333333334 0.015 0.011666666666666667
5 0.9833333333333333 0.21083333333333334 0.018333333333333333 0.021666666666666667
5 0.9825 0.2075 0.013333333333333334 0.013333333333333334
5 0.6033333333333334 0.6158333333333333 0.008333333333333333 0.008333333333333333
0 0.3 0.5283333333333333 0.013333333333333334 0.011666666666666667
0 0.6383333333333333 0.9766666666666667 0.03333333333333333 0.03333333333333333
0 0.1575 0.29833333333333334 0.021666666666666667 0.025
0 0.7208333333333333 0.3441666666666667 0.023333333333333334 0.02666666666666667
0 0.195 0.09416666666666666 0.02 0.021666666666666667
0 0.7491666666666666 0.6 0.02 0.015
0 0.8325 0.4775 0.021666666666666667 0.021666666666666667
