5 0.20666666666666667 0.355 0.013333333333333334 0.013333333333333334
5 0.07583333333333334 0.056666666666666664 0.013333333333333334 0.016666666666666666
5 0.8541666666666666 0.855 0.02 0.018333333333333333
5 0.405 0.15583333333333332 0.006666666666666667 0.008333333333333333
5 0.050833333333333335 0.4775 0.015 0.018333333333333333
5 0.26916666666666667 0.9591666666666666 0.006666666666666667 0.006666666666666667
5 0.4325 0.5725 0.008333333333333333 0.008333333333333333
5 0.4608333333333333 0.6175 0.018333333333333333 0.016666666666666666
5 0.5383333333333333 0.5216666666666666 0.008333333333333333 0.008333333333333333
5 0.6233333333333333 0.7933333333333333 0.008333333333333333 0.008333333333333333
5 0.20666666666666667 0.16833333333333333 0.02 0.018333333333333333
5 0.4708333333333333 0.6541666666666667 0.008333333333333333 0.008333333333333333
5 0.7908333333333334 0.7483333333333333 0.01 0.01
5 0.5216666666666666 0.16083333333333333 0.008333333333333333 0.008333333333333333
5 0.32 0.21333333333333335 0.01 0.01
5 0.205 0.7941666666666667 0.008333333333333333 0.01
5 0.235 0.9158333333333334 0.011666666666666667 0.011666666666666667
