5 0.3675 0.6675 0.02 0.018333333333333333
5 0.875 0.1375 0.008333333333333333 0.008333333333333333
5 0.5041666666666667 0.4675 0.018333333333333333 0.021666666666666667
5 0.44166666666666665 0.6583333333333333 0.008333333333333333 0.008333333333333333
5 0.5 0.1725 0.008333333333333333 0.008333333333333333
5 0.1225 0.5191666666666667 0.008333333333333333 0.01
5 0.7341666666666666 0.9316666666666666 0.01 0.016666666666666666
5 0.6683333333333333 0.12 0.01 0.008333333333333333
5 0.8883333333333333 0.17833333333333334 0.011666666666666667 0.013333333333333334
5 0.33166666666666667 0.10833333333333334 0.011666666666666667 0.01
5 0.42083333333333334 0.4841666666666667 0.008333333333333333 0.008333333333333333
5 0.30833333333333335 0.029166666666666667 0.013333333333333334 0.011666666666666667
5 0.014166666666666666 0.20083333333333334 0.008333333333333333 0.008333333333333333
5 0.5641666666666667 0.31333333333333335 0.01 0.01
