1.0 0.082225 0.1100916666666667 0.044725 0.0455
1.0 0.92385 0.8496333333333332 0.03870833333333334 0.038391666666666664
5 0.5433333333333333 0.12083333333333333 0.008333333333333333 0.005
5 0.7166666666666667 0.6125 0.008333333333333333 0.01
5 0.8733333333333333 0.0775 0.008333333333333333 0.008333333333333333
5 0.5366666666666666 0.7775 0.013333333333333334 0.016666666666666666
5 0.8141666666666667 0.22583333333333333 0.015 0.013333333333333334
5 0.9758333333333333 0.8483333333333334 0.016666666666666666 0.015
5 0.6341666666666667 0.125 0.006666666666666667 0.006666666666666667
5 0.025833333333333333 0.20083333333333334 0.01 0.016666666666666666
6 0.7191666666666666 0.2708333333333333 0.028333333333333332 0.058333333333333334
