5 0.7433333333333333 0.043333333333333335 0.006666666666666667 0.006666666666666667
5 0.8791666666666667 0.655 0.006666666666666667 0.006666666666666667
5 0.4866666666666667 0.2966666666666667 0.018333333333333333 0.016666666666666666
0 0.2975 0.43666666666666665 0.013333333333333334 0.011666666666666667
0 0.7383333333333333 0.16833333333333333 0.011666666666666667 0.011666666666666667
0 0.20416666666666666 0.13666666666666666 0.021666666666666667 0.021666666666666667
0 0.4683333333333333 0.35833333333333334 0.011666666666666667 0.013333333333333334
0 0.9566666666666667 0.9616666666666667 0.028333333333333332 0.025
0 0.5725 0.6416666666666667 0.015 0.015
0 0.9016666666666666 0.44416666666666665 0.021666666666666667 0.023333333333333334
0 0.049166666666666664 0.09166666666666666 0.011666666666666667 0.015
