5 0.785 0.10666666666666667 0.006666666666666667 0.006666666666666667
5 0.3283333333333333 0.69 0.015 0.011666666666666667
5 0.20416666666666666 0.12833333333333333 0.008333333333333333 0.008333333333333333
5 0.3333333333333333 0.5166666666666667 0.016666666666666666 0.015
5 0.12083333333333333 0.3433333333333333 0.011666666666666667 0.011666666666666667
5 0.47 0.5533333333333333 0.006666666666666667 0.006666666666666667
5 0.42833333333333334 0.0225 0.011666666666666667 0.011666666666666667
5 0.8966666666666666 0.6025 0.006666666666666667 0.006666666666666667
0 0.08 0.5833333333333334 0.023333333333333334 0.021666666666666667
0 0.3025 0.745 0.02 0.028333333333333332
0 0.6425 0.77 0.02 0.021666666666666667
0 0.065 0.0175 0.016666666666666666 0.023333333333333334
