5 0.3025 0.48 0.013333333333333334 0.011666666666666667
5 0.018333333333333333 0.5608333333333333 0.008333333333333333 0.008333333333333333
5 0.7083333333333334 0.285 0.008333333333333333 0.008333333333333333
5 0.6483333333333333 0.12 0.01 0.01
5 0.051666666666666666 0.06916666666666667 0.021666666666666667 0.021666666666666667
5 0.41083333333333333 0.8525 0.013333333333333334 0.025
5 0.06416666666666666 0.8975 0.006666666666666667 0.008333333333333333
5 0.6816666666666666 0.07583333333333334 0.008333333333333333 0.005
5 0.885 0.8466666666666667 0.013333333333333334 0.013333333333333334
5 0.21333333333333335 0.5133333333333333 0.01 0.011666666666666667
5 0.46 0.26 0.008333333333333333 0.008333333333333333
5 0.415 0.5158333333333334 0.011666666666666667 0.008333333333333333
0 0.4325 0.7641666666666667 0.03 0.03166666666666667
0 0.9433333333333334 0.12416666666666666 0.028333333333333332 0.03166666666666667
0 0.51 0.8308333333333333 0.013333333333333334 0.01
0 0.9008333333333334 0.3016666666666667 0.015 0.015
0 0.35583333333333333 0.6933333333333334 0.011666666666666667 0.013333333333333334
0 0.8183333333333334 0.42083333333333334 0.021666666666666667 0.018333333333333333
0 0.31083333333333335 0.09666666666666666 0.013333333333333334 0.01
6 0.09083333333333334 0.6566666666666666 0.058333333333333334 0.16833333333333333
6 0.5808333333333333 0.5183333333333333 0.023333333333333334 0.07833333333333334
