5 0.26 0.9425 0.01 0.01
5 0.6366666666666667 0.44166666666666665 0.006666666666666667 0.006666666666666667
5 0.8191666666666667 0.21166666666666667 0.013333333333333334 0.011666666666666667
5 0.9041666666666667 0.25833333333333336 0.018333333333333333 0.016666666666666666
5 0.8741666666666666 0.4025 0.008333333333333333 0.01
5 0.34833333333333333 0.19166666666666668 0.013333333333333334 0.011666666666666667
5 0.07416666666666667 0.8766666666666667 0.008333333333333333 0.008333333333333333
5 0.37416666666666665 0.1075 0.011666666666666667 0.015
5 0.6133333333333333 0.155 0.008333333333333333 0.006666666666666667
5 0.35 0.505 0.013333333333333334 0.016666666666666666
5 0.0325 0.26666666666666666 0.008333333333333333 0.008333333333333333
5 0.23583333333333334 0.835 0.006666666666666667 0.006666666666666667
5 0.575 0.9741666666666666 0.008333333333333333 0.01
5 0.09666666666666666 0.9908333333333333 0.01 0.01
5 0.6116666666666667 0.43416666666666665 0.011666666666666667 0.011666666666666667
0 0.925 0.21166666666666667 0.028333333333333332 0.025
0 0.785 0.2675 0.03666666666666667 0.03833333333333333
0 0.2175 0.4691666666666667 0.018333333333333333 0.02
0 0.09333333333333334 0.18916666666666668 0.013333333333333334 0.011666666666666667
0 0.19833333333333333 0.605 0.028333333333333332 0.023333333333333334
0 0.8016666666666666 0.7083333333333334 0.015 0.013333333333333334
0 0.024166666666666666 0.6791666666666667 0.015 0.021666666666666667
0 0.6258333333333334 0.42083333333333334 0.008333333333333333 0.011666666666666667
0 0.8991666666666667 0.7366666666666667 0.015 0.018333333333333333
