5 0.6841666666666667 0.2916666666666667 0.0033333333333333335 0.005
5 0.4033333333333333 0.7233333333333334 0.011666666666666667 0.011666666666666667
5 0.13 0.5008333333333334 0.013333333333333334 0.013333333333333334
5 0.0525 0.42833333333333334 0.015 0.013333333333333334
5 0.38666666666666666 0.3175 0.008333333333333333 0.008333333333333333
5 0.165 0.9691666666666666 0.008333333333333333 0.006666666666666667
5 0.45416666666666666 0.5241666666666667 0.008333333333333333 0.008333333333333333
5 0.9616666666666667 0.5066666666666667 0.01 0.01
5 0.0375 0.23 0.011666666666666667 0.011666666666666667
5 0.9366666666666666 0.8616666666666667 0.013333333333333334 0.013333333333333334
5 0.47833333333333333 0.6091666666666666 0.013333333333333334 0.013333333333333334
5 0.43666666666666665 0.5358333333333334 0.006666666666666667 0.006666666666666667
5 0.39166666666666666 0.8933333333333333 0.008333333333333333 0.008333333333333333
5 0.9566666666666667 0.7416666666666667 0.011666666666666667 0.013333333333333334
5 0.16666666666666666 0.06 0.008333333333333333 0.01
5 0.7966666666666666 0.905 0.006666666666666667 0.006666666666666667
5 0.2891666666666667 0.65 0.01 0.008333333333333333
5 0.3283333333333333 0.4216666666666667 0.016666666666666666 0.015
