5 0.885 0.31 0.006666666666666667 0.008333333333333333
5 0.6241666666666666 0.33916666666666667 0.02 0.016666666666666666
5 0.74 0.3441666666666667 0.01 0.01
5 0.27166666666666667 0.5291666666666667 0.008333333333333333 0.008333333333333333
5 0.76 0.245 0.015 0.016666666666666666
5 0.09583333333333334 0.3175 0.01 0.01
5 0.049166666666666664 0.065 0.015 0.015
5 0.865 0.2683333333333333 0.013333333333333334 0.011666666666666667
5 0.935 0.255 0.008333333333333333 0.008333333333333333
5 0.8 0.4058333333333333 0.015 0.011666666666666667
5 0.14416666666666667 0.4 0.015 0.015
5 0.5358333333333334 0.7825 0.011666666666666667 0.013333333333333334
5 0.14416666666666667 0.19333333333333333 0.013333333333333334 0.015
5 0.17333333333333334 0.30583333333333335 0.008333333333333333 0.01
5 0.26916666666666667 0.135 0.013333333333333334 0.015
5 0.4083333333333333 0.5558333333333333 0.008333333333333333 0.008333333333333333
5 0.7541666666666667 0.755 0.008333333333333333 0.008333333333333333
5 0.14583333333333334 0.6816666666666666 0.006666666666666667 0.006666666666666667
5 0.44083333333333335 0.94 0.015 0.015
