5 0.3358333333333333 0.11083333333333334 0.008333333333333333 0.008333333333333333
5 0.7025 0.011666666666666667 0.006666666666666667 0.006666666666666667
5 0.475 0.18416666666666667 0.016666666666666666 0.018333333333333333
5 0.68 0.58 0.011666666666666667 0.011666666666666667
5 0.935 0.255 0.01 0.01
5 0.8575 0.0775 0.013333333333333334 0.013333333333333334
5 0.49333333333333335 0.40166666666666667 0.01 0.01
5 0.041666666666666664 0.5008333333333334 0.016666666666666666 0.015
5 0.4191666666666667 0.8775 0.008333333333333333 0.005
5 0.9708333333333333 0.5766666666666667 0.006666666666666667 0.008333333333333333
5 0.35083333333333333 0.065 0.006666666666666667 0.006666666666666667
5 0.8891666666666667 0.9191666666666667 0.015 0.016666666666666666
5 0.8133333333333334 0.020833333333333332 0.006666666666666667 0.006666666666666667
5 0.1425 0.08333333333333333 0.008333333333333333 0.008333333333333333
5 0.44083333333333335 0.5966666666666667 0.01 0.01
