5 0.9791666666666666 0.6208333333333333 0.008333333333333333 0.008333333333333333
5 0.9633333333333334 0.0525 0.013333333333333334 0.015
5 0.435 0.6425 0.008333333333333333 0.008333333333333333
5 0.4841666666666667 0.6116666666666667 0.016666666666666666 0.015
5 0.12083333333333333 0.8266666666666667 0.013333333333333334 0.011666666666666667
5 0.54 0.7558333333333334 0.013333333333333334 0.013333333333333334
5 0.9008333333333334 0.795 0.008333333333333333 0.008333333333333333
5 0.2825 0.9691666666666666 0.008333333333333333 0.008333333333333333
5 0.6408333333333334 0.18083333333333335 0.011666666666666667 0.01
5 0.6925 0.43083333333333335 0.01 0.008333333333333333
5 0.0325 0.6225 0.016666666666666666 0.035
5 0.8725 0.9308333333333333 0.008333333333333333 0.008333333333333333
5 0.4766666666666667 0.3016666666666667 0.011666666666666667 0.008333333333333333
5 0.9325 0.5 0.008333333333333333 0.01
5 0.6033333333333334 0.495 0.013333333333333334 0.011666666666666667
