5 0.6966666666666667 0.8083333333333333 0.006666666666666667 0.008333333333333333
5 0.62 0.7116666666666667 0.013333333333333334 0.011666666666666667
5 0.06416666666666666 0.6616666666666666 0.013333333333333334 0.011666666666666667
5 0.8566666666666667 0.7616666666666667 0.01 0.008333333333333333
5 0.6875 0.4275 0.006666666666666667 0.006666666666666667
5 0.7341666666666666 0.335 0.015 0.015
5 0.815 0.16333333333333333 0.006666666666666667 0.01
5 0.3383333333333333 0.6475 0.008333333333333333 0.01
5 0.6841666666666667 0.25 0.015 0.013333333333333334
5 0.43666666666666665 0.7075 0.013333333333333334 0.011666666666666667
5 0.06166666666666667 0.018333333333333333 0.015 0.013333333333333334
5 0.99 0.41833333333333333 0.008333333333333333 0.008333333333333333
5 0.5016666666666667 0.8208333333333333 0.006666666666666667 0.006666666666666667
5 0.9541666666666667 0.17916666666666667 0.006666666666666667 0.006666666666666667
5 0.8733333333333333 0.7408333333333333 0.008333333333333333 0.008333333333333333
5 0.7675 0.06916666666666667 0.011666666666666667 0.01
5 0.19666666666666666 0.7625 0.018333333333333333 0.021666666666666667
5 0.7166666666666667 0.11833333333333333 0.008333333333333333 0.008333333333333333
0 0.6225 0.11416666666666667 0.016666666666666666 0.015
0 0.9333333333333333 0.6541666666666667 0.018333333333333333 0.02
0 0.8808333333333334 0.6866666666666666 0.01 0.013333333333333334
0 0.6275 0.16333333333333333 0.018333333333333333 0.018333333333333333
0 0.2275 0.7916666666666666 0.02666666666666667 0.03333333333333333
0 0.36833333333333335 0.08583333333333333 0.011666666666666667 0.013333333333333334
0 0.33166666666666667 0.19416666666666665 0.015 0.02
0 0.97 0.6041666666666666 0.02 0.018333333333333333
