5 0.76 0.7808333333333334 0.013333333333333334 0.013333333333333334
5 0.8375 0.6166666666666667 0.008333333333333333 0.008333333333333333
5 0.9383333333333334 0.7833333333333333 0.01 0.011666666666666667
5 0.49333333333333335 0.51 0.011666666666666667 0.015
5 0.4508333333333333 0.91 0.013333333333333334 0.013333333333333334
5 0.7408333333333333 0.6691666666666667 0.011666666666666667 0.011666666666666667
5 0.25666666666666665 0.7333333333333333 0.008333333333333333 0.008333333333333333
5 0.56 0.3358333333333333 0.02 0.018333333333333333
5 0.08333333333333333 0.9208333333333333 0.008333333333333333 0.006666666666666667
5 0.62 0.895 0.013333333333333334 0.013333333333333334
0 0.5416666666666666 0.9416666666666667 0.01 0.013333333333333334
0 0.6875 0.9025 0.02 0.02
0 0.4033333333333333 0.9816666666666667 0.023333333333333334 0.018333333333333333
0 0.9733333333333334 0.6766666666666666 0.03 0.02
