5 0.8725 0.9708333333333333 0.013333333333333334 0.013333333333333334
5 0.525 0.5708333333333333 0.01 0.01
5 0.37083333333333335 0.0725 0.011666666666666667 0.013333333333333334
5 0.8375 0.008333333333333333 0.008333333333333333 0.008333333333333333
5 0.9316666666666666 0.9416666666666667 0.016666666666666666 0.015
5 0.5191666666666667 0.9283333333333333 0.015 0.013333333333333334
5 0.26916666666666667 0.12583333333333332 0.013333333333333334 0.011666666666666667
0 0.235 0.4175 0.01 0.01
0 0.008333333333333333 0.7925 0.015 0.011666666666666667
0 0.6275 0.9866666666666667 0.023333333333333334 0.023333333333333334
0 0.07916666666666666 0.5116666666666667 0.03333333333333333 0.028333333333333332
0 0.235 0.8508333333333333 0.018333333333333333 0.015
