5 0.7475 0.21583333333333332 0.015 0.013333333333333334
5 0.44916666666666666 0.24166666666666667 0.006666666666666667 0.006666666666666667
5 0.005833333333333334 0.83 0.008333333333333333 0.008333333333333333
5 0.4266666666666667 0.66 0.01 0.011666666666666667
5 0.895 0.5175 0.013333333333333334 0.01
5 0.5191666666666667 0.9391666666666667 0.01 0.008333333333333333
5 0.6775 0.41333333333333333 0.006666666666666667 0.005
0 0.4866666666666667 0.12833333333333333 0.015 0.015
0 0.9083333333333333 0.041666666666666664 0.013333333333333334 0.015
0 0.2675 0.5883333333333334 0.023333333333333334 0.021666666666666667
