5 0.5166666666666667 0.9416666666666667 0.006666666666666667 0.006666666666666667
5 0.2775 0.9066666666666666 0.01 0.008333333333333333
5 0.5766666666666667 0.44583333333333336 0.008333333333333333 0.008333333333333333
5 0.09166666666666666 0.8225 0.013333333333333334 0.011666666666666667
5 0.06333333333333334 0.2175 0.011666666666666667 0.013333333333333334
5 0.37583333333333335 0.24333333333333335 0.011666666666666667 0.011666666666666667
5 0.8158333333333333 0.5975 0.008333333333333333 0.008333333333333333
5 0.15333333333333332 0.705 0.006666666666666667 0.005
5 0.02666666666666667 0.7566666666666667 0.01 0.008333333333333333
5 0.19916666666666666 0.78 0.006666666666666667 0.008333333333333333
5 0.6275 0.9008333333333334 0.013333333333333334 0.013333333333333334
5 0.32166666666666666 0.4683333333333333 0.008333333333333333 0.01
5 0.9033333333333333 0.7366666666666667 0.015 0.013333333333333334
0 0.69 0.4675 0.015 0.013333333333333334
0 0.5783333333333334 0.6808333333333333 0.018333333333333333 0.02
0 0.9725 0.6016666666666667 0.025 0.02
0 0.30416666666666664 0.0975 0.016666666666666666 0.016666666666666666
0 0.8066666666666666 0.9591666666666666 0.013333333333333334 0.015
0 0.7341666666666666 0.0925 0.008333333333333333 0.01
0 0.5333333333333333 0.30333333333333334 0.016666666666666666 0.011666666666666667
0 0.535 0.44166666666666665 0.011666666666666667 0.013333333333333334
0 0.9758333333333333 0.6225 0.011666666666666667 0.01
