2.0 0.18513333333333332 0.11647623019182654 0.07759166666666667 0.06949958298582151
2.0 0.22887499999999997 0.8392952460383654 0.078975 0.06672226855713094
2.0 0.6406333333333333 0.5564261884904087 0.0386 0.045871559633027525
5 0.21166666666666667 0.6183333333333333 0.013333333333333334 0.011666666666666667
6 0.07166666666666667 0.9341666666666667 0.058333333333333334 0.13166666666666665
6 0.3375 0.6716666666666666 0.04833333333333333 0.17
6 0.3225 0.7041666666666667 0.03833333333333333 0.06333333333333334
6 0.7225 0.7975 0.03666666666666667 0.07833333333333334
3 0.43333333333333335 0.8108333333333333 0.06666666666666667 0.041666666666666664
3 0.47833333333333333 0.3308333333333333 0.05 0.020833333333333332
