5 0.8583333333333333 0.9775 0.006666666666666667 0.006666666666666667
5 0.8108333333333333 0.8333333333333334 0.02 0.018333333333333333
5 0.20083333333333334 0.7533333333333333 0.01 0.01
5 0.5358333333333334 0.0175 0.01 0.016666666666666666
5 0.7083333333333334 0.485 0.015 0.013333333333333334
5 0.16583333333333333 0.24 0.006666666666666667 0.008333333333333333
5 0.9141666666666667 0.4241666666666667 0.021666666666666667 0.018333333333333333
5 0.9333333333333333 0.6675 0.008333333333333333 0.006666666666666667
5 0.30416666666666664 0.25166666666666665 0.008333333333333333 0.008333333333333333
5 0.3875 0.3416666666666667 0.01 0.01
5 0.5241666666666667 0.4558333333333333 0.01 0.008333333333333333
5 0.8391666666666666 0.6916666666666667 0.016666666666666666 0.015
5 0.4975 0.8633333333333333 0.016666666666666666 0.015
5 0.9083333333333333 0.6375 0.01 0.011666666666666667
5 0.41083333333333333 0.8816666666666667 0.015 0.013333333333333334
