5 0.6991666666666667 0.5266666666666666 0.015 0.016666666666666666
5 0.9116666666666666 0.3475 0.011666666666666667 0.011666666666666667
5 0.19166666666666668 0.945 0.01 0.01
5 0.9608333333333333 0.475 0.0033333333333333335 0.005
5 0.4708333333333333 0.7333333333333333 0.008333333333333333 0.008333333333333333
5 0.7291666666666666 0.5241666666666667 0.008333333333333333 0.006666666666666667
5 0.3233333333333333 0.21333333333333335 0.008333333333333333 0.006666666666666667
5 0.3175 0.49583333333333335 0.008333333333333333 0.008333333333333333
5 0.04666666666666667 0.6825 0.01 0.01
5 0.2783333333333333 0.7983333333333333 0.013333333333333334 0.013333333333333334
5 0.8966666666666666 0.0425 0.015 0.015
5 0.3233333333333333 0.1775 0.015 0.018333333333333333
5 0.8683333333333333 0.7891666666666667 0.023333333333333334 0.021666666666666667
5 0.7775 0.07833333333333334 0.006666666666666667 0.008333333333333333
