5 0.5108333333333334 0.035833333333333335 0.021666666666666667 0.021666666666666667
5 0.225 0.39 0.013333333333333334 0.013333333333333334
5 0.2 0.04833333333333333 0.008333333333333333 0.008333333333333333
5 0.5683333333333334 0.9366666666666666 0.01 0.01
5 0.2625 0.10916666666666666 0.008333333333333333 0.008333333333333333
5 0.9108333333333334 0.07416666666666667 0.01 0.008333333333333333
5 0.8891666666666667 0.3025 0.008333333333333333 0.006666666666666667
5 0.5033333333333333 0.34 0.016666666666666666 0.016666666666666666
5 0.33166666666666667 0.6675 0.013333333333333334 0.013333333333333334
5 0.6716666666666666 0.16916666666666666 0.006666666666666667 0.006666666666666667
5 0.8591666666666666 0.9591666666666666 0.008333333333333333 0.008333333333333333
5 0.465 0.7658333333333334 0.008333333333333333 0.008333333333333333
5 0.6141666666666666 0.37333333333333335 0.008333333333333333 0.008333333333333333
5 0.7308333333333333 0.011666666666666667 0.015 0.011666666666666667
5 0.19583333333333333 0.695 0.011666666666666667 0.013333333333333334
5 0.975 0.905 0.008333333333333333 0.008333333333333333
