5 0.05583333333333333 0.14666666666666667 0.008333333333333333 0.008333333333333333
5 0.9916666666666667 0.7966666666666666 0.013333333333333334 0.013333333333333334
5 0.8908333333333334 0.3025 0.01 0.01
5 0.635 0.655 0.011666666666666667 0.01
5 0.8116666666666666 0.41583333333333333 0.01 0.008333333333333333
5 0.925 0.2875 0.013333333333333334 0.013333333333333334
5 0.36583333333333334 0.9708333333333333 0.011666666666666667 0.011666666666666667
5 0.0525 0.46166666666666667 0.015 0.013333333333333334
5 0.5383333333333333 0.75 0.008333333333333333 0.006666666666666667
5 0.9041666666666667 0.7108333333333333 0.011666666666666667 0.011666666666666667
