5 0.32916666666666666 0.87 0.01 0.008333333333333333
5 0.22583333333333333 0.8025 0.013333333333333334 0.013333333333333334
5 0.4575 0.4675 0.008333333333333333 0.008333333333333333
5 0.7733333333333333 0.08416666666666667 0.013333333333333334 0.013333333333333334
5 0.7141666666666666 0.30583333333333335 0.011666666666666667 0.011666666666666667
5 0.21333333333333335 0.2675 0.015 0.011666666666666667
5 0.2733333333333333 0.5125 0.008333333333333333 0.008333333333333333
5 0.36 0.25333333333333335 0.02 0.021666666666666667
5 0.8983333333333333 0.755 0.013333333333333334 0.013333333333333334
5 0.335 0.09166666666666666 0.013333333333333334 0.013333333333333334
5 0.3925 0.5908333333333333 0.008333333333333333 0.006666666666666667
5 0.35083333333333333 0.87 0.013333333333333334 0.013333333333333334
5 0.9158333333333334 0.015833333333333335 0.015 0.015
5 0.7691666666666667 0.019166666666666665 0.013333333333333334 0.013333333333333334
0 0.4891666666666667 0.165 0.028333333333333332 0.03166666666666667
0 0.625 0.44916666666666666 0.015 0.015
