5 0.19666666666666666 0.5183333333333333 0.015 0.013333333333333334
5 0.6258333333333334 0.93 0.011666666666666667 0.011666666666666667
5 0.8466666666666667 0.7491666666666666 0.018333333333333333 0.021666666666666667
5 0.5425 0.7691666666666667 0.016666666666666666 0.018333333333333333
5 0.5108333333333334 0.5008333333333334 0.008333333333333333 0.006666666666666667
5 0.7483333333333333 0.6316666666666667 0.01 0.01
5 0.6425 0.7741666666666667 0.013333333333333334 0.013333333333333334
5 0.6341666666666667 0.88 0.008333333333333333 0.008333333333333333
5 0.6116666666666667 0.6108333333333333 0.013333333333333334 0.013333333333333334
5 0.09 0.9008333333333334 0.008333333333333333 0.006666666666666667
5 0.4225 0.455 0.02 0.018333333333333333
5 0.9008333333333334 0.04 0.01 0.01
5 0.7683333333333333 0.9308333333333333 0.008333333333333333 0.008333333333333333
5 0.43583333333333335 0.2875 0.011666666666666667 0.011666666666666667
5 0.29 0.4625 0.008333333333333333 0.008333333333333333
5 0.49166666666666664 0.9575 0.01 0.01
5 0.6375 0.38333333333333336 0.006666666666666667 0.006666666666666667
5 0.6725 0.9708333333333333 0.015 0.013333333333333334
5 0.9016666666666666 0.98 0.015 0.013333333333333334
