5 0.085 0.9616666666666667 0.02 0.016666666666666666
5 0.38916666666666666 0.8091666666666667 0.008333333333333333 0.008333333333333333
5 0.49416666666666664 0.195 0.01 0.011666666666666667
5 0.25916666666666666 0.635 0.008333333333333333 0.01
5 0.44583333333333336 0.5408333333333334 0.01 0.008333333333333333
5 0.9591666666666666 0.46416666666666667 0.015 0.013333333333333334
5 0.31583333333333335 0.004166666666666667 0.006666666666666667 0.008333333333333333
5 0.375 0.09833333333333333 0.01 0.01
5 0.8808333333333334 0.8 0.006666666666666667 0.006666666666666667
5 0.32 0.0975 0.021666666666666667 0.02
5 0.49416666666666664 0.4241666666666667 0.008333333333333333 0.008333333333333333
