5 0.5608333333333333 0.7758333333333334 0.016666666666666666 0.018333333333333333
5 0.2833333333333333 0.115 0.021666666666666667 0.02
5 0.009166666666666667 0.9475 0.01 0.01
5 0.9266666666666666 0.36916666666666664 0.02 0.018333333333333333
5 0.8933333333333333 0.04666666666666667 0.011666666666666667 0.011666666666666667
5 0.7841666666666667 0.7458333333333333 0.016666666666666666 0.011666666666666667
5 0.48833333333333334 0.9825 0.013333333333333334 0.011666666666666667
5 0.5616666666666666 0.1975 0.008333333333333333 0.01
5 0.5125 0.41083333333333333 0.018333333333333333 0.016666666666666666
5 0.13916666666666666 0.7716666666666666 0.013333333333333334 0.013333333333333334
5 0.7033333333333334 0.8316666666666667 0.008333333333333333 0.006666666666666667
5 0.855 0.2991666666666667 0.011666666666666667 0.013333333333333334
5 0.7275 0.6658333333333334 0.008333333333333333 0.008333333333333333
