5 0.25916666666666666 0.7983333333333333 0.018333333333333333 0.016666666666666666
5 0.2175 0.47333333333333333 0.006666666666666667 0.005
5 0.7658333333333334 0.24166666666666667 0.013333333333333334 0.011666666666666667
5 0.25166666666666665 0.4191666666666667 0.018333333333333333 0.016666666666666666
5 0.4666666666666667 0.29 0.015 0.011666666666666667
5 0.19 0.5333333333333333 0.011666666666666667 0.01
5 0.5141666666666667 0.19833333333333333 0.01 0.008333333333333333
5 0.4325 0.07 0.013333333333333334 0.013333333333333334
5 0.37333333333333335 0.19333333333333333 0.013333333333333334 0.011666666666666667
5 0.4483333333333333 0.6091666666666666 0.018333333333333333 0.018333333333333333
5 0.36333333333333334 0.8583333333333333 0.006666666666666667 0.006666666666666667
5 0.7233333333333334 0.22166666666666668 0.013333333333333334 0.015
5 0.4975 0.24916666666666668 0.008333333333333333 0.008333333333333333
0 0.7283333333333334 0.6858333333333333 0.011666666666666667 0.011666666666666667
0 0.13166666666666665 0.1525 0.013333333333333334 0.013333333333333334
0 0.9241666666666667 0.5833333333333334 0.02 0.021666666666666667
0 0.6958333333333333 0.855 0.01 0.01
0 0.7958333333333333 0.19666666666666666 0.02 0.028333333333333332
0 0.22583333333333333 0.18666666666666668 0.021666666666666667 0.02
0 0.9541666666666667 0.8858333333333334 0.01 0.01
0 0.32 0.25333333333333335 0.011666666666666667 0.01
