4.0 0.332475 0.3276299694189603 0.07339166666666666 0.08479566305254378
4.0 0.6560416666666666 0.6584639977759245 0.0872 0.06811509591326105
5 0.675 0.8766666666666667 0.013333333333333334 0.015
5 0.015 0.2733333333333333 0.013333333333333334 0.025
5 0.7891666666666667 0.175 0.013333333333333334 0.016666666666666666
5 0.3933333333333333 0.5241666666666667 0.008333333333333333 0.006666666666666667
5 0.9658333333333333 0.21916666666666668 0.015 0.013333333333333334
5 0.24 0.6233333333333333 0.008333333333333333 0.008333333333333333
5 0.48583333333333334 0.105 0.008333333333333333 0.008333333333333333
5 0.4725 0.7341666666666666 0.016666666666666666 0.015
5 0.37333333333333335 0.17416666666666666 0.01 0.008333333333333333
5 0.45166666666666666 0.49583333333333335 0.016666666666666666 0.02
5 0.675 0.22 0.016666666666666666 0.015
5 0.23666666666666666 0.1475 0.015 0.018333333333333333
5 0.24083333333333334 0.99 0.015 0.011666666666666667
5 0.6125 0.7383333333333333 0.015 0.015
5 0.7625 0.2866666666666667 0.01 0.01
5 0.21166666666666667 0.9891666666666666 0.01 0.011666666666666667
5 0.9866666666666667 0.4683333333333333 0.015 0.013333333333333334
3 0.6408333333333334 0.5658333333333333 0.11666666666666667 0.175
