5 0.20416666666666666 0.4275 0.01 0.01
5 0.023333333333333334 0.5116666666666667 0.013333333333333334 0.011666666666666667
5 0.4241666666666667 0.22333333333333333 0.016666666666666666 0.016666666666666666
5 0.8925 0.6183333333333333 0.011666666666666667 0.01
5 0.5458333333333333 0.041666666666666664 0.011666666666666667 0.011666666666666667
5 0.23083333333333333 0.39416666666666667 0.01 0.01
5 0.8016666666666666 0.6383333333333333 0.006666666666666667 0.006666666666666667
5 0.755 0.4633333333333333 0.013333333333333334 0.013333333333333334
5 0.8266666666666667 0.6116666666666667 0.008333333333333333 0.008333333333333333
5 0.44916666666666666 0.8566666666666667 0.006666666666666667 0.008333333333333333
5 0.45916666666666667 0.8508333333333333 0.013333333333333334 0.013333333333333334
5 0.3641666666666667 0.6116666666666667 0.013333333333333334 0.013333333333333334
5 0.38166666666666665 0.0375 0.008333333333333333 0.008333333333333333
5 0.9408333333333333 0.6883333333333334 0.016666666666666666 0.018333333333333333
5 0.8433333333333334 0.04083333333333333 0.011666666666666667 0.011666666666666667
5 0.6116666666666667 0.7708333333333334 0.011666666666666667 0.011666666666666667
5 0.18083333333333335 0.9483333333333334 0.013333333333333334 0.013333333333333334
5 0.29083333333333333 0.38916666666666666 0.011666666666666667 0.01
5 0.6308333333333334 0.7083333333333334 0.013333333333333334 0.015
