1.0 0.18419166666666667 0.4145315540728384 0.025325 0.025404503753127607
1.0 0.6673916666666666 0.3173589102029469 0.032433333333333335 0.0334278565471226
1.0 0.7484333333333333 0.8025298860161245 0.0244 0.02585487906588824
5 0.455 0.1 0.01 0.01
5 0.20833333333333334 0.6233333333333333 0.02 0.021666666666666667
5 0.11083333333333334 0.6116666666666667 0.015 0.013333333333333334
5 0.5875 0.7025 0.006666666666666667 0.008333333333333333
5 0.06583333333333333 0.015 0.016666666666666666 0.018333333333333333
5 0.5741666666666667 0.1925 0.008333333333333333 0.008333333333333333
5 0.30333333333333334 0.21 0.006666666666666667 0.006666666666666667
5 0.2966666666666667 0.8475 0.01 0.01
5 0.4533333333333333 0.38 0.01 0.01
5 0.7175 0.20666666666666667 0.008333333333333333 0.008333333333333333
5 0.4375 0.6408333333333334 0.011666666666666667 0.011666666666666667
5 0.4558333333333333 0.3075 0.013333333333333334 0.011666666666666667
5 0.4675 0.7583333333333333 0.013333333333333334 0.013333333333333334
5 0.37666666666666665 0.49166666666666664 0.011666666666666667 0.011666666666666667
5 0.0975 0.4091666666666667 0.008333333333333333 0.008333333333333333
5 0.12 0.6133333333333333 0.006666666666666667 0.006666666666666667
5 0.5408333333333334 0.51 0.013333333333333334 0.013333333333333334
5 0.8208333333333333 0.0625 0.016666666666666666 0.015
5 0.33666666666666667 0.0225 0.008333333333333333 0.008333333333333333
