7.0 0.52675 0.46053725326661105 0.15805833333333333 0.7297748123436196
5 0.165 0.9075 0.021666666666666667 0.02
5 0.02666666666666667 0.6916666666666667 0.011666666666666667 0.008333333333333333
5 0.9166666666666666 0.13583333333333333 0.013333333333333334 0.011666666666666667
5 0.24583333333333332 0.5841666666666666 0.011666666666666667 0.01
5 0.55 0.8275 0.01 0.008333333333333333
5 0.475 0.3516666666666667 0.006666666666666667 0.005
5 0.5608333333333333 0.2 0.011666666666666667 0.011666666666666667
5 0.1775 0.49166666666666664 0.011666666666666667 0.011666666666666667
5 0.021666666666666667 0.5908333333333333 0.01 0.01
5 0.025833333333333333 0.03333333333333333 0.021666666666666667 0.021666666666666667
5 0.5883333333333334 0.235 0.011666666666666667 0.011666666666666667
5 0.115 0.5366666666666666 0.016666666666666666 0.016666666666666666
5 0.6325 0.7616666666666667 0.006666666666666667 0.01
5 0.9941666666666666 0.9108333333333334 0.006666666666666667 0.006666666666666667
5 0.2966666666666667 0.7683333333333333 0.01 0.01
5 0.03166666666666667 0.6875 0.013333333333333334 0.011666666666666667
0 0.7583333333333333 0.3983333333333333 0.011666666666666667 0.011666666666666667
0 0.3958333333333333 0.38916666666666666 0.013333333333333334 0.011666666666666667
0 0.8458333333333333 0.09166666666666666 0.013333333333333334 0.015
