5 0.19 0.46166666666666667 0.016666666666666666 0.015
5 0.61 0.37 0.02 0.02
5 0.6083333333333333 0.2991666666666667 0.006666666666666667 0.008333333333333333
5 0.9825 0.875 0.013333333333333334 0.011666666666666667
5 0.49916666666666665 0.67 0.011666666666666667 0.011666666666666667
5 0.26166666666666666 0.3725 0.008333333333333333 0.008333333333333333
5 0.8458333333333333 0.4716666666666667 0.008333333333333333 0.006666666666666667
5 0.24833333333333332 0.18333333333333332 0.011666666666666667 0.011666666666666667
5 0.5925 0.13916666666666666 0.02 0.021666666666666667
5 0.21916666666666668 0.10333333333333333 0.008333333333333333 0.008333333333333333
5 0.3 0.93 0.01 0.01
