5 0.5216666666666666 0.805 0.016666666666666666 0.018333333333333333
5 0.04083333333333333 0.4191666666666667 0.011666666666666667 0.011666666666666667
5 0.7891666666666667 0.4141666666666667 0.011666666666666667 0.013333333333333334
5 0.9825 0.7891666666666667 0.006666666666666667 0.008333333333333333
5 0.7158333333333333 0.97 0.016666666666666666 0.016666666666666666
5 0.0625 0.685 0.011666666666666667 0.01
5 0.5716666666666667 0.905 0.006666666666666667 0.005
5 0.195 0.7766666666666666 0.008333333333333333 0.008333333333333333
5 0.42333333333333334 0.48333333333333334 0.011666666666666667 0.013333333333333334
5 0.8241666666666667 0.805 0.013333333333333334 0.011666666666666667
5 0.115 0.16333333333333333 0.006666666666666667 0.006666666666666667
5 0.24666666666666667 0.4791666666666667 0.01 0.01
5 0.7108333333333333 0.6366666666666667 0.016666666666666666 0.018333333333333333
5 0.11083333333333334 0.955 0.01 0.01
5 0.5708333333333333 0.015 0.02 0.021666666666666667
5 0.9183333333333333 0.016666666666666666 0.006666666666666667 0.006666666666666667
5 0.4025 0.7416666666666667 0.011666666666666667 0.015
