5 0.5325 0.595 0.015 0.013333333333333334
5 0.06166666666666667 0.43416666666666665 0.01 0.011666666666666667
5 0.9 0.7833333333333333 0.016666666666666666 0.018333333333333333
5 0.32916666666666666 0.8933333333333333 0.01 0.008333333333333333
5 0.6091666666666666 0.8658333333333333 0.008333333333333333 0.008333333333333333
5 0.9525 0.14083333333333334 0.01 0.008333333333333333
5 0.6266666666666667 0.5391666666666667 0.008333333333333333 0.008333333333333333
5 0.15416666666666667 0.9341666666666667 0.006666666666666667 0.006666666666666667
5 0.8033333333333333 0.41 0.011666666666666667 0.011666666666666667
5 0.4033333333333333 0.26916666666666667 0.006666666666666667 0.006666666666666667
5 0.6066666666666667 0.06 0.0033333333333333335 0.005
5 0.3875 0.7308333333333333 0.008333333333333333 0.008333333333333333
5 0.2783333333333333 0.4525 0.008333333333333333 0.008333333333333333
5 0.25583333333333336 0.44333333333333336 0.01 0.01
5 0.8383333333333334 0.445 0.02 0.02
5 0.5158333333333334 0.5225 0.006666666666666667 0.006666666666666667
5 0.5075 0.5208333333333334 0.016666666666666666 0.015
5 0.49166666666666664 0.855 0.008333333333333333 0.01
5 0.21916666666666668 0.32 0.013333333333333334 0.015
0 0.5475 0.4508333333333333 0.015 0.023333333333333334
0 0.33 0.0825 0.035 0.04
0 0.7383333333333333 0.9325 0.02 0.02
