5 0.2025 0.030833333333333334 0.01 0.01
5 0.9633333333333334 0.615 0.006666666666666667 0.006666666666666667
5 0.81 0.16833333333333333 0.006666666666666667 0.006666666666666667
5 0.87 0.6008333333333333 0.008333333333333333 0.008333333333333333
5 0.11583333333333333 0.04833333333333333 0.016666666666666666 0.035
5 0.43333333333333335 0.81 0.015 0.013333333333333334
5 0.45916666666666667 0.4008333333333333 0.013333333333333334 0.015
5 0.8733333333333333 0.44166666666666665 0.008333333333333333 0.008333333333333333
5 0.051666666666666666 0.025833333333333333 0.008333333333333333 0.01
5 0.54 0.34833333333333333 0.015 0.018333333333333333
5 0.73 0.6983333333333334 0.008333333333333333 0.008333333333333333
5 0.37583333333333335 0.475 0.008333333333333333 0.006666666666666667
5 0.875 0.35583333333333333 0.011666666666666667 0.013333333333333334
0 0.24583333333333332 0.9416666666666667 0.013333333333333334 0.011666666666666667
0 0.17666666666666667 0.87 0.011666666666666667 0.011666666666666667
0 0.9666666666666667 0.4533333333333333 0.011666666666666667 0.013333333333333334
0 0.8725 0.5841666666666666 0.03166666666666667 0.02666666666666667
0 0.33 0.7766666666666666 0.02 0.018333333333333333
0 0.9583333333333334 0.21416666666666667 0.021666666666666667 0.02
0 0.5641666666666667 0.46 0.015 0.015
0 0.5441666666666667 0.81 0.008333333333333333 0.01
