4.0 0.317475 0.3117966360856269 0.07339166666666666 0.08479566305254378
4.0 0.6410416666666666 0.6426306644425911 0.0872 0.06811509591326105
5 0.8216666666666667 0.30416666666666664 0.016666666666666666 0.018333333333333333
5 0.0375 0.87 0.016666666666666666 0.015
5 0.3616666666666667 0.9633333333333334 0.008333333333333333 0.008333333333333333
5 0.47 0.21833333333333332 0.013333333333333334 0.011666666666666667
5 0.0325 0.5633333333333334 0.015 0.018333333333333333
5 0.9525 0.4225 0.018333333333333333 0.016666666666666666
5 0.8325 0.6641666666666667 0.01 0.01
5 0.14666666666666667 0.8616666666666667 0.008333333333333333 0.008333333333333333
5 0.21666666666666667 0.5208333333333334 0.013333333333333334 0.01
5 0.47833333333333333 0.7358333333333333 0.01 0.01
5 0.52 0.7466666666666667 0.016666666666666666 0.016666666666666666
5 0.7641666666666667 0.225 0.013333333333333334 0.013333333333333334
5 0.5758333333333333 0.7975 0.011666666666666667 0.011666666666666667
5 0.8358333333333333 0.49916666666666665 0.015 0.013333333333333334
