5 0.7458333333333333 0.6433333333333333 0.021666666666666667 0.018333333333333333
5 0.27 0.24916666666666668 0.008333333333333333 0.008333333333333333
5 0.62 0.6791666666666667 0.016666666666666666 0.015
5 0.64 0.385 0.011666666666666667 0.011666666666666667
5 0.2075 0.8133333333333334 0.011666666666666667 0.011666666666666667
5 0.93 0.6383333333333333 0.008333333333333333 0.008333333333333333
5 0.2941666666666667 0.2866666666666667 0.008333333333333333 0.008333333333333333
5 0.935 0.15916666666666668 0.021666666666666667 0.018333333333333333
5 0.5816666666666667 0.9116666666666666 0.013333333333333334 0.011666666666666667
5 0.42916666666666664 0.30333333333333334 0.011666666666666667 0.013333333333333334
5 0.11416666666666667 0.9283333333333333 0.015 0.015
