5 0.7033333333333334 0.6533333333333333 0.013333333333333334 0.016666666666666666
5 0.7683333333333333 0.6316666666666667 0.013333333333333334 0.013333333333333334
5 0.855 0.8025 0.008333333333333333 0.008333333333333333
5 0.8775 0.7333333333333333 0.01 0.008333333333333333
5 0.09583333333333334 0.9475 0.013333333333333334 0.025
5 0.2975 0.9116666666666666 0.013333333333333334 0.013333333333333334
5 0.14083333333333334 0.8083333333333333 0.013333333333333334 0.011666666666666667
5 0.455 0.15583333333333332 0.01 0.011666666666666667
5 0.32 0.49916666666666665 0.013333333333333334 0.013333333333333334
5 0.9575 0.32083333333333336 0.006666666666666667 0.006666666666666667
5 0.5625 0.3516666666666667 0.006666666666666667 0.005
5 0.9425 0.8783333333333333 0.01 0.011666666666666667
5 0.6158333333333333 0.9366666666666666 0.006666666666666667 0.006666666666666667
5 0.0125 0.40166666666666667 0.011666666666666667 0.01
