5 0.25166666666666665 0.6116666666666667 0.006666666666666667 0.006666666666666667
5 0.41833333333333333 0.6433333333333333 0.011666666666666667 0.01
5 0.42583333333333334 0.6 0.013333333333333334 0.015
5 0.6566666666666666 0.8566666666666667 0.018333333333333333 0.018333333333333333
5 0.9241666666666667 0.31416666666666665 0.008333333333333333 0.008333333333333333
5 0.7116666666666667 0.27666666666666667 0.0033333333333333335 0.005
5 0.6583333333333333 0.4791666666666667 0.016666666666666666 0.011666666666666667
5 0.7725 0.49083333333333334 0.018333333333333333 0.016666666666666666
5 0.10416666666666667 0.2775 0.013333333333333334 0.015
5 0.6708333333333333 0.03166666666666667 0.018333333333333333 0.025
5 0.07833333333333334 0.6358333333333334 0.013333333333333334 0.01
5 0.5733333333333334 0.09166666666666666 0.008333333333333333 0.006666666666666667
5 0.7066666666666667 0.6583333333333333 0.008333333333333333 0.006666666666666667
5 0.125 0.40166666666666667 0.013333333333333334 0.015
5 0.2175 0.4975 0.013333333333333334 0.016666666666666666
