5 0.07166666666666667 0.9758333333333333 0.013333333333333334 0.013333333333333334
5 0.45666666666666667 0.6241666666666666 0.006666666666666667 0.008333333333333333
5 0.5266666666666666 0.5225 0.011666666666666667 0.011666666666666667
5 0.5025 0.225 0.008333333333333333 0.008333333333333333
5 0.2425 0.37166666666666665 0.008333333333333333 0.008333333333333333
5 0.33416666666666667 0.2075 0.008333333333333333 0.008333333333333333
5 0.6775 0.8666666666666667 0.008333333333333333 0.008333333333333333
5 0.98 0.8375 0.008333333333333333 0.008333333333333333
5 0.8758333333333334 0.6733333333333333 0.011666666666666667 0.011666666666666667
5 0.515 0.29083333333333333 0.006666666666666667 0.006666666666666667
5 0.8808333333333334 0.7183333333333334 0.006666666666666667 0.008333333333333333
5 0.5225 0.8041666666666667 0.011666666666666667 0.011666666666666667
5 0.09333333333333334 0.435 0.008333333333333333 0.006666666666666667
5 0.215 0.5941666666666666 0.008333333333333333 0.008333333333333333
5 0.465 0.1225 0.01 0.01
5 0.44 0.013333333333333334 0.015 0.013333333333333334
5 0.285 0.6725 0.018333333333333333 0.016666666666666666
5 0.25 0.3525 0.006666666666666667 0.006666666666666667
0 0.2675 0.27416666666666667 0.013333333333333334 0.015
0 0.08833333333333333 0.7441666666666666 0.023333333333333334 0.018333333333333333
