2.0 0.8953250000000001 0.2968083333333334 0.046875 0.10972499999999999
2.0 0.2877583333333334 0.8613916666666668 0.10118333333333333 0.052774999999999996
2.0 0.15513333333333337 0.07041666666666671 0.04705 0.0625
5.0 0.52315 0.829775 0.016408333333333334 0.019441666666666666
0 0.9841666666666666 0.3 0.021666666666666667 0.025
0 0.3383333333333333 0.4266666666666667 0.011666666666666667 0.015
0 0.7558333333333334 0.4975 0.028333333333333332 0.025
0 0.15166666666666667 0.12 0.016666666666666666 0.015
0 0.9275 0.355 0.023333333333333334 0.025
0 0.3516666666666667 0.22583333333333333 0.023333333333333334 0.025
0 0.13 0.23416666666666666 0.011666666666666667 0.015
