5 0.6191666666666666 0.04583333333333333 0.008333333333333333 0.008333333333333333
5 0.15083333333333335 0.12666666666666668 0.006666666666666667 0.008333333333333333
5 0.7991666666666667 0.4775 0.008333333333333333 0.01
5 0.7541666666666667 0.015 0.01 0.01
5 0.5908333333333333 0.20833333333333334 0.008333333333333333 0.008333333333333333
5 0.5766666666666667 0.24583333333333332 0.01 0.008333333333333333
5 0.13333333333333333 0.845 0.008333333333333333 0.008333333333333333
5 0.6733333333333333 0.43833333333333335 0.008333333333333333 0.008333333333333333
5 0.5825 0.3883333333333333 0.02 0.021666666666666667
5 0.33 0.1775 0.015 0.013333333333333334
5 0.345 0.4166666666666667 0.008333333333333333 0.01
5 0.15083333333333335 0.035833333333333335 0.01 0.01
5 0.48833333333333334 0.8133333333333334 0.015 0.011666666666666667
