5 0.7616666666666667 0.93 0.013333333333333334 0.013333333333333334
5 0.9825 0.5016666666666667 0.008333333333333333 0.008333333333333333
5 0.7983333333333333 0.365 0.013333333333333334 0.013333333333333334
5 0.8866666666666667 0.8333333333333334 0.016666666666666666 0.015
5 0.12833333333333333 0.8983333333333333 0.008333333333333333 0.008333333333333333
5 0.025 0.12166666666666667 0.015 0.013333333333333334
5 0.77 0.32083333333333336 0.011666666666666667 0.015
5 0.06416666666666666 0.925 0.008333333333333333 0.006666666666666667
0 0.06416666666666666 0.23 0.02 0.02
0 0.105 0.4325 0.01 0.013333333333333334
0 0.7341666666666666 0.23166666666666666 0.013333333333333334 0.016666666666666666
0 0.015 0.36333333333333334 0.016666666666666666 0.015
0 0.023333333333333334 0.18083333333333335 0.015 0.016666666666666666
