5 0.5783333333333334 0.7166666666666667 0.008333333333333333 0.008333333333333333
5 0.49083333333333334 0.2275 0.008333333333333333 0.008333333333333333
5 0.10416666666666667 0.5816666666666667 0.01 0.008333333333333333
5 0.37166666666666665 0.006666666666666667 0.008333333333333333 0.006666666666666667
5 0.4116666666666667 0.6816666666666666 0.015 0.015
5 0.37166666666666665 0.0675 0.01 0.008333333333333333
5 0.24083333333333334 0.4825 0.013333333333333334 0.015
5 0.8425 0.025 0.008333333333333333 0.008333333333333333
5 0.08916666666666667 0.7291666666666666 0.008333333333333333 0.008333333333333333
5 0.74 0.66 0.008333333333333333 0.006666666666666667
5 0.3 0.7766666666666666 0.008333333333333333 0.008333333333333333
0 0.5225 0.4508333333333333 0.018333333333333333 0.013333333333333334
0 0.013333333333333334 0.43833333333333335 0.018333333333333333 0.016666666666666666
0 0.2725 0.5075 0.011666666666666667 0.013333333333333334
0 0.9891666666666666 0.49833333333333335 0.016666666666666666 0.016666666666666666
0 0.08416666666666667 0.5991666666666666 0.01 0.013333333333333334
0 0.5375 0.8733333333333333 0.018333333333333333 0.02
0 0.635 0.6733333333333333 0.013333333333333334 0.015
0 0.04 0.835 0.025 0.023333333333333334
