5 0.3775 0.7016666666666667 0.018333333333333333 0.016666666666666666
5 0.6916666666666667 0.5766666666666667 0.008333333333333333 0.008333333333333333
5 0.6875 0.83 0.0033333333333333335 0.005
5 0.845 0.5408333333333334 0.008333333333333333 0.005
5 0.7825 0.04833333333333333 0.011666666666666667 0.01
5 0.07583333333333334 0.7358333333333333 0.006666666666666667 0.006666666666666667
5 0.22666666666666666 0.5191666666666667 0.011666666666666667 0.011666666666666667
5 0.09 0.8683333333333333 0.013333333333333334 0.016666666666666666
5 0.11833333333333333 0.37666666666666665 0.016666666666666666 0.016666666666666666
5 0.3275 0.9175 0.018333333333333333 0.021666666666666667
5 0.9341666666666667 0.48833333333333334 0.011666666666666667 0.013333333333333334
5 0.44416666666666665 0.6808333333333333 0.015 0.011666666666666667
5 0.3616666666666667 0.030833333333333334 0.018333333333333333 0.018333333333333333
5 0.22833333333333333 0.9891666666666666 0.01 0.01
5 0.7641666666666667 0.25916666666666666 0.008333333333333333 0.01
5 0.22 0.005 0.008333333333333333 0.006666666666666667
3 0.9291666666666667 0.3908333333333333 0.0375 0.03333333333333333
3 0.17333333333333334 0.26166666666666666 0.0375 0.03333333333333333
