5.0 0.14943333333333333 0.8244333333333335 0.0077 0.007575
5.0 0.53395 0.40614166666666673 0.01085 0.011333333333333332
5.0 0.9780666666666668 0.7450083333333334 0.009975000000000001 0.012191666666666667
4.0 0.8516333333333334 0.11415833333333339 0.10049999999999999 0.0516
4.0 0.36324999999999996 0.3988333333333334 0.051491666666666665 0.11060833333333332
4.0 0.196975 0.8003083333333334 0.11238333333333335 0.062275000000000004
5 0.22083333333333333 0.6483333333333333 0.013333333333333334 0.025
5 0.19833333333333333 0.8608333333333333 0.008333333333333333 0.008333333333333333
5 0.10416666666666667 0.8608333333333333 0.016666666666666666 0.016666666666666666
5 0.22916666666666666 0.9541666666666667 0.008333333333333333 0.008333333333333333
5 0.5516666666666666 0.5933333333333334 0.008333333333333333 0.008333333333333333
5 0.3491666666666667 0.27 0.016666666666666666 0.015
5 0.61 0.11916666666666667 0.015 0.016666666666666666
5 0.6933333333333334 0.19166666666666668 0.016666666666666666 0.02
5 0.385 0.545 0.011666666666666667 0.01
5 0.36 0.39166666666666666 0.011666666666666667 0.01
5 0.32166666666666666 0.8291666666666667 0.013333333333333334 0.013333333333333334
0 0.23833333333333334 0.20333333333333334 0.016666666666666666 0.015
0 0.029166666666666667 0.9041666666666667 0.025 0.02
3 0.4041666666666667 0.11083333333333334 0.11666666666666667 0.175
