5 0.2125 0.1675 0.008333333333333333 0.008333333333333333
5 0.01 0.5925 0.01 0.01
5 0.4725 0.5008333333333334 0.008333333333333333 0.008333333333333333
5 0.85 0.7983333333333333 0.01 0.008333333333333333
5 0.525 0.5558333333333333 0.008333333333333333 0.008333333333333333
5 0.7716666666666666 0.9766666666666667 0.011666666666666667 0.01
5 0.9225 0.5008333333333334 0.006666666666666667 0.006666666666666667
5 0.4558333333333333 0.6108333333333333 0.011666666666666667 0.015
5 0.9433333333333334 0.8525 0.008333333333333333 0.008333333333333333
5 0.6283333333333333 0.6366666666666667 0.008333333333333333 0.006666666666666667
5 0.7233333333333334 0.4 0.016666666666666666 0.015
5 0.4583333333333333 0.8025 0.02 0.021666666666666667
5 0.29083333333333333 0.4266666666666667 0.008333333333333333 0.006666666666666667
