5 0.7075 0.055 0.006666666666666667 0.006666666666666667
5 0.78 0.20083333333333334 0.008333333333333333 0.008333333333333333
5 0.3408333333333333 0.7908333333333334 0.018333333333333333 0.016666666666666666
5 0.6025 0.03333333333333333 0.01 0.011666666666666667
5 0.9666666666666667 0.175 0.006666666666666667 0.006666666666666667
5 0.0175 0.3375 0.01 0.01
5 0.59 0.35333333333333333 0.013333333333333334 0.011666666666666667
5 0.8466666666666667 0.325 0.01 0.01
5 0.0325 0.5041666666666667 0.013333333333333334 0.01
5 0.7133333333333334 0.7991666666666667 0.008333333333333333 0.008333333333333333
5 0.1725 0.9416666666666667 0.011666666666666667 0.01
5 0.395 0.33166666666666667 0.006666666666666667 0.005
5 0.7258333333333333 0.38166666666666665 0.013333333333333334 0.011666666666666667
5 0.6283333333333333 0.02 0.018333333333333333 0.016666666666666666
5 0.0575 0.2833333333333333 0.008333333333333333 0.008333333333333333
5 0.5158333333333334 0.3616666666666667 0.013333333333333334 0.015
0 0.6658333333333334 0.9075 0.025 0.02
0 0.010833333333333334 0.5766666666666667 0.011666666666666667 0.013333333333333334
0 0.060833333333333336 0.8275 0.011666666666666667 0.011666666666666667
0 0.055 0.8891666666666667 0.011666666666666667 0.011666666666666667
0 0.34 0.31666666666666665 0.015 0.015
0 0.6508333333333334 0.73 0.013333333333333334 0.011666666666666667
0 0.07916666666666666 0.31666666666666665 0.016666666666666666 0.016666666666666666
