5 0.8983333333333333 0.445 0.008333333333333333 0.008333333333333333
5 0.14 0.845 0.011666666666666667 0.011666666666666667
5 0.8291666666666667 0.44416666666666665 0.008333333333333333 0.006666666666666667
5 0.8166666666666667 0.8083333333333333 0.008333333333333333 0.008333333333333333
5 0.5208333333333334 0.23 0.013333333333333334 0.01
5 0.45916666666666667 0.7516666666666667 0.013333333333333334 0.015
5 0.6991666666666667 0.44583333333333336 0.008333333333333333 0.008333333333333333
5 0.9666666666666667 0.6641666666666667 0.011666666666666667 0.011666666666666667
5 0.9833333333333333 0.11083333333333334 0.01 0.01
5 0.9708333333333333 0.5325 0.01 0.01
5 0.05333333333333334 0.94 0.01 0.008333333333333333
5 0.6125 0.1875 0.013333333333333334 0.011666666666666667
5 0.10416666666666667 0.6258333333333334 0.013333333333333334 0.015
5 0.10833333333333334 0.48583333333333334 0.018333333333333333 0.016666666666666666
5 0.8791666666666667 0.010833333333333334 0.02 0.016666666666666666
5 0.3675 0.7575 0.013333333333333334 0.015
0 0.39916666666666667 0.43333333333333335 0.03 0.028333333333333332
0 0.2791666666666667 0.0625 0.016666666666666666 0.016666666666666666
0 0.7033333333333334 0.9933333333333333 0.011666666666666667 0.013333333333333334
0 0.4625 0.5733333333333334 0.02 0.021666666666666667
0 0.1 0.98 0.023333333333333334 0.023333333333333334
0 0.335 0.8075 0.021666666666666667 0.021666666666666667
0 0.5783333333333334 0.40166666666666667 0.013333333333333334 0.015
0 0.6383333333333333 0.30833333333333335 0.016666666666666666 0.016666666666666666
