5 0.9925 0.6325 0.01 0.011666666666666667
5 0.9341666666666667 0.25916666666666666 0.008333333333333333 0.008333333333333333
5 0.7883333333333333 0.695 0.008333333333333333 0.008333333333333333
5 0.265 0.051666666666666666 0.01 0.008333333333333333
5 0.20083333333333334 0.49416666666666664 0.01 0.01
5 0.6641666666666667 0.5141666666666667 0.013333333333333334 0.015
5 0.7291666666666666 0.5883333333333334 0.01 0.01
5 0.3525 0.4775 0.018333333333333333 0.018333333333333333
5 0.8541666666666666 0.6533333333333333 0.01 0.011666666666666667
5 0.335 0.4375 0.006666666666666667 0.008333333333333333
5 0.38416666666666666 0.6925 0.008333333333333333 0.01
5 0.36833333333333335 0.4608333333333333 0.015 0.015
5 0.29333333333333333 0.495 0.021666666666666667 0.02
