5 0.6716666666666666 0.6741666666666667 0.008333333333333333 0.006666666666666667
5 0.06583333333333333 0.2841666666666667 0.008333333333333333 0.008333333333333333
5 0.9291666666666667 0.36333333333333334 0.02 0.016666666666666666
5 0.7116666666666667 0.2891666666666667 0.016666666666666666 0.02
5 0.11 0.29 0.016666666666666666 0.02
5 0.0925 0.79 0.01 0.011666666666666667
5 0.21333333333333335 0.6675 0.01 0.01
5 0.7366666666666667 0.16583333333333333 0.016666666666666666 0.018333333333333333
5 0.8533333333333334 0.25833333333333336 0.016666666666666666 0.016666666666666666
5 0.735 0.19083333333333333 0.006666666666666667 0.006666666666666667
5 0.9366666666666666 0.9691666666666666 0.008333333333333333 0.008333333333333333
5 0.016666666666666666 0.5775 0.008333333333333333 0.008333333333333333
