8.0 0.20430833333333334 0.5609833333333333 0.2840666666666667 0.6424333333333333
8.0 0.5048583333333334 0.6813250000000001 0.3133583333333333 0.24582500000000002
5 0.3491666666666667 0.8241666666666667 0.015 0.015
5 0.03166666666666667 0.7758333333333334 0.006666666666666667 0.006666666666666667
5 0.23333333333333334 0.5266666666666666 0.013333333333333334 0.011666666666666667
5 0.395 0.9275 0.015 0.016666666666666666
5 0.2783333333333333 0.050833333333333335 0.01 0.008333333333333333
5 0.20333333333333334 0.6625 0.01 0.01
5 0.16 0.015833333333333335 0.015 0.021666666666666667
5 0.775 0.27666666666666667 0.015 0.011666666666666667
5 0.8741666666666666 0.9241666666666667 0.016666666666666666 0.015
5 0.24166666666666667 0.7366666666666667 0.01 0.011666666666666667
5 0.635 0.23583333333333334 0.006666666666666667 0.008333333333333333
5 0.010833333333333334 0.2683333333333333 0.01 0.01
5 0.1425 0.17583333333333334 0.006666666666666667 0.008333333333333333
5 0.5141666666666667 0.1525 0.01 0.01
5 0.5566666666666666 0.8616666666666667 0.01 0.01
5 0.20916666666666667 0.49833333333333335 0.013333333333333334 0.013333333333333334
