5 0.6825 0.6225 0.008333333333333333 0.01
5 0.54 0.3425 0.006666666666666667 0.006666666666666667
5 0.7958333333333333 0.4475 0.018333333333333333 0.016666666666666666
5 0.9941666666666666 0.1275 0.008333333333333333 0.008333333333333333
5 0.9291666666666667 0.3541666666666667 0.016666666666666666 0.016666666666666666
5 0.8308333333333333 0.8283333333333334 0.01 0.01
5 0.18333333333333332 0.445 0.006666666666666667 0.006666666666666667
5 0.5116666666666667 0.5225 0.01 0.01
5 0.1075 0.8991666666666667 0.011666666666666667 0.01
5 0.8591666666666666 0.05583333333333333 0.008333333333333333 0.01
5 0.18333333333333332 0.8383333333333334 0.006666666666666667 0.006666666666666667
5 0.23916666666666667 0.2941666666666667 0.011666666666666667 0.011666666666666667
5 0.09666666666666666 0.4675 0.01 0.008333333333333333
5 0.99 0.5541666666666667 0.008333333333333333 0.008333333333333333
5 0.7208333333333333 0.9316666666666666 0.011666666666666667 0.011666666666666667
5 0.25 0.2808333333333333 0.01 0.01
0 0.2758333333333333 0.4633333333333333 0.021666666666666667 0.023333333333333334
0 0.8008333333333333 0.125 0.01 0.01
0 0.3591666666666667 0.14416666666666667 0.028333333333333332 0.021666666666666667
0 0.88 0.3075 0.016666666666666666 0.016666666666666666
