5 0.8733333333333333 0.16 0.005 0.006666666666666667
5 0.034166666666666665 0.5691666666666667 0.013333333333333334 0.013333333333333334
5 0.1975 0.14 0.006666666666666667 0.006666666666666667
5 0.6175 0.7716666666666666 0.013333333333333334 0.013333333333333334
5 0.335 0.14583333333333334 0.01 0.008333333333333333
5 0.9158333333333334 0.7183333333333334 0.013333333333333334 0.013333333333333334
5 0.1025 0.2675 0.011666666666666667 0.011666666666666667
5 0.9791666666666666 0.31916666666666665 0.013333333333333334 0.013333333333333334
5 0.18 0.13916666666666666 0.015 0.015
5 0.0975 0.7158333333333333 0.011666666666666667 0.011666666666666667
5 0.57 0.15583333333333332 0.013333333333333334 0.013333333333333334
5 0.5391666666666667 0.07833333333333334 0.013333333333333334 0.016666666666666666
