5 0.7558333333333334 0.33666666666666667 0.006666666666666667 0.008333333333333333
5 0.20166666666666666 0.9241666666666667 0.015 0.013333333333333334
5 0.33416666666666667 0.9475 0.013333333333333334 0.015
5 0.175 0.4116666666666667 0.008333333333333333 0.008333333333333333
5 0.9466666666666667 0.6141666666666666 0.008333333333333333 0.008333333333333333
0 0.3425 0.175 0.015 0.015
0 0.8533333333333334 0.9833333333333333 0.02 0.013333333333333334
0 0.6208333333333333 0.029166666666666667 0.008333333333333333 0.011666666666666667
0 0.8525 0.6816666666666666 0.03333333333333333 0.028333333333333332
0 0.6125 0.36083333333333334 0.013333333333333334 0.011666666666666667
0 0.050833333333333335 0.9666666666666667 0.006666666666666667 0.01
