5 0.9483333333333334 0.7016666666666667 0.005 0.005
5 0.6291666666666667 0.215 0.006666666666666667 0.006666666666666667
5 0.20916666666666667 0.8783333333333333 0.008333333333333333 0.008333333333333333
5 0.4766666666666667 0.3616666666666667 0.021666666666666667 0.018333333333333333
5 0.39166666666666666 0.018333333333333333 0.01 0.01
5 0.15833333333333333 0.14583333333333334 0.021666666666666667 0.018333333333333333
5 0.6575 0.8458333333333333 0.01 0.008333333333333333
5 0.07 0.63 0.01 0.01
5 0.6041666666666666 0.7033333333333334 0.01 0.01
5 0.7183333333333334 0.4508333333333333 0.006666666666666667 0.008333333333333333
5 0.25666666666666665 0.5783333333333334 0.008333333333333333 0.008333333333333333
5 0.9666666666666667 0.37166666666666665 0.011666666666666667 0.013333333333333334
5 0.12416666666666666 0.6133333333333333 0.01 0.01
0 0.52 0.26416666666666666 0.023333333333333334 0.03166666666666667
0 0.5375 0.8166666666666667 0.013333333333333334 0.013333333333333334
0 0.2675 0.8016666666666666 0.018333333333333333 0.015
0 0.0875 0.91 0.013333333333333334 0.018333333333333333
0 0.7216666666666667 0.0775 0.018333333333333333 0.016666666666666666
0 0.485 0.09916666666666667 0.03166666666666667 0.02666666666666667
