5 0.165 0.050833333333333335 0.008333333333333333 0.008333333333333333
5 0.009166666666666667 0.7275 0.006666666666666667 0.01
5 0.3616666666666667 0.6375 0.008333333333333333 0.008333333333333333
5 0.1525 0.4633333333333333 0.011666666666666667 0.011666666666666667
5 0.28833333333333333 0.34 0.016666666666666666 0.015
5 0.12666666666666668 0.8508333333333333 0.008333333333333333 0.008333333333333333
5 0.5075 0.6783333333333333 0.008333333333333333 0.008333333333333333
0 0.2325 0.3075 0.023333333333333334 0.02666666666666667
0 0.7208333333333333 0.13083333333333333 0.01 0.011666666666666667
0 0.7016666666666667 0.5416666666666666 0.03833333333333333 0.04
0 0.21666666666666667 0.8058333333333333 0.018333333333333333 0.018333333333333333
