5 0.05333333333333334 0.3383333333333333 0.008333333333333333 0.005
5 0.4175 0.9741666666666666 0.013333333333333334 0.013333333333333334
5 0.09083333333333334 0.1 0.01 0.01
5 0.5325 0.32666666666666666 0.006666666666666667 0.008333333333333333
5 0.5841666666666666 0.9416666666666667 0.011666666666666667 0.01
5 0.9266666666666666 0.43166666666666664 0.008333333333333333 0.008333333333333333
5 0.9558333333333333 0.7883333333333333 0.013333333333333334 0.016666666666666666
5 0.018333333333333333 0.51 0.008333333333333333 0.006666666666666667
5 0.6991666666666667 0.7758333333333334 0.01 0.01
5 0.3491666666666667 0.21 0.01 0.01
5 0.9158333333333334 0.7583333333333333 0.01 0.011666666666666667
5 0.8266666666666667 0.3225 0.018333333333333333 0.021666666666666667
5 0.6875 0.04833333333333333 0.008333333333333333 0.008333333333333333
5 0.5175 0.48583333333333334 0.016666666666666666 0.018333333333333333
5 0.03 0.6983333333333334 0.016666666666666666 0.018333333333333333
5 0.6116666666666667 0.48 0.016666666666666666 0.015
5 0.9225 0.8691666666666666 0.013333333333333334 0.013333333333333334
