8.0 0.2807583333333334 0.5522122602168473 0.3353 0.6538782318598833
5 0.20916666666666667 0.6575 0.008333333333333333 0.008333333333333333
5 0.6766666666666666 0.5533333333333333 0.01 0.01
5 0.43166666666666664 0.5666666666666667 0.013333333333333334 0.013333333333333334
5 0.9808333333333333 0.42 0.008333333333333333 0.008333333333333333
5 0.23916666666666667 0.18333333333333332 0.006666666666666667 0.008333333333333333
5 0.4658333333333333 0.6408333333333334 0.008333333333333333 0.008333333333333333
5 0.6416666666666667 0.4116666666666667 0.008333333333333333 0.008333333333333333
5 0.43916666666666665 0.6258333333333334 0.01 0.008333333333333333
5 0.9133333333333333 0.8816666666666667 0.008333333333333333 0.008333333333333333
5 0.5066666666666667 0.9741666666666666 0.015 0.015
5 0.4625 0.9858333333333333 0.015 0.013333333333333334
5 0.845 0.37083333333333335 0.008333333333333333 0.008333333333333333
5 0.15416666666666667 0.01 0.008333333333333333 0.008333333333333333
5 0.44166666666666665 0.3958333333333333 0.011666666666666667 0.011666666666666667
5 0.2941666666666667 0.4975 0.013333333333333334 0.013333333333333334
5 0.605 0.013333333333333334 0.015 0.013333333333333334
5 0.049166666666666664 0.8733333333333333 0.006666666666666667 0.008333333333333333
5 0.5525 0.2225 0.008333333333333333 0.008333333333333333
