5 0.2225 0.5316666666666666 0.01 0.01
5 0.7941666666666667 0.7858333333333334 0.013333333333333334 0.013333333333333334
5 0.049166666666666664 0.67 0.006666666666666667 0.006666666666666667
5 0.5066666666666667 0.9725 0.011666666666666667 0.015
5 0.88 0.020833333333333332 0.008333333333333333 0.008333333333333333
5 0.0475 0.78 0.008333333333333333 0.008333333333333333
5 0.5758333333333333 0.17 0.006666666666666667 0.01
5 0.8791666666666667 0.9516666666666667 0.011666666666666667 0.011666666666666667
5 0.3225 0.1625 0.011666666666666667 0.011666666666666667
5 0.3075 0.42916666666666664 0.01 0.01
5 0.2816666666666667 0.7408333333333333 0.005 0.006666666666666667
5 0.7183333333333334 0.1075 0.01 0.01
5 0.8466666666666667 0.19833333333333333 0.013333333333333334 0.013333333333333334
5 0.07416666666666667 0.4875 0.016666666666666666 0.016666666666666666
5 0.4816666666666667 0.0275 0.015 0.013333333333333334
5 0.6433333333333333 0.2966666666666667 0.015 0.021666666666666667
5 0.06333333333333334 0.9333333333333333 0.01 0.011666666666666667
5 0.7833333333333333 0.8008333333333333 0.011666666666666667 0.01
5 0.14916666666666667 0.5025 0.01 0.01
0 0.3491666666666667 0.5625 0.01 0.008333333333333333
0 0.615 0.7966666666666666 0.018333333333333333 0.016666666666666666
0 0.16666666666666666 0.2225 0.01 0.013333333333333334
0 0.6841666666666667 0.22666666666666666 0.02 0.02
0 0.8 0.115 0.015 0.018333333333333333
0 0.8916666666666667 0.4083333333333333 0.013333333333333334 0.013333333333333334
0 0.9691666666666666 0.2225 0.011666666666666667 0.013333333333333334
0 0.6225 0.7108333333333333 0.016666666666666666 0.023333333333333334
3 0.595 0.4725 0.06666666666666667 0.041666666666666664
