1.0 0.09472500000000002 0.1050916666666667 0.044725 0.0455
1.0 0.93635 0.8446333333333333 0.03870833333333334 0.038391666666666664
5 0.31166666666666665 0.43 0.011666666666666667 0.011666666666666667
5 0.30083333333333334 0.295 0.008333333333333333 0.008333333333333333
5 0.07 0.08166666666666667 0.011666666666666667 0.011666666666666667
5 0.19166666666666668 0.3358333333333333 0.01 0.01
5 0.38666666666666666 0.6675 0.013333333333333334 0.013333333333333334
5 0.11333333333333333 0.83 0.01 0.01
5 0.14333333333333334 0.48833333333333334 0.018333333333333333 0.016666666666666666
5 0.0175 0.7483333333333333 0.008333333333333333 0.01
5 0.3308333333333333 0.9491666666666667 0.013333333333333334 0.013333333333333334
5 0.4216666666666667 0.23666666666666666 0.008333333333333333 0.006666666666666667
5 0.16333333333333333 0.8375 0.006666666666666667 0.008333333333333333
5 0.8233333333333334 0.4658333333333333 0.01 0.01
