5.0 0.4809583333333333 0.7961750000000001 0.016050000000000002 0.015341666666666667
1.0 0.9289833333333333 0.8686666666666667 0.03826666666666667 0.038
1.0 0.08731666666666668 0.12996666666666667 0.044675 0.045625
5.0 0.147275 0.170625 0.015075 0.0158
5 0.19083333333333333 0.22916666666666666 0.015 0.018333333333333333
5 0.4175 0.5441666666666667 0.008333333333333333 0.008333333333333333
5 0.4708333333333333 0.3933333333333333 0.013333333333333334 0.013333333333333334
5 0.2708333333333333 0.2833333333333333 0.008333333333333333 0.008333333333333333
5 0.4325 0.4666666666666667 0.016666666666666666 0.018333333333333333
5 0.7408333333333333 0.3525 0.013333333333333334 0.013333333333333334
5 0.2175 0.5675 0.008333333333333333 0.008333333333333333
5 0.9416666666666667 0.49333333333333335 0.01 0.01
5 0.4608333333333333 0.2975 0.015 0.021666666666666667
5 0.10833333333333334 0.5608333333333333 0.016666666666666666 0.018333333333333333
5 0.4675 0.8941666666666667 0.01 0.01
5 0.83 0.0575 0.01 0.01
5 0.7275 0.425 0.016666666666666666 0.015
