5 0.8633333333333333 0.8975 0.01 0.011666666666666667
5 0.0775 0.48083333333333333 0.01 0.01
5 0.5125 0.6691666666666667 0.013333333333333334 0.013333333333333334
5 0.25083333333333335 0.965 0.015 0.013333333333333334
5 0.32416666666666666 0.2 0.01 0.011666666666666667
5 0.2925 0.6041666666666666 0.015 0.015
5 0.4741666666666667 0.715 0.008333333333333333 0.008333333333333333
5 0.20416666666666666 0.8108333333333333 0.011666666666666667 0.01
5 0.5358333333333334 0.16416666666666666 0.016666666666666666 0.015
5 0.4033333333333333 0.005 0.008333333333333333 0.008333333333333333
5 0.25166666666666665 0.965 0.011666666666666667 0.011666666666666667
5 0.335 0.14416666666666667 0.01 0.01
0 0.26166666666666666 0.9333333333333333 0.013333333333333334 0.013333333333333334
0 0.42083333333333334 0.8875 0.016666666666666666 0.016666666666666666
0 0.39416666666666667 0.64 0.015 0.015
