1.0 0.08305833333333336 0.13259166666666672 0.044725 0.0455
1.0 0.9246833333333333 0.8721333333333333 0.03870833333333334 0.038391666666666664
5 0.33416666666666667 0.6208333333333333 0.015 0.013333333333333334
5 0.029166666666666667 0.5575 0.008333333333333333 0.008333333333333333
5 0.4725 0.14 0.006666666666666667 0.008333333333333333
5 0.1725 0.30416666666666664 0.008333333333333333 0.008333333333333333
5 0.4066666666666667 0.07666666666666666 0.011666666666666667 0.013333333333333334
5 0.0625 0.615 0.006666666666666667 0.006666666666666667
5 0.5566666666666666 0.16416666666666666 0.011666666666666667 0.011666666666666667
5 0.6291666666666667 0.03666666666666667 0.013333333333333334 0.013333333333333334
