5 0.24416666666666667 0.925 0.008333333333333333 0.01
5 0.06166666666666667 0.7325 0.008333333333333333 0.008333333333333333
5 0.43083333333333335 0.5416666666666666 0.013333333333333334 0.013333333333333334
5 0.36583333333333334 0.7108333333333333 0.01 0.01
5 0.6008333333333333 0.7783333333333333 0.016666666666666666 0.016666666666666666
5 0.17583333333333334 0.45916666666666667 0.021666666666666667 0.018333333333333333
5 0.29 0.39166666666666666 0.01 0.011666666666666667
5 0.4675 0.65 0.021666666666666667 0.018333333333333333
5 0.32166666666666666 0.14833333333333334 0.013333333333333334 0.015
5 0.7066666666666667 0.43083333333333335 0.01 0.01
5 0.9683333333333334 0.63 0.01 0.008333333333333333
5 0.86 0.245 0.015 0.013333333333333334
5 0.23416666666666666 0.10916666666666666 0.013333333333333334 0.013333333333333334
5 0.9391666666666667 0.49916666666666665 0.011666666666666667 0.013333333333333334
5 0.35583333333333333 0.9683333333333334 0.01 0.011666666666666667
5 0.2708333333333333 0.8616666666666667 0.008333333333333333 0.008333333333333333
5 0.16 0.5966666666666667 0.01 0.01
5 0.6066666666666667 0.41333333333333333 0.008333333333333333 0.008333333333333333
6 0.15083333333333335 0.7983333333333333 0.03 0.15333333333333332
6 0.3616666666666667 0.295 0.07666666666666666 0.31333333333333335
