4.0 0.05755368814192342 0.7621526479750778 0.08363211951447246 0.13842056074766357
4.0 0.46068160597572366 0.48606853582554516 0.08781512605042016 0.07545794392523364
4.0 0.8056022408963586 0.343404984423676 0.10249299719887955 0.10450467289719625
4.0 0.616311858076564 0.93601246105919 0.1273856209150327 0.05834579439252337
5.0 0.6100280112044817 0.33419003115264795 0.011559290382819795 0.011102803738317757
5 0.03333333333333333 0.6475 0.011666666666666667 0.011666666666666667
5 0.8466666666666667 0.8716666666666667 0.01 0.008333333333333333
5 0.11416666666666667 0.31416666666666665 0.008333333333333333 0.01
5 0.6216666666666667 0.91 0.006666666666666667 0.008333333333333333
5 0.13666666666666666 0.8283333333333334 0.011666666666666667 0.01
