5 0.7883333333333333 0.6866666666666666 0.011666666666666667 0.01
0 0.5825 0.2225 0.03666666666666667 0.03833333333333333
0 0.98 0.4608333333333333 0.015 0.015
0 0.04416666666666667 0.2975 0.013333333333333334 0.011666666666666667
0 0.4325 0.3425 0.025 0.02
0 0.6941666666666667 0.9275 0.013333333333333334 0.013333333333333334
0 0.30416666666666664 0.14 0.025 0.028333333333333332
0 0.060833333333333336 0.4975 0.02666666666666667 0.021666666666666667
0 0.7675 0.5575 0.011666666666666667 0.01
0 0.20916666666666667 0.8666666666666667 0.021666666666666667 0.021666666666666667
6 0.21333333333333335 0.76 0.07333333333333333 0.48
6 0.6816666666666666 0.2841666666666667 0.04833333333333333 0.17
6 0.8766666666666667 0.09583333333333334 0.02666666666666667 0.07333333333333333
6 0.8466666666666667 0.6416666666666667 0.02666666666666667 0.07333333333333333
