5 0.2825 0.020833333333333332 0.018333333333333333 0.025
5 0.7658333333333334 0.5883333333333334 0.006666666666666667 0.006666666666666667
5 0.09833333333333333 0.9216666666666666 0.01 0.01
5 0.006666666666666667 0.6008333333333333 0.006666666666666667 0.005
5 0.7983333333333333 0.5066666666666667 0.01 0.008333333333333333
5 0.1425 0.3875 0.008333333333333333 0.008333333333333333
5 0.5283333333333333 0.17416666666666666 0.013333333333333334 0.015
5 0.21666666666666667 0.6108333333333333 0.008333333333333333 0.008333333333333333
5 0.7933333333333333 0.8225 0.01 0.01
5 0.8591666666666666 0.014166666666666666 0.011666666666666667 0.01
5 0.17666666666666667 0.5041666666666667 0.008333333333333333 0.008333333333333333
5 0.5841666666666666 0.18916666666666668 0.013333333333333334 0.013333333333333334
5 0.10416666666666667 0.2758333333333333 0.008333333333333333 0.006666666666666667
5 0.15166666666666667 0.7375 0.018333333333333333 0.021666666666666667
5 0.8025 0.7208333333333333 0.008333333333333333 0.008333333333333333
5 0.06583333333333333 0.3725 0.011666666666666667 0.011666666666666667
5 0.22333333333333333 0.4483333333333333 0.008333333333333333 0.008333333333333333
