2.0 0.12450777202072538 0.05379573609910691 0.0516321243523316 0.0677009507346586
2.0 0.8944214162348878 0.28715787957360994 0.048575129533678756 0.1138029386343993
2.0 0.2619343696027634 0.8712806107749929 0.10196891191709845 0.057623163353500435
5 0.6166666666666667 0.06583333333333333 0.006666666666666667 0.006666666666666667
5 0.105 0.8941666666666667 0.015 0.013333333333333334
5 0.7291666666666666 0.2866666666666667 0.006666666666666667 0.006666666666666667
5 0.4375 0.18833333333333332 0.013333333333333334 0.011666666666666667
5 0.15666666666666668 0.5308333333333334 0.008333333333333333 0.008333333333333333
5 0.4775 0.9908333333333333 0.006666666666666667 0.006666666666666667
5 0.6175 0.805 0.01 0.01
5 0.8241666666666667 0.595 0.008333333333333333 0.008333333333333333
5 0.6583333333333333 0.195 0.013333333333333334 0.013333333333333334
5 0.5833333333333334 0.6466666666666666 0.006666666666666667 0.006666666666666667
5 0.3283333333333333 0.44583333333333336 0.021666666666666667 0.02
0 0.27 0.07083333333333333 0.016666666666666666 0.015
0 0.37166666666666665 0.27416666666666667 0.02 0.013333333333333334
0 0.9441666666666667 0.6925 0.016666666666666666 0.018333333333333333
0 0.07916666666666666 0.7516666666666667 0.011666666666666667 0.011666666666666667
0 0.20833333333333334 0.45666666666666667 0.011666666666666667 0.011666666666666667
0 0.05333333333333334 0.48083333333333333 0.03833333333333333 0.04
0 0.7316666666666667 0.5316666666666666 0.013333333333333334 0.01
0 0.0575 0.13583333333333333 0.028333333333333332 0.021666666666666667
0 0.6475 0.25333333333333335 0.011666666666666667 0.011666666666666667
