5 0.89 0.775 0.01 0.01
5 0.8541666666666666 0.7316666666666667 0.013333333333333334 0.015
5 0.8875 0.5858333333333333 0.013333333333333334 0.013333333333333334
5 0.455 0.21083333333333334 0.013333333333333334 0.013333333333333334
5 0.49083333333333334 0.5758333333333333 0.011666666666666667 0.011666666666666667
5 0.19583333333333333 0.06666666666666667 0.011666666666666667 0.011666666666666667
5 0.7975 0.48833333333333334 0.01 0.01
5 0.255 0.41583333333333333 0.013333333333333334 0.013333333333333334
5 0.21083333333333334 0.33666666666666667 0.006666666666666667 0.008333333333333333
5 0.8341666666666666 0.6983333333333334 0.015 0.015
5 0.82 0.6783333333333333 0.011666666666666667 0.011666666666666667
5 0.5075 0.10416666666666667 0.013333333333333334 0.013333333333333334
5 0.1225 0.7525 0.008333333333333333 0.008333333333333333
5 0.7183333333333334 0.27666666666666667 0.011666666666666667 0.011666666666666667
5 0.6341666666666667 0.24166666666666667 0.011666666666666667 0.01
5 0.36583333333333334 0.39666666666666667 0.006666666666666667 0.006666666666666667
3 0.175 0.5575 0.06666666666666667 0.041666666666666664
