5 0.7983333333333333 0.16833333333333333 0.023333333333333334 0.021666666666666667
5 0.35583333333333333 0.37416666666666665 0.006666666666666667 0.006666666666666667
5 0.9616666666666667 0.4483333333333333 0.008333333333333333 0.008333333333333333
5 0.014166666666666666 0.49666666666666665 0.01 0.01
5 0.5841666666666666 0.8933333333333333 0.02 0.015
5 0.6091666666666666 0.15333333333333332 0.013333333333333334 0.011666666666666667
5 0.7658333333333334 0.2025 0.013333333333333334 0.015
5 0.0625 0.3225 0.01 0.01
5 0.07666666666666666 0.41833333333333333 0.01 0.01
5 0.5491666666666667 0.8225 0.013333333333333334 0.015
5 0.91 0.8708333333333333 0.013333333333333334 0.013333333333333334
5 0.3408333333333333 0.84 0.01 0.01
5 0.2525 0.8025 0.008333333333333333 0.008333333333333333
5 0.22166666666666668 0.37166666666666665 0.018333333333333333 0.016666666666666666
5 0.7141666666666666 0.9875 0.013333333333333334 0.015
5 0.5233333333333333 0.585 0.013333333333333334 0.013333333333333334
5 0.2783333333333333 0.875 0.021666666666666667 0.018333333333333333
