5 0.635 0.1575 0.008333333333333333 0.01
5 0.4816666666666667 0.44083333333333335 0.013333333333333334 0.013333333333333334
5 0.2625 0.15916666666666668 0.01 0.01
5 0.6458333333333334 0.5075 0.01 0.01
5 0.3441666666666667 0.0725 0.008333333333333333 0.008333333333333333
5 0.029166666666666667 0.3625 0.01 0.008333333333333333
5 0.8475 0.7825 0.008333333333333333 0.008333333333333333
5 0.62 0.05333333333333334 0.01 0.008333333333333333
5 0.9675 0.6566666666666666 0.015 0.021666666666666667
5 0.6833333333333333 0.9766666666666667 0.008333333333333333 0.008333333333333333
5 0.9066666666666666 0.5075 0.01 0.01
5 0.43916666666666665 0.17916666666666667 0.011666666666666667 0.011666666666666667
5 0.19666666666666666 0.8341666666666666 0.01 0.01
5 0.49333333333333335 0.815 0.008333333333333333 0.01
5 0.06416666666666666 0.545 0.008333333333333333 0.008333333333333333
