5 0.6458333333333334 0.37666666666666665 0.011666666666666667 0.011666666666666667
5 0.9483333333333334 0.45416666666666666 0.006666666666666667 0.006666666666666667
5 0.9666666666666667 0.8616666666666667 0.011666666666666667 0.011666666666666667
5 0.09166666666666666 0.8475 0.013333333333333334 0.013333333333333334
5 0.10583333333333333 0.725 0.011666666666666667 0.01
5 0.44083333333333335 0.5941666666666666 0.013333333333333334 0.013333333333333334
5 0.15833333333333333 0.0475 0.008333333333333333 0.008333333333333333
5 0.8025 0.49083333333333334 0.016666666666666666 0.015
5 0.2825 0.034166666666666665 0.008333333333333333 0.008333333333333333
5 0.3516666666666667 0.655 0.01 0.01
5 0.22916666666666666 0.12166666666666667 0.01 0.011666666666666667
5 0.15083333333333335 0.16833333333333333 0.01 0.01
5 0.07 0.38916666666666666 0.008333333333333333 0.008333333333333333
5 0.47333333333333333 0.5966666666666667 0.008333333333333333 0.01
0 0.5233333333333333 0.9025 0.028333333333333332 0.03166666666666667
0 0.7308333333333333 0.049166666666666664 0.01 0.01
0 0.5633333333333334 0.6966666666666667 0.023333333333333334 0.02666666666666667
