5 0.31083333333333335 0.2633333333333333 0.01 0.008333333333333333
5 0.72 0.16333333333333333 0.011666666666666667 0.01
5 0.43583333333333335 0.10166666666666667 0.021666666666666667 0.02
5 0.3975 0.3566666666666667 0.015 0.013333333333333334
5 0.5875 0.9041666666666667 0.01 0.01
5 0.29583333333333334 0.9533333333333334 0.011666666666666667 0.01
5 0.5133333333333333 0.6375 0.01 0.008333333333333333
5 0.7858333333333334 0.365 0.008333333333333333 0.01
5 0.8691666666666666 0.14666666666666667 0.008333333333333333 0.008333333333333333
5 0.2575 0.05583333333333333 0.01 0.01
5 0.2783333333333333 0.37583333333333335 0.008333333333333333 0.01
5 0.01 0.2875 0.011666666666666667 0.011666666666666667
5 0.0725 0.02666666666666667 0.008333333333333333 0.008333333333333333
5 0.25333333333333335 0.43166666666666664 0.013333333333333334 0.011666666666666667
0 0.8283333333333334 0.7308333333333333 0.013333333333333334 0.016666666666666666
