5 0.8358333333333333 0.13583333333333333 0.008333333333333333 0.006666666666666667
5 0.6 0.615 0.006666666666666667 0.006666666666666667
5 0.03666666666666667 0.17 0.006666666666666667 0.006666666666666667
5 0.7233333333333334 0.12083333333333333 0.016666666666666666 0.018333333333333333
5 0.31666666666666665 0.7066666666666667 0.013333333333333334 0.011666666666666667
5 0.2758333333333333 0.38916666666666666 0.015 0.013333333333333334
5 0.4533333333333333 0.7441666666666666 0.013333333333333334 0.011666666666666667
5 0.5066666666666667 0.27166666666666667 0.015 0.013333333333333334
5 0.7633333333333333 0.33416666666666667 0.008333333333333333 0.008333333333333333
5 0.7741666666666667 0.09833333333333333 0.016666666666666666 0.015
5 0.24583333333333332 0.965 0.006666666666666667 0.006666666666666667
5 0.48583333333333334 0.835 0.01 0.01
5 0.7933333333333333 0.21 0.013333333333333334 0.015
5 0.5875 0.6908333333333333 0.016666666666666666 0.015
5 0.6133333333333333 0.5716666666666667 0.016666666666666666 0.015
5 0.3175 0.225 0.008333333333333333 0.006666666666666667
0 0.7675 0.1525 0.01 0.01
0 0.4691666666666667 0.06166666666666667 0.011666666666666667 0.011666666666666667
0 0.03833333333333333 0.49 0.035 0.04
0 0.19583333333333333 0.7508333333333334 0.016666666666666666 0.015
0 0.09666666666666666 0.5483333333333333 0.016666666666666666 0.016666666666666666
0 0.96 0.38 0.011666666666666667 0.011666666666666667
0 0.17 0.6408333333333334 0.018333333333333333 0.018333333333333333
0 0.17083333333333334 0.07666666666666666 0.023333333333333334 0.021666666666666667
6 0.7458333333333333 0.43416666666666665 0.01 0.018333333333333333
6 0.2875 0.225 0.016666666666666666 0.025
6 0.37333333333333335 0.13416666666666666 0.03333333333333333 0.075
