5 0.3433333333333333 0.40166666666666667 0.01 0.011666666666666667
5 0.4033333333333333 0.9625 0.015 0.013333333333333334
5 0.2791666666666667 0.019166666666666665 0.01 0.008333333333333333
5 0.17 0.9358333333333333 0.006666666666666667 0.008333333333333333
5 0.09 0.10833333333333334 0.016666666666666666 0.016666666666666666
5 0.6125 0.56 0.018333333333333333 0.016666666666666666
5 0.23166666666666666 0.555 0.006666666666666667 0.008333333333333333
5 0.67 0.20083333333333334 0.013333333333333334 0.013333333333333334
5 0.2725 0.49833333333333335 0.013333333333333334 0.013333333333333334
5 0.905 0.4741666666666667 0.015 0.011666666666666667
5 0.9275 0.35583333333333333 0.008333333333333333 0.006666666666666667
5 0.18416666666666667 0.79 0.016666666666666666 0.015
5 0.17916666666666667 0.15833333333333333 0.008333333333333333 0.008333333333333333
5 0.485 0.3875 0.015 0.013333333333333334
