5 0.6475 0.05 0.013333333333333334 0.013333333333333334
5 0.58 0.8475 0.006666666666666667 0.005
5 0.3925 0.4975 0.006666666666666667 0.006666666666666667
5 0.2966666666666667 0.7108333333333333 0.016666666666666666 0.015
5 0.8758333333333334 0.9191666666666667 0.008333333333333333 0.008333333333333333
5 0.32166666666666666 0.07166666666666667 0.011666666666666667 0.011666666666666667
5 0.27416666666666667 0.12583333333333332 0.016666666666666666 0.015
5 0.485 0.9208333333333333 0.01 0.01
5 0.06583333333333333 0.745 0.01 0.01
5 0.36833333333333335 0.5175 0.011666666666666667 0.011666666666666667
5 0.03 0.3308333333333333 0.008333333333333333 0.008333333333333333
5 0.13166666666666665 0.81 0.006666666666666667 0.008333333333333333
5 0.465 0.5441666666666667 0.01 0.011666666666666667
5 0.0825 0.8191666666666667 0.015 0.013333333333333334
5 0.6925 0.5016666666666667 0.01 0.011666666666666667
5 0.7858333333333334 0.8608333333333333 0.01 0.01
5 0.9583333333333334 0.5425 0.018333333333333333 0.021666666666666667
0 0.395 0.7316666666666667 0.02666666666666667 0.023333333333333334
0 0.7141666666666666 0.9391666666666667 0.01 0.01
0 0.8033333333333333 0.8016666666666666 0.01 0.01
0 0.9375 0.8216666666666667 0.011666666666666667 0.013333333333333334
0 0.225 0.9016666666666666 0.025 0.02
0 0.9241666666666667 0.9258333333333333 0.02 0.02
0 0.0725 0.4766666666666667 0.011666666666666667 0.013333333333333334
0 0.03916666666666667 0.2683333333333333 0.016666666666666666 0.016666666666666666
