8.0 0.30494509313316653 0.5220769230769231 0.25005004170141787 0.7171880341880342
5 0.6175 0.8983333333333333 0.006666666666666667 0.008333333333333333
5 0.6866666666666666 0.6158333333333333 0.018333333333333333 0.016666666666666666
5 0.5816666666666667 0.5666666666666667 0.008333333333333333 0.008333333333333333
5 0.795 0.9633333333333334 0.011666666666666667 0.01
5 0.21 0.1375 0.015 0.015
5 0.13916666666666666 0.9141666666666667 0.008333333333333333 0.008333333333333333
5 0.6391666666666667 0.6958333333333333 0.016666666666666666 0.015
5 0.7816666666666666 0.72 0.006666666666666667 0.006666666666666667
5 0.47333333333333333 0.27666666666666667 0.013333333333333334 0.011666666666666667
