5 0.975 0.19166666666666668 0.006666666666666667 0.006666666666666667
5 0.9875 0.065 0.016666666666666666 0.015
5 0.9325 0.5375 0.01 0.01
5 0.9358333333333333 0.6408333333333334 0.013333333333333334 0.013333333333333334
5 0.47833333333333333 0.19 0.008333333333333333 0.008333333333333333
5 0.8866666666666667 0.7541666666666667 0.008333333333333333 0.008333333333333333
0 0.9633333333333334 0.0725 0.03 0.028333333333333332
0 0.6275 0.37416666666666665 0.016666666666666666 0.016666666666666666
0 0.8425 0.5683333333333334 0.008333333333333333 0.008333333333333333
0 0.1725 0.9 0.015 0.016666666666666666
0 0.7975 0.5575 0.015 0.015
0 0.7258333333333333 0.6833333333333333 0.011666666666666667 0.011666666666666667
0 0.29 0.5966666666666667 0.013333333333333334 0.01
0 0.9341666666666667 0.46166666666666667 0.013333333333333334 0.01
0 0.9275 0.5808333333333333 0.013333333333333334 0.018333333333333333
