5 0.44083333333333335 0.03166666666666667 0.011666666666666667 0.011666666666666667
5 0.165 0.6583333333333333 0.01 0.016666666666666666
5 0.575 0.8841666666666667 0.008333333333333333 0.008333333333333333
5 0.6883333333333334 0.034166666666666665 0.008333333333333333 0.008333333333333333
5 0.35583333333333333 0.82 0.02 0.015
5 0.35833333333333334 0.5816666666666667 0.01 0.01
5 0.5133333333333333 0.9125 0.013333333333333334 0.015
5 0.6233333333333333 0.8108333333333333 0.013333333333333334 0.015
5 0.9241666666666667 0.2275 0.013333333333333334 0.013333333333333334
5 0.945 0.9591666666666666 0.016666666666666666 0.02
5 0.07666666666666666 0.5741666666666667 0.016666666666666666 0.016666666666666666
5 0.6175 0.9016666666666666 0.01 0.01
5 0.25666666666666665 0.12916666666666668 0.018333333333333333 0.025
5 0.435 0.4375 0.011666666666666667 0.01
5 0.3458333333333333 0.66 0.016666666666666666 0.015
5 0.47 0.4191666666666667 0.008333333333333333 0.008333333333333333
5 0.17416666666666666 0.96 0.016666666666666666 0.015
5 0.43916666666666665 0.7016666666666667 0.011666666666666667 0.011666666666666667
5 0.495 0.1075 0.008333333333333333 0.008333333333333333
