2.0 0.19766393442622954 0.045295992714025526 0.08327868852459017 0.07589253187613844
2.0 0.6962431693989072 0.5249590163934427 0.045218579234972675 0.0546448087431694
2.0 0.24395719489981788 0.8346129326047359 0.08478142076502733 0.08804189435336976
5 0.14666666666666667 0.3875 0.015 0.011666666666666667
5 0.5108333333333334 0.9516666666666667 0.015 0.013333333333333334
5 0.43583333333333335 0.9641666666666666 0.006666666666666667 0.006666666666666667
5 0.30083333333333334 0.058333333333333334 0.015 0.013333333333333334
5 0.4891666666666667 0.5841666666666666 0.005 0.006666666666666667
5 0.3425 0.8783333333333333 0.01 0.011666666666666667
5 0.8441666666666666 0.43 0.008333333333333333 0.008333333333333333
5 0.3075 0.8866666666666667 0.013333333333333334 0.01
5 0.13666666666666666 0.4 0.011666666666666667 0.008333333333333333
5 0.595 0.2608333333333333 0.013333333333333334 0.011666666666666667
5 0.1025 0.12333333333333334 0.013333333333333334 0.015
5 0.6008333333333333 0.40166666666666667 0.008333333333333333 0.008333333333333333
5 0.9508333333333333 0.6191666666666666 0.013333333333333334 0.013333333333333334
5 0.4766666666666667 0.8691666666666666 0.011666666666666667 0.011666666666666667
5 0.7675 0.37083333333333335 0.013333333333333334 0.015
