5 0.22666666666666666 0.91 0.006666666666666667 0.006666666666666667
5 0.8016666666666666 0.019166666666666665 0.018333333333333333 0.018333333333333333
5 0.6366666666666667 0.5808333333333333 0.008333333333333333 0.006666666666666667
5 0.8041666666666667 0.11666666666666667 0.005 0.006666666666666667
5 0.46 0.2875 0.011666666666666667 0.015
5 0.5308333333333334 0.5516666666666666 0.013333333333333334 0.013333333333333334
5 0.6791666666666667 0.4741666666666667 0.01 0.01
5 0.26166666666666666 0.4525 0.023333333333333334 0.02
5 0.7666666666666667 0.37083333333333335 0.008333333333333333 0.01
5 0.43666666666666665 0.2608333333333333 0.008333333333333333 0.005
5 0.3641666666666667 0.8808333333333334 0.008333333333333333 0.008333333333333333
