5 0.1575 0.056666666666666664 0.008333333333333333 0.008333333333333333
5 0.015833333333333335 0.6775 0.01 0.008333333333333333
5 0.6241666666666666 0.9083333333333333 0.011666666666666667 0.008333333333333333
5 0.4141666666666667 0.9925 0.01 0.01
5 0.43166666666666664 0.05416666666666667 0.011666666666666667 0.01
5 0.6616666666666666 0.21166666666666667 0.011666666666666667 0.011666666666666667
5 0.59 0.5925 0.011666666666666667 0.01
5 0.8416666666666667 0.8408333333333333 0.015 0.013333333333333334
5 0.7191666666666666 0.49083333333333334 0.013333333333333334 0.013333333333333334
5 0.2475 0.04666666666666667 0.008333333333333333 0.008333333333333333
5 0.23916666666666667 0.27666666666666667 0.008333333333333333 0.008333333333333333
5 0.6833333333333333 0.13666666666666666 0.011666666666666667 0.011666666666666667
5 0.7875 0.21083333333333334 0.01 0.01
5 0.7141666666666666 0.15416666666666667 0.008333333333333333 0.008333333333333333
5 0.0375 0.45416666666666666 0.023333333333333334 0.02
0 0.06 0.35333333333333333 0.025 0.02
0 0.6641666666666667 0.014166666666666666 0.016666666666666666 0.016666666666666666
