5 0.2575 0.8258333333333333 0.008333333333333333 0.008333333333333333
5 0.8175 0.9933333333333333 0.008333333333333333 0.008333333333333333
5 0.41333333333333333 0.3016666666666667 0.013333333333333334 0.015
5 0.7 0.8783333333333333 0.008333333333333333 0.008333333333333333
5 0.5791666666666667 0.9358333333333333 0.018333333333333333 0.016666666666666666
5 0.05333333333333334 0.23416666666666666 0.01 0.01
5 0.8333333333333334 0.945 0.011666666666666667 0.01
5 0.4575 0.8325 0.02 0.015
5 0.4091666666666667 0.4533333333333333 0.008333333333333333 0.008333333333333333
5 0.7991666666666667 0.6433333333333333 0.008333333333333333 0.008333333333333333
5 0.7825 0.8091666666666667 0.011666666666666667 0.01
5 0.13416666666666666 0.315 0.018333333333333333 0.016666666666666666
5 0.8658333333333333 0.22833333333333333 0.016666666666666666 0.015
5 0.8258333333333333 0.18416666666666667 0.013333333333333334 0.013333333333333334
5 0.5458333333333333 0.72 0.008333333333333333 0.006666666666666667
