5 0.2525 0.9458333333333333 0.008333333333333333 0.01
5 0.5033333333333333 0.6716666666666666 0.011666666666666667 0.013333333333333334
5 0.7875 0.14916666666666667 0.008333333333333333 0.01
5 0.8658333333333333 0.3433333333333333 0.006666666666666667 0.008333333333333333
5 0.6825 0.3591666666666667 0.016666666666666666 0.018333333333333333
5 0.12916666666666668 0.8783333333333333 0.006666666666666667 0.006666666666666667
5 0.41333333333333333 0.44333333333333336 0.011666666666666667 0.013333333333333334
5 0.12916666666666668 0.45166666666666666 0.01 0.01
5 0.22416666666666665 0.8966666666666666 0.016666666666666666 0.015
5 0.6375 0.06333333333333334 0.008333333333333333 0.008333333333333333
