5 0.6575 0.45666666666666667 0.016666666666666666 0.016666666666666666
5 0.9583333333333334 0.9 0.015 0.013333333333333334
5 0.8333333333333334 0.6741666666666667 0.016666666666666666 0.015
5 0.09833333333333333 0.795 0.015 0.011666666666666667
5 0.8775 0.6966666666666667 0.02 0.018333333333333333
5 0.29 0.4825 0.008333333333333333 0.008333333333333333
5 0.23166666666666666 0.73 0.008333333333333333 0.008333333333333333
5 0.11166666666666666 0.21083333333333334 0.008333333333333333 0.008333333333333333
5 0.16166666666666665 0.019166666666666665 0.006666666666666667 0.006666666666666667
5 0.2708333333333333 0.9525 0.011666666666666667 0.015
5 0.24666666666666667 0.9883333333333333 0.01 0.008333333333333333
5 0.8858333333333334 0.19416666666666665 0.006666666666666667 0.006666666666666667
5 0.6516666666666666 0.93 0.015 0.015
6 0.8416666666666667 0.6966666666666667 0.06166666666666667 0.165
6 0.14916666666666667 0.9358333333333333 0.051666666666666666 0.12833333333333333
6 0.2941666666666667 0.16666666666666666 0.03666666666666667 0.07833333333333334
6 0.20583333333333334 0.8891666666666667 0.03666666666666667 0.07833333333333334
