5 0.4508333333333333 0.04416666666666667 0.013333333333333334 0.025
5 0.995 0.3516666666666667 0.006666666666666667 0.006666666666666667
5 0.12333333333333334 0.16333333333333333 0.011666666666666667 0.013333333333333334
5 0.3333333333333333 0.5366666666666666 0.016666666666666666 0.015
5 0.5983333333333334 0.5466666666666666 0.008333333333333333 0.008333333333333333
5 0.7041666666666667 0.03 0.013333333333333334 0.015
5 0.9025 0.805 0.02 0.021666666666666667
5 0.39916666666666667 0.6616666666666666 0.023333333333333334 0.02
5 0.61 0.9366666666666666 0.008333333333333333 0.008333333333333333
5 0.13 0.8683333333333333 0.013333333333333334 0.013333333333333334
5 0.6308333333333334 0.7366666666666667 0.013333333333333334 0.013333333333333334
5 0.7933333333333333 0.67 0.015 0.013333333333333334
5 0.23666666666666666 0.755 0.013333333333333334 0.011666666666666667
5 0.6241666666666666 0.6283333333333333 0.008333333333333333 0.008333333333333333
5 0.5408333333333334 0.7866666666666666 0.008333333333333333 0.008333333333333333
5 0.33 0.46416666666666667 0.008333333333333333 0.008333333333333333
