5 0.24916666666666668 0.3541666666666667 0.015 0.013333333333333334
5 0.7875 0.2733333333333333 0.013333333333333334 0.013333333333333334
5 0.4825 0.4008333333333333 0.008333333333333333 0.008333333333333333
5 0.4608333333333333 0.9575 0.013333333333333334 0.015
5 0.81 0.31916666666666665 0.01 0.011666666666666667
5 0.11083333333333334 0.6366666666666667 0.013333333333333334 0.013333333333333334
5 0.065 0.2 0.013333333333333334 0.015
5 0.23583333333333334 0.7116666666666667 0.01 0.01
5 0.9166666666666666 0.005 0.006666666666666667 0.006666666666666667
5 0.008333333333333333 0.8875 0.01 0.008333333333333333
5 0.26666666666666666 0.6583333333333333 0.008333333333333333 0.008333333333333333
5 0.8441666666666666 0.23916666666666667 0.008333333333333333 0.008333333333333333
5 0.8683333333333333 0.5658333333333333 0.008333333333333333 0.008333333333333333
