5 0.20833333333333334 0.32083333333333336 0.01 0.01
5 0.88 0.7433333333333333 0.008333333333333333 0.008333333333333333
5 0.5766666666666667 0.185 0.016666666666666666 0.018333333333333333
5 0.55 0.4583333333333333 0.008333333333333333 0.008333333333333333
5 0.9608333333333333 0.1575 0.006666666666666667 0.006666666666666667
5 0.9841666666666666 0.23666666666666666 0.016666666666666666 0.016666666666666666
5 0.5841666666666666 0.4725 0.01 0.011666666666666667
5 0.5466666666666666 0.51 0.013333333333333334 0.013333333333333334
5 0.5525 0.26166666666666666 0.011666666666666667 0.01
5 0.045 0.24666666666666667 0.008333333333333333 0.006666666666666667
5 0.19083333333333333 0.6733333333333333 0.006666666666666667 0.006666666666666667
5 0.9283333333333333 0.42083333333333334 0.01 0.016666666666666666
5 0.7308333333333333 0.5633333333333334 0.006666666666666667 0.008333333333333333
5 0.2783333333333333 0.4508333333333333 0.023333333333333334 0.021666666666666667
5 0.14666666666666667 0.9725 0.016666666666666666 0.035
5 0.13 0.19 0.011666666666666667 0.011666666666666667
5 0.805 0.4175 0.013333333333333334 0.013333333333333334
5 0.4741666666666667 0.4008333333333333 0.008333333333333333 0.008333333333333333
5 0.88 0.8766666666666667 0.013333333333333334 0.01
0 0.8283333333333334 0.0225 0.011666666666666667 0.01
0 0.6066666666666667 0.1725 0.011666666666666667 0.011666666666666667
0 0.5933333333333334 0.125 0.01 0.015
0 0.21666666666666667 0.18666666666666668 0.023333333333333334 0.025
0 0.8733333333333333 0.6841666666666667 0.015 0.015
0 0.6408333333333334 0.2075 0.01 0.008333333333333333
0 0.3308333333333333 0.5591666666666667 0.011666666666666667 0.015
