5 0.2866666666666667 0.11166666666666666 0.018333333333333333 0.018333333333333333
5 0.8066666666666666 0.9425 0.015 0.013333333333333334
5 0.48083333333333333 0.14333333333333334 0.015 0.011666666666666667
5 0.385 0.11416666666666667 0.006666666666666667 0.006666666666666667
5 0.2375 0.5233333333333333 0.011666666666666667 0.011666666666666667
5 0.5733333333333334 0.10166666666666667 0.013333333333333334 0.016666666666666666
5 0.36666666666666664 0.17416666666666666 0.01 0.011666666666666667
5 0.4075 0.36 0.008333333333333333 0.008333333333333333
0 0.07083333333333333 0.8666666666666667 0.02666666666666667 0.023333333333333334
0 0.2675 0.25083333333333335 0.028333333333333332 0.025
