5 0.5425 0.9033333333333333 0.008333333333333333 0.01
5 0.02666666666666667 0.20416666666666666 0.018333333333333333 0.021666666666666667
5 0.8083333333333333 0.7166666666666667 0.01 0.008333333333333333
5 0.5516666666666666 0.9925 0.008333333333333333 0.008333333333333333
5 0.1775 0.32416666666666666 0.006666666666666667 0.008333333333333333
5 0.24083333333333334 0.7808333333333334 0.023333333333333334 0.02
5 0.25 0.38083333333333336 0.008333333333333333 0.008333333333333333
5 0.3308333333333333 0.07416666666666667 0.016666666666666666 0.015
5 0.16666666666666666 0.1575 0.008333333333333333 0.01
5 0.5366666666666666 0.06666666666666667 0.013333333333333334 0.013333333333333334
5 0.375 0.17916666666666667 0.018333333333333333 0.016666666666666666
5 0.5283333333333333 0.22833333333333333 0.018333333333333333 0.016666666666666666
0 0.6141666666666666 0.0525 0.02 0.013333333333333334
0 0.74 0.1075 0.018333333333333333 0.02666666666666667
0 0.08333333333333333 0.19333333333333333 0.015 0.018333333333333333
0 0.37583333333333335 0.02666666666666667 0.016666666666666666 0.015
