5 0.2758333333333333 0.9183333333333333 0.008333333333333333 0.008333333333333333
5 0.29 0.3983333333333333 0.016666666666666666 0.018333333333333333
5 0.6558333333333334 0.7075 0.008333333333333333 0.008333333333333333
5 0.165 0.9316666666666666 0.01 0.011666666666666667
5 0.445 0.8708333333333333 0.016666666666666666 0.015
5 0.12583333333333332 0.5025 0.008333333333333333 0.01
5 0.28833333333333333 0.10166666666666667 0.016666666666666666 0.016666666666666666
5 0.9308333333333333 0.36083333333333334 0.006666666666666667 0.005
5 0.43916666666666665 0.1675 0.013333333333333334 0.013333333333333334
0 0.049166666666666664 0.6866666666666666 0.021666666666666667 0.021666666666666667
0 0.335 0.9066666666666666 0.021666666666666667 0.023333333333333334
0 0.0075 0.15 0.01 0.011666666666666667
0 0.5241666666666667 0.9391666666666667 0.025 0.028333333333333332
0 0.625 0.4708333333333333 0.035 0.04
0 0.7541666666666667 0.3075 0.015 0.023333333333333334
6 0.050833333333333335 0.7058333333333333 0.06166666666666667 0.165
6 0.8141666666666667 0.11916666666666667 0.03333333333333333 0.075
6 0.6633333333333333 0.5758333333333333 0.028333333333333332 0.041666666666666664
6 0.3283333333333333 0.8325 0.058333333333333334 0.16833333333333333
