5 0.6158333333333333 0.09083333333333334 0.006666666666666667 0.008333333333333333
5 0.02 0.285 0.008333333333333333 0.008333333333333333
5 0.6608333333333334 0.25583333333333336 0.011666666666666667 0.01
5 0.865 0.7783333333333333 0.008333333333333333 0.008333333333333333
5 0.9841666666666666 0.27666666666666667 0.016666666666666666 0.018333333333333333
5 0.7375 0.4658333333333333 0.021666666666666667 0.02
5 0.0625 0.5083333333333333 0.015 0.015
0 0.155 0.21666666666666667 0.02 0.02
3 0.84 0.6008333333333333 0.23333333333333334 0.125
3 0.06833333333333333 0.15416666666666667 0.0875 0.06666666666666667
