5 0.3125 0.525 0.013333333333333334 0.016666666666666666
5 0.8291666666666667 0.2891666666666667 0.008333333333333333 0.008333333333333333
5 0.5883333333333334 0.18666666666666668 0.01 0.011666666666666667
5 0.0825 0.06166666666666667 0.021666666666666667 0.018333333333333333
5 0.6783333333333333 0.8533333333333334 0.015 0.011666666666666667
5 0.8725 0.45416666666666666 0.013333333333333334 0.013333333333333334
5 0.17166666666666666 0.8191666666666667 0.021666666666666667 0.021666666666666667
5 0.3283333333333333 0.4066666666666667 0.013333333333333334 0.013333333333333334
5 0.9616666666666667 0.1725 0.015 0.013333333333333334
5 0.08833333333333333 0.31916666666666665 0.013333333333333334 0.013333333333333334
5 0.36583333333333334 0.4116666666666667 0.006666666666666667 0.006666666666666667
5 0.7216666666666667 0.92 0.008333333333333333 0.008333333333333333
5 0.5241666666666667 0.45 0.01 0.01
5 0.5458333333333333 0.2175 0.006666666666666667 0.008333333333333333
0 0.9866666666666667 0.99 0.011666666666666667 0.013333333333333334
0 0.8975 0.13583333333333333 0.028333333333333332 0.021666666666666667
0 0.9458333333333333 0.67 0.02 0.021666666666666667
0 0.7258333333333333 0.48083333333333333 0.016666666666666666 0.011666666666666667
0 0.9008333333333334 0.6358333333333334 0.011666666666666667 0.013333333333333334
0 0.785 0.15666666666666668 0.011666666666666667 0.015
0 0.945 0.5783333333333334 0.015 0.023333333333333334
