5 0.4066666666666667 0.41583333333333333 0.006666666666666667 0.005
5 0.3308333333333333 0.775 0.008333333333333333 0.008333333333333333
5 0.73 0.6133333333333333 0.016666666666666666 0.015
5 0.9183333333333333 0.9725 0.01 0.008333333333333333
5 0.8691666666666666 0.029166666666666667 0.013333333333333334 0.013333333333333334
5 0.7283333333333334 0.16166666666666665 0.013333333333333334 0.013333333333333334
5 0.49416666666666664 0.7366666666666667 0.02 0.021666666666666667
5 0.14583333333333334 0.30916666666666665 0.013333333333333334 0.013333333333333334
5 0.04833333333333333 0.8366666666666667 0.016666666666666666 0.015
0 0.7816666666666666 0.3458333333333333 0.023333333333333334 0.018333333333333333
0 0.815 0.3516666666666667 0.011666666666666667 0.011666666666666667
0 0.665 0.8 0.013333333333333334 0.016666666666666666
0 0.48 0.5133333333333333 0.021666666666666667 0.016666666666666666
0 0.8716666666666667 0.5875 0.018333333333333333 0.021666666666666667
0 0.515 0.5341666666666667 0.021666666666666667 0.02
0 0.36583333333333334 0.2625 0.016666666666666666 0.015
0 0.14083333333333334 0.6266666666666667 0.015 0.013333333333333334
0 0.15166666666666667 0.7275 0.018333333333333333 0.02
