8.0 0.2941117597998332 0.49374358974358973 0.25005004170141787 0.7171880341880342
5 0.6208333333333333 0.39416666666666667 0.013333333333333334 0.013333333333333334
5 0.12 0.4683333333333333 0.01 0.011666666666666667
5 0.135 0.1225 0.011666666666666667 0.01
5 0.8791666666666667 0.39 0.015 0.016666666666666666
5 0.275 0.9533333333333334 0.021666666666666667 0.021666666666666667
5 0.6 0.24416666666666667 0.013333333333333334 0.013333333333333334
5 0.22833333333333333 0.735 0.011666666666666667 0.01
0 0.7075 0.3925 0.016666666666666666 0.013333333333333334
0 0.050833333333333335 0.6825 0.023333333333333334 0.018333333333333333
0 0.5408333333333334 0.1025 0.015 0.013333333333333334
0 0.7166666666666667 0.9325 0.008333333333333333 0.013333333333333334
0 0.9325 0.335 0.02 0.02
0 0.20083333333333334 0.8266666666666667 0.01 0.01
0 0.37583333333333335 0.8683333333333333 0.023333333333333334 0.03166666666666667
