5 0.11416666666666667 0.3458333333333333 0.015 0.015
5 0.5708333333333333 0.18916666666666668 0.008333333333333333 0.008333333333333333
5 0.0175 0.8683333333333333 0.016666666666666666 0.015
5 0.8475 0.7666666666666667 0.008333333333333333 0.008333333333333333
5 0.9341666666666667 0.7025 0.008333333333333333 0.008333333333333333
5 0.7033333333333334 0.7883333333333333 0.008333333333333333 0.006666666666666667
5 0.41 0.47583333333333333 0.013333333333333334 0.013333333333333334
5 0.6041666666666666 0.6133333333333333 0.016666666666666666 0.015
5 0.8083333333333333 0.5316666666666666 0.015 0.015
5 0.8683333333333333 0.04833333333333333 0.011666666666666667 0.015
5 0.7716666666666666 0.7191666666666666 0.016666666666666666 0.015
5 0.28833333333333333 0.0675 0.008333333333333333 0.008333333333333333
5 0.29 0.5233333333333333 0.008333333333333333 0.008333333333333333
5 0.5466666666666666 0.2966666666666667 0.016666666666666666 0.015
5 0.8533333333333334 0.6541666666666667 0.01 0.01
5 0.6316666666666667 0.91 0.015 0.021666666666666667
5 0.6466666666666666 0.655 0.008333333333333333 0.008333333333333333
5 0.3383333333333333 0.4841666666666667 0.01 0.008333333333333333
0 0.7658333333333334 0.30916666666666665 0.023333333333333334 0.025
