5 0.17666666666666667 0.3566666666666667 0.013333333333333334 0.015
5 0.2683333333333333 0.21 0.016666666666666666 0.015
5 0.5875 0.7783333333333333 0.008333333333333333 0.008333333333333333
5 0.35333333333333333 0.9083333333333333 0.023333333333333334 0.021666666666666667
5 0.5608333333333333 0.06666666666666667 0.006666666666666667 0.006666666666666667
5 0.20916666666666667 0.38166666666666665 0.01 0.01
5 0.05333333333333334 0.3433333333333333 0.011666666666666667 0.01
5 0.5016666666666667 0.7433333333333333 0.011666666666666667 0.015
5 0.6116666666666667 0.7166666666666667 0.013333333333333334 0.013333333333333334
5 0.67 0.6841666666666667 0.013333333333333334 0.011666666666666667
5 0.3375 0.045 0.01 0.01
3 0.485 0.9025 0.0375 0.03333333333333333
3 0.91 0.9091666666666667 0.10833333333333334 0.041666666666666664
