5 0.16833333333333333 0.745 0.02 0.015
5 0.1925 0.42083333333333334 0.015 0.015
5 0.9533333333333334 0.38166666666666665 0.018333333333333333 0.016666666666666666
5 0.30833333333333335 0.235 0.01 0.01
5 0.16666666666666666 0.9775 0.008333333333333333 0.008333333333333333
5 0.9225 0.25833333333333336 0.016666666666666666 0.015
5 0.6083333333333333 0.26166666666666666 0.01 0.008333333333333333
5 0.5708333333333333 0.32 0.006666666666666667 0.006666666666666667
0 0.155 0.5583333333333333 0.016666666666666666 0.011666666666666667
0 0.93 0.3725 0.015 0.015
