7.0 0.5485500000000001 0.49749513483458435 0.15110833333333334 0.724211843202669
5 0.8758333333333334 0.6408333333333334 0.008333333333333333 0.006666666666666667
5 0.6491666666666667 0.5533333333333333 0.01 0.01
5 0.7675 0.7341666666666666 0.005 0.005
5 0.019166666666666665 0.9466666666666667 0.01 0.01
5 0.041666666666666664 0.4241666666666667 0.008333333333333333 0.008333333333333333
5 0.05 0.9766666666666667 0.006666666666666667 0.006666666666666667
5 0.06333333333333334 0.585 0.011666666666666667 0.011666666666666667
5 0.2575 0.9033333333333333 0.01 0.011666666666666667
5 0.3883333333333333 0.24583333333333332 0.01 0.01
5 0.45166666666666666 0.43 0.006666666666666667 0.008333333333333333
5 0.22 0.8316666666666667 0.011666666666666667 0.015
5 0.015833333333333335 0.5425 0.006666666666666667 0.006666666666666667
5 0.9533333333333334 0.8383333333333334 0.01 0.01
5 0.3233333333333333 0.9325 0.021666666666666667 0.02
5 0.545 0.8725 0.011666666666666667 0.01
5 0.9625 0.8766666666666667 0.016666666666666666 0.015
