5 0.17916666666666667 0.13 0.013333333333333334 0.011666666666666667
5 0.775 0.2791666666666667 0.008333333333333333 0.008333333333333333
5 0.37666666666666665 0.4675 0.013333333333333334 0.015
5 0.865 0.395 0.006666666666666667 0.008333333333333333
5 0.885 0.9816666666666667 0.008333333333333333 0.006666666666666667
5 0.09083333333333334 0.22583333333333333 0.008333333333333333 0.008333333333333333
5 0.36333333333333334 0.14083333333333334 0.01 0.01
5 0.5908333333333333 0.04833333333333333 0.016666666666666666 0.015
5 0.8558333333333333 0.7691666666666667 0.011666666666666667 0.011666666666666667
5 0.425 0.8691666666666666 0.013333333333333334 0.013333333333333334
0 0.38416666666666666 0.6241666666666666 0.01 0.013333333333333334
0 0.5266666666666666 0.21 0.02666666666666667 0.028333333333333332
0 0.0925 0.3325 0.021666666666666667 0.023333333333333334
0 0.2825 0.9608333333333333 0.01 0.01
0 0.7025 0.0275 0.02 0.02
