5 0.02 0.7591666666666667 0.01 0.01
5 0.8808333333333334 0.4608333333333333 0.011666666666666667 0.01
5 0.2708333333333333 0.51 0.015 0.016666666666666666
5 0.6575 0.4083333333333333 0.006666666666666667 0.006666666666666667
5 0.5216666666666666 0.5516666666666666 0.006666666666666667 0.006666666666666667
5 0.83 0.5758333333333333 0.016666666666666666 0.016666666666666666
5 0.16416666666666666 0.23583333333333334 0.008333333333333333 0.008333333333333333
5 0.6841666666666667 0.023333333333333334 0.008333333333333333 0.01
5 0.73 0.3675 0.01 0.01
5 0.8666666666666667 0.0475 0.006666666666666667 0.006666666666666667
5 0.8108333333333333 0.47 0.018333333333333333 0.021666666666666667
5 0.3491666666666667 0.03833333333333333 0.008333333333333333 0.008333333333333333
5 0.5625 0.565 0.016666666666666666 0.015
5 0.5933333333333334 0.20416666666666666 0.011666666666666667 0.01
5 0.8091666666666667 0.92 0.011666666666666667 0.015
5 0.9341666666666667 0.48083333333333333 0.01 0.011666666666666667
5 0.4691666666666667 0.5016666666666667 0.016666666666666666 0.015
5 0.17833333333333334 0.8566666666666667 0.011666666666666667 0.011666666666666667
5 0.465 0.18 0.01 0.011666666666666667
