5 0.9525 0.6841666666666667 0.02 0.016666666666666666
5 0.30833333333333335 0.0925 0.013333333333333334 0.013333333333333334
5 0.0825 0.9508333333333333 0.008333333333333333 0.01
5 0.2875 0.37 0.01 0.011666666666666667
5 0.9 0.52 0.01 0.01
5 0.9158333333333334 0.37666666666666665 0.01 0.01
5 0.3383333333333333 0.5625 0.011666666666666667 0.015
5 0.1725 0.2816666666666667 0.006666666666666667 0.006666666666666667
5 0.7466666666666667 0.1575 0.013333333333333334 0.025
5 0.28833333333333333 0.7108333333333333 0.015 0.015
5 0.22916666666666666 0.8591666666666666 0.008333333333333333 0.008333333333333333
5 0.35583333333333333 0.8391666666666666 0.013333333333333334 0.013333333333333334
5 0.06666666666666667 0.5175 0.015 0.013333333333333334
