5 0.19083333333333333 0.7941666666666667 0.013333333333333334 0.013333333333333334
5 0.5358333333333334 0.34833333333333333 0.008333333333333333 0.008333333333333333
5 0.43666666666666665 0.4083333333333333 0.018333333333333333 0.016666666666666666
5 0.06 0.6 0.015 0.013333333333333334
5 0.5166666666666667 0.0475 0.008333333333333333 0.008333333333333333
5 0.7566666666666667 0.9375 0.006666666666666667 0.006666666666666667
5 0.1125 0.6466666666666666 0.015 0.015
5 0.5933333333333334 0.8683333333333333 0.018333333333333333 0.021666666666666667
5 0.3883333333333333 0.0875 0.008333333333333333 0.01
5 0.9425 0.37083333333333335 0.008333333333333333 0.008333333333333333
5 0.2875 0.74 0.008333333333333333 0.008333333333333333
5 0.55 0.8641666666666666 0.011666666666666667 0.01
