5 0.2375 0.2708333333333333 0.008333333333333333 0.008333333333333333
5 0.245 0.19916666666666666 0.013333333333333334 0.013333333333333334
5 0.5958333333333333 0.575 0.01 0.011666666666666667
5 0.24416666666666667 0.7033333333333334 0.013333333333333334 0.013333333333333334
5 0.8833333333333333 0.165 0.008333333333333333 0.008333333333333333
5 0.31083333333333335 0.26666666666666666 0.011666666666666667 0.011666666666666667
0 0.056666666666666664 0.8516666666666667 0.011666666666666667 0.011666666666666667
0 0.9333333333333333 0.7775 0.013333333333333334 0.011666666666666667
0 0.07166666666666667 0.8791666666666667 0.013333333333333334 0.015
0 0.8233333333333334 0.4058333333333333 0.01 0.01
