8.0 0.2991117597998332 0.5162435897435897 0.25005004170141787 0.7171880341880342
5 0.6675 0.33166666666666667 0.015 0.016666666666666666
5 0.325 0.9091666666666667 0.018333333333333333 0.016666666666666666
5 0.2525 0.6725 0.02 0.016666666666666666
5 0.6858333333333333 0.7833333333333333 0.01 0.01
5 0.6175 0.07666666666666666 0.011666666666666667 0.011666666666666667
5 0.7916666666666666 0.041666666666666664 0.008333333333333333 0.008333333333333333
5 0.725 0.505 0.011666666666666667 0.013333333333333334
5 0.2175 0.25916666666666666 0.013333333333333334 0.011666666666666667
5 0.0975 0.4633333333333333 0.006666666666666667 0.008333333333333333
5 0.03833333333333333 0.5416666666666666 0.013333333333333334 0.011666666666666667
5 0.19916666666666666 0.735 0.01 0.01
5 0.5266666666666666 0.9875 0.011666666666666667 0.008333333333333333
5 0.5433333333333333 0.8291666666666667 0.011666666666666667 0.011666666666666667
5 0.056666666666666664 0.8891666666666667 0.021666666666666667 0.02
5 0.6275 0.7225 0.015 0.015
5 0.29583333333333334 0.2075 0.011666666666666667 0.011666666666666667
5 0.44 0.38166666666666665 0.013333333333333334 0.013333333333333334
5 0.04083333333333333 0.43666666666666665 0.008333333333333333 0.008333333333333333
