5 0.8308333333333333 0.11416666666666667 0.005 0.006666666666666667
5 0.22916666666666666 0.5 0.011666666666666667 0.01
5 0.695 0.9833333333333333 0.01 0.01
5 0.3858333333333333 0.8875 0.013333333333333334 0.011666666666666667
5 0.31833333333333336 0.8525 0.015 0.016666666666666666
5 0.9733333333333334 0.17416666666666666 0.008333333333333333 0.006666666666666667
5 0.9716666666666667 0.9691666666666666 0.01 0.01
5 0.3958333333333333 0.17166666666666666 0.013333333333333334 0.025
5 0.1525 0.5475 0.008333333333333333 0.008333333333333333
5 0.2833333333333333 0.5366666666666666 0.008333333333333333 0.008333333333333333
5 0.23333333333333334 0.325 0.008333333333333333 0.006666666666666667
5 0.6766666666666666 0.6566666666666666 0.01 0.01
5 0.2991666666666667 0.8275 0.016666666666666666 0.015
