7.0 0.5427166666666667 0.5033284681679178 0.15110833333333334 0.724211843202669
5 0.22083333333333333 0.5266666666666666 0.016666666666666666 0.015
5 0.24083333333333334 0.12583333333333332 0.008333333333333333 0.008333333333333333
5 0.7983333333333333 0.355 0.011666666666666667 0.013333333333333334
5 0.8433333333333334 0.024166666666666666 0.01 0.011666666666666667
5 0.5225 0.6833333333333333 0.015 0.013333333333333334
5 0.6516666666666666 0.8175 0.008333333333333333 0.01
5 0.8283333333333334 0.7658333333333334 0.008333333333333333 0.008333333333333333
5 0.09166666666666666 0.7925 0.013333333333333334 0.013333333333333334
5 0.09583333333333334 0.17666666666666667 0.015 0.013333333333333334
0 0.365 0.15583333333333332 0.016666666666666666 0.016666666666666666
0 0.6608333333333334 0.043333333333333335 0.01 0.011666666666666667
0 0.61 0.9175 0.03333333333333333 0.03333333333333333
0 0.7625 0.3358333333333333 0.013333333333333334 0.015
0 0.785 0.865 0.023333333333333334 0.02
