5 0.2841666666666667 0.0925 0.016666666666666666 0.015
5 0.13916666666666666 0.38 0.01 0.011666666666666667
5 0.4 0.725 0.016666666666666666 0.018333333333333333
5 0.7741666666666667 0.21166666666666667 0.008333333333333333 0.006666666666666667
5 0.8475 0.49333333333333335 0.016666666666666666 0.015
5 0.25916666666666666 0.5333333333333333 0.008333333333333333 0.008333333333333333
5 0.6716666666666666 0.805 0.016666666666666666 0.015
5 0.7325 0.515 0.013333333333333334 0.013333333333333334
5 0.9741666666666666 0.36583333333333334 0.015 0.013333333333333334
5 0.1075 0.855 0.015 0.013333333333333334
5 0.045 0.9525 0.01 0.01
5 0.5741666666666667 0.7816666666666666 0.01 0.01
5 0.37333333333333335 0.8116666666666666 0.008333333333333333 0.01
