5 0.20416666666666666 0.12083333333333333 0.006666666666666667 0.008333333333333333
5 0.23416666666666666 0.7408333333333333 0.011666666666666667 0.01
5 0.03 0.7958333333333333 0.01 0.01
5 0.15166666666666667 0.975 0.016666666666666666 0.015
5 0.8891666666666667 0.35 0.01 0.01
5 0.5941666666666666 0.9425 0.016666666666666666 0.015
5 0.3233333333333333 0.22 0.016666666666666666 0.018333333333333333
5 0.455 0.26166666666666666 0.013333333333333334 0.015
5 0.075 0.24 0.02 0.015
5 0.33416666666666667 0.965 0.023333333333333334 0.021666666666666667
5 0.3308333333333333 0.8533333333333334 0.015 0.013333333333333334
5 0.33 0.7616666666666667 0.006666666666666667 0.008333333333333333
5 0.5683333333333334 0.5916666666666667 0.015 0.016666666666666666
5 0.9466666666666667 0.09916666666666667 0.008333333333333333 0.008333333333333333
5 0.195 0.03333333333333333 0.02 0.016666666666666666
5 0.7908333333333334 0.9466666666666667 0.015 0.015
5 0.7175 0.4766666666666667 0.015 0.011666666666666667
5 0.315 0.57 0.013333333333333334 0.013333333333333334
