5 0.2825 0.6641666666666667 0.016666666666666666 0.015
5 0.8233333333333334 0.89 0.01 0.01
5 0.18333333333333332 0.17166666666666666 0.013333333333333334 0.013333333333333334
5 0.38416666666666666 0.2758333333333333 0.011666666666666667 0.01
5 0.7066666666666667 0.7333333333333333 0.016666666666666666 0.015
5 0.9233333333333333 0.335 0.008333333333333333 0.008333333333333333
5 0.2866666666666667 0.25583333333333336 0.013333333333333334 0.013333333333333334
5 0.9883333333333333 0.09666666666666666 0.011666666666666667 0.01
5 0.6708333333333333 0.96 0.015 0.013333333333333334
5 0.8041666666666667 0.805 0.008333333333333333 0.01
5 0.7541666666666667 0.12 0.01 0.01
5 0.44166666666666665 0.7241666666666666 0.01 0.011666666666666667
5 0.335 0.78 0.02 0.018333333333333333
5 0.5641666666666667 0.44166666666666665 0.008333333333333333 0.008333333333333333
5 0.0825 0.0675 0.008333333333333333 0.008333333333333333
5 0.445 0.09166666666666666 0.008333333333333333 0.008333333333333333
5 0.0925 0.6225 0.01 0.008333333333333333
5 0.8158333333333333 0.8583333333333333 0.011666666666666667 0.011666666666666667
5 0.2941666666666667 0.37166666666666665 0.01 0.011666666666666667
