5 0.7758333333333334 0.38916666666666666 0.008333333333333333 0.008333333333333333
5 0.7458333333333333 0.4116666666666667 0.011666666666666667 0.01
5 0.0825 0.4791666666666667 0.01 0.01
5 0.18416666666666667 0.6133333333333333 0.006666666666666667 0.006666666666666667
5 0.12833333333333333 0.9025 0.013333333333333334 0.013333333333333334
5 0.5733333333333334 0.06166666666666667 0.006666666666666667 0.006666666666666667
5 0.985 0.39916666666666667 0.008333333333333333 0.008333333333333333
5 0.535 0.06 0.008333333333333333 0.01
5 0.975 0.12583333333333332 0.013333333333333334 0.01
0 0.125 0.44916666666666666 0.016666666666666666 0.015
0 0.24166666666666667 0.34 0.021666666666666667 0.021666666666666667
0 0.8041666666666667 0.14666666666666667 0.021666666666666667 0.021666666666666667
0 0.67 0.35083333333333333 0.013333333333333334 0.015
0 0.4741666666666667 0.3125 0.013333333333333334 0.018333333333333333
0 0.041666666666666664 0.69 0.021666666666666667 0.02
