5 0.8758333333333334 0.37333333333333335 0.016666666666666666 0.011666666666666667
5 0.4116666666666667 0.6441666666666667 0.013333333333333334 0.015
5 0.6075 0.09083333333333334 0.005 0.006666666666666667
5 0.655 0.08333333333333333 0.016666666666666666 0.02
5 0.7541666666666667 0.2425 0.008333333333333333 0.006666666666666667
5 0.12416666666666666 0.23416666666666666 0.008333333333333333 0.008333333333333333
5 0.97 0.9383333333333334 0.008333333333333333 0.008333333333333333
5 0.38333333333333336 0.6516666666666666 0.013333333333333334 0.013333333333333334
5 0.19666666666666666 0.15166666666666667 0.015 0.013333333333333334
5 0.3983333333333333 0.3016666666666667 0.016666666666666666 0.018333333333333333
5 0.7241666666666666 0.9083333333333333 0.008333333333333333 0.008333333333333333
5 0.45166666666666666 0.4033333333333333 0.015 0.013333333333333334
5 0.5475 0.7458333333333333 0.006666666666666667 0.006666666666666667
5 0.9483333333333334 0.6591666666666667 0.008333333333333333 0.008333333333333333
5 0.8983333333333333 0.12166666666666667 0.006666666666666667 0.006666666666666667
5 0.8891666666666667 0.035 0.008333333333333333 0.008333333333333333
5 0.33166666666666667 0.74 0.008333333333333333 0.005
5 0.4025 0.6525 0.006666666666666667 0.008333333333333333
0 0.23666666666666666 0.8866666666666667 0.016666666666666666 0.018333333333333333
0 0.6 0.9291666666666667 0.02 0.023333333333333334
0 0.0125 0.7591666666666667 0.023333333333333334 0.023333333333333334
0 0.47833333333333333 0.4608333333333333 0.01 0.01
0 0.22416666666666665 0.915 0.013333333333333334 0.013333333333333334
0 0.20583333333333334 0.08083333333333333 0.021666666666666667 0.023333333333333334
0 0.16666666666666666 0.4525 0.021666666666666667 0.025
0 0.225 0.43666666666666665 0.01 0.011666666666666667
0 0.0275 0.07 0.025 0.04833333333333333
