5 0.02 0.7175 0.013333333333333334 0.013333333333333334
5 0.7033333333333334 0.4033333333333333 0.013333333333333334 0.015
5 0.7075 0.8141666666666667 0.006666666666666667 0.006666666666666667
5 0.6025 0.5241666666666667 0.008333333333333333 0.008333333333333333
5 0.7866666666666666 0.12666666666666668 0.013333333333333334 0.011666666666666667
5 0.6183333333333333 0.6375 0.016666666666666666 0.016666666666666666
5 0.29833333333333334 0.5175 0.016666666666666666 0.015
5 0.7891666666666667 0.29083333333333333 0.01 0.008333333333333333
5 0.31666666666666665 0.5766666666666667 0.015 0.013333333333333334
5 0.25666666666666665 0.6933333333333334 0.011666666666666667 0.01
5 0.26416666666666666 0.15083333333333335 0.011666666666666667 0.011666666666666667
5 0.08 0.8508333333333333 0.006666666666666667 0.005
5 0.3308333333333333 0.5566666666666666 0.02 0.021666666666666667
