1.0 0.19459166666666664 0.369525 0.026583333333333334 0.028358333333333333
1.0 0.1950083333333333 0.8011916666666666 0.03575833333333333 0.0392
1.0 0.8418 0.2027 0.03476666666666667 0.03836666666666667
5.0 0.7419833333333333 0.2024583333333333 0.007425 0.005908333333333333
5 0.19333333333333333 0.955 0.008333333333333333 0.008333333333333333
5 0.43083333333333335 0.33666666666666667 0.008333333333333333 0.008333333333333333
5 0.22 0.9775 0.011666666666666667 0.01
5 0.8566666666666667 0.21 0.011666666666666667 0.015
0 0.4141666666666667 0.7741666666666667 0.03 0.03166666666666667
0 0.6875 0.26 0.01 0.011666666666666667
0 0.8641666666666666 0.985 0.02 0.025
0 0.4575 0.16 0.023333333333333334 0.021666666666666667
0 0.4191666666666667 0.8383333333333334 0.011666666666666667 0.011666666666666667
0 0.425 0.595 0.011666666666666667 0.013333333333333334
