5 0.9925 0.6833333333333333 0.01 0.01
5 0.7591666666666667 0.8325 0.016666666666666666 0.02
5 0.44916666666666666 0.009166666666666667 0.01 0.011666666666666667
5 0.19666666666666666 0.4816666666666667 0.011666666666666667 0.011666666666666667
5 0.7941666666666667 0.5708333333333333 0.01 0.01
5 0.04416666666666667 0.9675 0.008333333333333333 0.008333333333333333
5 0.9616666666666667 0.06916666666666667 0.01 0.01
5 0.7083333333333334 0.2991666666666667 0.016666666666666666 0.015
5 0.5825 0.09166666666666666 0.008333333333333333 0.008333333333333333
5 0.6475 0.2866666666666667 0.015 0.018333333333333333
5 0.71 0.9416666666666667 0.015 0.011666666666666667
5 0.14916666666666667 0.7383333333333333 0.01 0.008333333333333333
5 0.1475 0.28833333333333333 0.01 0.01
5 0.7016666666666667 0.7833333333333333 0.02 0.018333333333333333
5 0.9791666666666666 0.8375 0.011666666666666667 0.011666666666666667
5 0.18333333333333332 0.8408333333333333 0.013333333333333334 0.011666666666666667
0 0.8333333333333334 0.7358333333333333 0.03 0.035
0 0.8458333333333333 0.43833333333333335 0.021666666666666667 0.025
0 0.905 0.3283333333333333 0.013333333333333334 0.013333333333333334
0 0.8933333333333333 0.9241666666666667 0.018333333333333333 0.015
0 0.14583333333333334 0.33416666666666667 0.011666666666666667 0.011666666666666667
0 0.44166666666666665 0.7783333333333333 0.013333333333333334 0.015
0 0.8358333333333333 0.7833333333333333 0.011666666666666667 0.01
0 0.29583333333333334 0.8325 0.011666666666666667 0.013333333333333334
0 0.8725 0.4125 0.016666666666666666 0.016666666666666666
