5 0.6358333333333334 0.8441666666666666 0.015 0.015
5 0.2425 0.45 0.0033333333333333335 0.005
5 0.95 0.22 0.006666666666666667 0.008333333333333333
5 0.4725 0.3575 0.013333333333333334 0.013333333333333334
5 0.44333333333333336 0.0275 0.008333333333333333 0.008333333333333333
5 0.7875 0.8725 0.008333333333333333 0.008333333333333333
5 0.645 0.2916666666666667 0.018333333333333333 0.021666666666666667
5 0.19166666666666668 0.39166666666666666 0.011666666666666667 0.013333333333333334
5 0.4825 0.18333333333333332 0.006666666666666667 0.006666666666666667
5 0.6783333333333333 0.7658333333333334 0.013333333333333334 0.016666666666666666
5 0.20083333333333334 0.5383333333333333 0.008333333333333333 0.008333333333333333
5 0.6441666666666667 0.63 0.015 0.015
5 0.415 0.21916666666666668 0.008333333333333333 0.008333333333333333
5 0.16666666666666666 0.7583333333333333 0.01 0.01
5 0.2633333333333333 0.2833333333333333 0.01 0.01
5 0.5875 0.16166666666666665 0.021666666666666667 0.018333333333333333
