5.0 0.8954583333333334 0.5517764804003337 0.009183333333333333 0.009199332777314427
4.0 0.21138333333333337 0.8391576313594662 0.12654166666666666 0.05699749791492911
4.0 0.36762500000000004 0.4388240200166805 0.058533333333333326 0.11537114261884905
4.0 0.8543583333333334 0.15109257714762303 0.11215000000000001 0.06532944120100083
5.0 0.6523416666666667 0.5334028356964137 0.009266666666666666 0.00909090909090909
5 0.375 0.7591666666666667 0.015 0.013333333333333334
5 0.48583333333333334 0.465 0.008333333333333333 0.006666666666666667
5 0.6991666666666667 0.12583333333333332 0.013333333333333334 0.015
5 0.8491666666666666 0.92 0.015 0.015
5 0.5991666666666666 0.5458333333333333 0.011666666666666667 0.015
5 0.17083333333333334 0.16083333333333333 0.01 0.01
5 0.5366666666666666 0.335 0.011666666666666667 0.011666666666666667
5 0.42916666666666664 0.8875 0.01 0.008333333333333333
5 0.2425 0.08916666666666667 0.01 0.011666666666666667
5 0.10166666666666667 0.6133333333333333 0.01 0.01
5 0.5625 0.38 0.011666666666666667 0.01
5 0.5883333333333334 0.16916666666666666 0.011666666666666667 0.011666666666666667
5 0.0625 0.0175 0.008333333333333333 0.008333333333333333
5 0.22666666666666666 0.07666666666666666 0.008333333333333333 0.006666666666666667
5 0.24 0.9741666666666666 0.016666666666666666 0.015
5 0.4825 0.9583333333333334 0.01 0.01
5 0.9841666666666666 0.051666666666666666 0.01 0.01
5 0.545 0.5725 0.008333333333333333 0.008333333333333333
5 0.6466666666666666 0.9041666666666667 0.013333333333333334 0.013333333333333334
0 0.92 0.7083333333333334 0.016666666666666666 0.013333333333333334
0 0.9125 0.7566666666666667 0.008333333333333333 0.013333333333333334
0 0.7633333333333333 0.565 0.016666666666666666 0.015
0 0.25166666666666665 0.7075 0.035 0.04
0 0.21333333333333335 0.0575 0.013333333333333334 0.013333333333333334
0 0.17166666666666666 0.8058333333333333 0.018333333333333333 0.021666666666666667
0 0.645 0.39666666666666667 0.016666666666666666 0.018333333333333333
