5 0.5858333333333333 0.6433333333333333 0.011666666666666667 0.011666666666666667
5 0.475 0.8891666666666667 0.018333333333333333 0.016666666666666666
5 0.47333333333333333 0.7966666666666666 0.008333333333333333 0.008333333333333333
5 0.9166666666666666 0.39 0.008333333333333333 0.008333333333333333
5 0.12333333333333334 0.8925 0.011666666666666667 0.011666666666666667
5 0.5441666666666667 0.8416666666666667 0.006666666666666667 0.006666666666666667
5 0.9025 0.37333333333333335 0.016666666666666666 0.018333333333333333
5 0.79 0.41083333333333333 0.016666666666666666 0.015
5 0.15833333333333333 0.5008333333333334 0.006666666666666667 0.006666666666666667
0 0.9108333333333334 0.6608333333333334 0.015 0.023333333333333334
0 0.43416666666666665 0.11833333333333333 0.023333333333333334 0.02666666666666667
0 0.3425 0.13166666666666665 0.03 0.035
0 0.44916666666666666 0.3258333333333333 0.008333333333333333 0.008333333333333333
0 0.034166666666666665 0.9766666666666667 0.013333333333333334 0.015
0 0.8083333333333333 0.42583333333333334 0.018333333333333333 0.02
