5 0.1575 0.06833333333333333 0.02 0.018333333333333333
5 0.41083333333333333 0.33 0.01 0.011666666666666667
5 0.09166666666666666 0.16166666666666665 0.011666666666666667 0.011666666666666667
5 0.7333333333333333 0.0825 0.016666666666666666 0.015
5 0.5708333333333333 0.835 0.013333333333333334 0.015
5 0.3858333333333333 0.4141666666666667 0.011666666666666667 0.011666666666666667
5 0.5891666666666666 0.6258333333333334 0.008333333333333333 0.008333333333333333
5 0.7783333333333333 0.31083333333333335 0.006666666666666667 0.006666666666666667
5 0.95 0.7616666666666667 0.013333333333333334 0.011666666666666667
5 0.7266666666666667 0.9733333333333334 0.008333333333333333 0.008333333333333333
5 0.8808333333333334 0.9466666666666667 0.023333333333333334 0.021666666666666667
5 0.5083333333333333 0.38 0.008333333333333333 0.008333333333333333
5 0.3525 0.43583333333333335 0.008333333333333333 0.006666666666666667
5 0.76 0.5 0.015 0.013333333333333334
5 0.355 0.3625 0.011666666666666667 0.011666666666666667
