1.0 0.08639166666666666 0.13675833333333337 0.044725 0.0455
1.0 0.9280166666666666 0.8763 0.03870833333333334 0.038391666666666664
5 0.1825 0.3333333333333333 0.02 0.02
5 0.9425 0.8641666666666666 0.015 0.013333333333333334
5 0.765 0.83 0.015 0.013333333333333334
5 0.5591666666666667 0.22 0.006666666666666667 0.008333333333333333
5 0.37083333333333335 0.17166666666666666 0.008333333333333333 0.008333333333333333
5 0.3075 0.20333333333333334 0.01 0.01
5 0.8933333333333333 0.9466666666666667 0.01 0.01
5 0.021666666666666667 0.525 0.016666666666666666 0.018333333333333333
5 0.25333333333333335 0.33666666666666667 0.013333333333333334 0.013333333333333334
5 0.8508333333333333 0.805 0.015 0.016666666666666666
5 0.5766666666666667 0.15833333333333333 0.013333333333333334 0.013333333333333334
5 0.7575 0.6583333333333333 0.01 0.01
5 0.15166666666666667 0.485 0.008333333333333333 0.008333333333333333
5 0.03916666666666667 0.17666666666666667 0.008333333333333333 0.008333333333333333
