5 0.5458333333333333 0.14583333333333334 0.016666666666666666 0.015
5 0.9758333333333333 0.14416666666666667 0.015 0.016666666666666666
5 0.5325 0.1675 0.006666666666666667 0.006666666666666667
5 0.8875 0.8391666666666666 0.005 0.005
5 0.1175 0.8675 0.008333333333333333 0.008333333333333333
5 0.8566666666666667 0.095 0.016666666666666666 0.018333333333333333
5 0.4125 0.4608333333333333 0.015 0.016666666666666666
5 0.545 0.03166666666666667 0.006666666666666667 0.008333333333333333
5 0.5125 0.9233333333333333 0.013333333333333334 0.013333333333333334
5 0.575 0.1875 0.006666666666666667 0.006666666666666667
5 0.43666666666666665 0.17833333333333334 0.008333333333333333 0.01
5 0.6033333333333334 0.4025 0.015 0.013333333333333334
5 0.7991666666666667 0.25416666666666665 0.008333333333333333 0.005
5 0.14 0.7608333333333334 0.02 0.016666666666666666
5 0.8983333333333333 0.8875 0.016666666666666666 0.016666666666666666
5 0.6583333333333333 0.16166666666666665 0.008333333333333333 0.008333333333333333
5 0.7666666666666667 0.5466666666666666 0.008333333333333333 0.008333333333333333
5 0.42583333333333334 0.2683333333333333 0.008333333333333333 0.008333333333333333
