5 0.7016666666666667 0.9591666666666666 0.011666666666666667 0.008333333333333333
5 0.8633333333333333 0.2758333333333333 0.013333333333333334 0.013333333333333334
5 0.7716666666666666 0.035833333333333335 0.01 0.01
5 0.3016666666666667 0.04583333333333333 0.018333333333333333 0.021666666666666667
5 0.8416666666666667 0.215 0.011666666666666667 0.011666666666666667
5 0.5783333333333334 0.335 0.01 0.01
5 0.22166666666666668 0.04 0.021666666666666667 0.018333333333333333
5 0.5608333333333333 0.8425 0.011666666666666667 0.011666666666666667
5 0.20916666666666667 0.8525 0.008333333333333333 0.008333333333333333
5 0.36083333333333334 0.8641666666666666 0.01 0.011666666666666667
5 0.835 0.3775 0.016666666666666666 0.02
5 0.7083333333333334 0.20166666666666666 0.01 0.01
5 0.9041666666666667 0.7816666666666666 0.018333333333333333 0.016666666666666666
5 0.34 0.4825 0.016666666666666666 0.015
6 0.2875 0.6958333333333333 0.02666666666666667 0.05
