5 0.5983333333333334 0.6183333333333333 0.013333333333333334 0.016666666666666666
5 0.3491666666666667 0.020833333333333332 0.015 0.013333333333333334
5 0.12166666666666667 0.6033333333333334 0.015 0.015
5 0.6966666666666667 0.3675 0.006666666666666667 0.006666666666666667
5 0.8858333333333334 0.1075 0.01 0.01
5 0.6858333333333333 0.9691666666666666 0.008333333333333333 0.008333333333333333
5 0.6291666666666667 0.8208333333333333 0.013333333333333334 0.011666666666666667
5 0.8991666666666667 0.1625 0.016666666666666666 0.016666666666666666
5 0.7841666666666667 0.07 0.006666666666666667 0.006666666666666667
5 0.1625 0.585 0.008333333333333333 0.008333333333333333
5 0.415 0.6591666666666667 0.006666666666666667 0.006666666666666667
5 0.2733333333333333 0.24583333333333332 0.015 0.016666666666666666
5 0.24333333333333335 0.5475 0.01 0.01
5 0.8658333333333333 0.20916666666666667 0.011666666666666667 0.015
0 0.31916666666666665 0.07916666666666666 0.03166666666666667 0.02666666666666667
0 0.04833333333333333 0.4575 0.021666666666666667 0.025
0 0.32 0.6575 0.016666666666666666 0.018333333333333333
0 0.5816666666666667 0.34 0.023333333333333334 0.025
