5 0.18916666666666668 0.9266666666666666 0.013333333333333334 0.013333333333333334
5 0.5775 0.0925 0.015 0.018333333333333333
5 0.0325 0.685 0.013333333333333334 0.013333333333333334
5 0.9158333333333334 0.2633333333333333 0.008333333333333333 0.008333333333333333
5 0.9333333333333333 0.11666666666666667 0.013333333333333334 0.013333333333333334
5 0.8108333333333333 0.6433333333333333 0.016666666666666666 0.015
5 0.06916666666666667 0.57 0.008333333333333333 0.008333333333333333
5 0.4791666666666667 0.8466666666666667 0.008333333333333333 0.008333333333333333
5 0.6416666666666667 0.11083333333333334 0.015 0.016666666666666666
5 0.3591666666666667 0.17916666666666667 0.01 0.01
5 0.30333333333333334 0.3466666666666667 0.006666666666666667 0.006666666666666667
5 0.6916666666666667 0.5866666666666667 0.008333333333333333 0.008333333333333333
5 0.6241666666666666 0.5275 0.011666666666666667 0.013333333333333334
5 0.985 0.8816666666666667 0.013333333333333334 0.011666666666666667
5 0.18083333333333335 0.5866666666666667 0.008333333333333333 0.005
5 0.755 0.75 0.013333333333333334 0.013333333333333334
