5.0 0.1634833333333333 0.57235 0.009491666666666667 0.009266666666666666
4.0 0.20103333333333331 0.8172666666666667 0.11546666666666666 0.05693333333333333
4.0 0.36883333333333335 0.4147583333333333 0.05374166666666666 0.11603333333333334
4.0 0.8578583333333333 0.13656666666666664 0.11181666666666668 0.055358333333333336
5.0 0.6452583333333333 0.7623166666666666 0.010708333333333334 0.010125
5 0.4483333333333333 0.3475 0.015 0.013333333333333334
5 0.8666666666666667 0.7858333333333334 0.011666666666666667 0.011666666666666667
5 0.435 0.2991666666666667 0.008333333333333333 0.008333333333333333
5 0.9691666666666666 0.0875 0.011666666666666667 0.013333333333333334
5 0.815 0.12833333333333333 0.015 0.016666666666666666
0 0.5983333333333334 0.1875 0.01 0.01
