5 0.06416666666666666 0.5533333333333333 0.016666666666666666 0.015
5 0.2783333333333333 0.45666666666666667 0.01 0.01
5 0.9283333333333333 0.03 0.008333333333333333 0.008333333333333333
5 0.32083333333333336 0.42833333333333334 0.011666666666666667 0.011666666666666667
5 0.14583333333333334 0.0275 0.016666666666666666 0.015
5 0.655 0.4325 0.015 0.013333333333333334
5 0.08083333333333333 0.6741666666666667 0.008333333333333333 0.008333333333333333
5 0.3975 0.6908333333333333 0.006666666666666667 0.006666666666666667
5 0.19166666666666668 0.07583333333333334 0.006666666666666667 0.006666666666666667
0 0.37416666666666665 0.6258333333333334 0.013333333333333334 0.015
0 0.17333333333333334 0.5258333333333334 0.02 0.021666666666666667
0 0.9458333333333333 0.5983333333333334 0.02666666666666667 0.028333333333333332
0 0.07583333333333334 0.7708333333333334 0.011666666666666667 0.01
