5 0.44916666666666666 0.7958333333333333 0.015 0.013333333333333334
5 0.28 0.285 0.011666666666666667 0.011666666666666667
5 0.31916666666666665 0.49416666666666664 0.02 0.016666666666666666
5 0.8491666666666666 0.25083333333333335 0.006666666666666667 0.008333333333333333
5 0.9908333333333333 0.12333333333333334 0.006666666666666667 0.006666666666666667
5 0.7225 0.17333333333333334 0.01 0.011666666666666667
0 0.08583333333333333 0.43833333333333335 0.016666666666666666 0.015
0 0.8825 0.18583333333333332 0.02 0.02
0 0.585 0.7066666666666667 0.01 0.015
0 0.5491666666666667 0.04 0.023333333333333334 0.018333333333333333
0 0.005833333333333334 0.025833333333333333 0.01 0.01
0 0.2916666666666667 0.38666666666666666 0.028333333333333332 0.025
