5 0.245 0.6608333333333334 0.011666666666666667 0.01
5 0.4775 0.8366666666666667 0.011666666666666667 0.011666666666666667
5 0.7625 0.8608333333333333 0.008333333333333333 0.008333333333333333
5 0.75 0.4508333333333333 0.013333333333333334 0.013333333333333334
5 0.3416666666666667 0.6083333333333333 0.008333333333333333 0.008333333333333333
5 0.24166666666666667 0.9325 0.008333333333333333 0.008333333333333333
5 0.6858333333333333 0.7683333333333333 0.01 0.016666666666666666
5 0.37333333333333335 0.9591666666666666 0.016666666666666666 0.02
5 0.5058333333333334 0.555 0.015 0.015
5 0.6133333333333333 0.7858333333333334 0.013333333333333334 0.011666666666666667
5 0.5683333333333334 0.09 0.02 0.016666666666666666
5 0.36833333333333335 0.8358333333333333 0.01 0.01
5 0.5958333333333333 0.5666666666666667 0.008333333333333333 0.008333333333333333
5 0.2941666666666667 0.9508333333333333 0.015 0.013333333333333334
5 0.345 0.9691666666666666 0.018333333333333333 0.016666666666666666
0 0.5975 0.8 0.013333333333333334 0.011666666666666667
0 0.25833333333333336 0.3641666666666667 0.008333333333333333 0.01
0 0.7858333333333334 0.33916666666666667 0.016666666666666666 0.013333333333333334
0 0.6025 0.029166666666666667 0.023333333333333334 0.025
0 0.5691666666666667 0.4891666666666667 0.016666666666666666 0.015
0 0.0925 0.4066666666666667 0.011666666666666667 0.015
0 0.3283333333333333 0.075 0.03 0.028333333333333332
