5 0.14 0.06666666666666667 0.006666666666666667 0.006666666666666667
5 0.7625 0.8283333333333334 0.01 0.01
5 0.35583333333333333 0.5875 0.006666666666666667 0.006666666666666667
5 0.24083333333333334 0.5841666666666666 0.016666666666666666 0.02
5 0.675 0.21 0.01 0.008333333333333333
5 0.84 0.865 0.015 0.015
5 0.30416666666666664 0.01 0.018333333333333333 0.018333333333333333
5 0.18166666666666667 0.59 0.02 0.018333333333333333
5 0.96 0.4325 0.016666666666666666 0.015
5 0.8491666666666666 0.4475 0.008333333333333333 0.006666666666666667
5 0.6766666666666666 0.3441666666666667 0.006666666666666667 0.006666666666666667
5 0.12166666666666667 0.6816666666666666 0.01 0.008333333333333333
5 0.09 0.07416666666666667 0.018333333333333333 0.021666666666666667
5 0.18166666666666667 0.7025 0.008333333333333333 0.008333333333333333
5 0.7641666666666667 0.7641666666666667 0.008333333333333333 0.008333333333333333
5 0.2833333333333333 0.8833333333333333 0.008333333333333333 0.008333333333333333
5 0.9683333333333334 0.26416666666666666 0.008333333333333333 0.01
