2.0 0.19680000000000003 0.08647623019182651 0.07759166666666667 0.06949958298582151
2.0 0.24054166666666668 0.8092952460383653 0.078975 0.06672226855713094
2.0 0.6523 0.5264261884904087 0.0386 0.045871559633027525
5 0.175 0.6466666666666666 0.011666666666666667 0.011666666666666667
5 0.39666666666666667 0.5141666666666667 0.011666666666666667 0.011666666666666667
5 0.235 0.6508333333333334 0.008333333333333333 0.006666666666666667
5 0.6183333333333333 0.205 0.01 0.01
5 0.6816666666666666 0.8225 0.013333333333333334 0.015
5 0.6908333333333333 0.6116666666666667 0.008333333333333333 0.006666666666666667
5 0.39 0.6591666666666667 0.016666666666666666 0.016666666666666666
5 0.3175 0.6925 0.011666666666666667 0.011666666666666667
5 0.7675 0.9308333333333333 0.008333333333333333 0.008333333333333333
5 0.43166666666666664 0.9116666666666666 0.006666666666666667 0.008333333333333333
5 0.11833333333333333 0.8458333333333333 0.01 0.008333333333333333
5 0.485 0.3466666666666667 0.008333333333333333 0.008333333333333333
5 0.8708333333333333 0.043333333333333335 0.01 0.008333333333333333
5 0.8933333333333333 0.46166666666666667 0.008333333333333333 0.008333333333333333
5 0.9391666666666667 0.7408333333333333 0.008333333333333333 0.008333333333333333
5 0.9925 0.8891666666666667 0.006666666666666667 0.006666666666666667
5 0.19916666666666666 0.31583333333333335 0.008333333333333333 0.008333333333333333
5 0.935 0.2991666666666667 0.008333333333333333 0.008333333333333333
5 0.14166666666666666 0.535 0.006666666666666667 0.006666666666666667
