5 0.5016666666666667 0.9941666666666666 0.006666666666666667 0.006666666666666667
5 0.26916666666666667 0.37333333333333335 0.008333333333333333 0.01
5 0.9275 0.7866666666666666 0.01 0.01
5 0.615 0.9025 0.015 0.013333333333333334
5 0.09833333333333333 0.115 0.006666666666666667 0.006666666666666667
5 0.7366666666666667 0.5816666666666667 0.011666666666666667 0.01
5 0.3775 0.45 0.008333333333333333 0.008333333333333333
5 0.9225 0.5358333333333334 0.008333333333333333 0.01
5 0.8458333333333333 0.8441666666666666 0.011666666666666667 0.01
5 0.7866666666666666 0.8683333333333333 0.018333333333333333 0.016666666666666666
5 0.6383333333333333 0.5058333333333334 0.015 0.015
5 0.19166666666666668 0.07333333333333333 0.02 0.018333333333333333
5 0.9383333333333334 0.075 0.016666666666666666 0.018333333333333333
5 0.7333333333333333 0.11916666666666667 0.01 0.01
5 0.5783333333333334 0.4375 0.015 0.018333333333333333
5 0.38916666666666666 0.9541666666666667 0.011666666666666667 0.015
0 0.8766666666666667 0.4166666666666667 0.016666666666666666 0.015
0 0.43333333333333335 0.7841666666666667 0.01 0.01
0 0.695 0.6308333333333334 0.013333333333333334 0.011666666666666667
0 0.4725 0.76 0.01 0.011666666666666667
0 0.2875 0.36 0.006666666666666667 0.01
0 0.12166666666666667 0.8091666666666667 0.011666666666666667 0.013333333333333334
0 0.43916666666666665 0.23583333333333334 0.021666666666666667 0.025
