5 0.82 0.3 0.01 0.01
5 0.06166666666666667 0.8958333333333334 0.008333333333333333 0.008333333333333333
5 0.11333333333333333 0.6158333333333333 0.015 0.013333333333333334
5 0.8566666666666667 0.6275 0.013333333333333334 0.013333333333333334
5 0.5641666666666667 0.5475 0.006666666666666667 0.006666666666666667
5 0.6816666666666666 0.265 0.008333333333333333 0.008333333333333333
5 0.32083333333333336 0.014166666666666666 0.015 0.011666666666666667
5 0.8408333333333333 0.495 0.006666666666666667 0.006666666666666667
5 0.6125 0.8458333333333333 0.008333333333333333 0.008333333333333333
5 0.7208333333333333 0.7825 0.011666666666666667 0.01
0 0.16416666666666666 0.021666666666666667 0.01 0.01
0 0.9791666666666666 0.8266666666666667 0.03333333333333333 0.028333333333333332
0 0.8575 0.06166666666666667 0.011666666666666667 0.013333333333333334
0 0.4083333333333333 0.9333333333333333 0.03 0.02
0 0.24416666666666667 0.245 0.016666666666666666 0.016666666666666666
0 0.39166666666666666 0.043333333333333335 0.023333333333333334 0.023333333333333334
0 0.9358333333333333 0.435 0.02 0.021666666666666667
