5 0.3466666666666667 0.6858333333333333 0.008333333333333333 0.008333333333333333
5 0.8983333333333333 0.6491666666666667 0.008333333333333333 0.008333333333333333
5 0.10583333333333333 0.024166666666666666 0.01 0.011666666666666667
5 0.6825 0.16 0.015 0.018333333333333333
5 0.76 0.9591666666666666 0.013333333333333334 0.013333333333333334
5 0.6591666666666667 0.4025 0.011666666666666667 0.011666666666666667
5 0.7875 0.755 0.006666666666666667 0.006666666666666667
5 0.1775 0.38416666666666666 0.008333333333333333 0.008333333333333333
5 0.9191666666666667 0.29 0.016666666666666666 0.015
5 0.22666666666666666 0.9841666666666666 0.01 0.01
5 0.7375 0.915 0.013333333333333334 0.013333333333333334
5 0.9241666666666667 0.6083333333333333 0.013333333333333334 0.011666666666666667
5 0.9633333333333334 0.49083333333333334 0.008333333333333333 0.008333333333333333
5 0.5458333333333333 0.08833333333333333 0.013333333333333334 0.015
0 0.755 0.5208333333333334 0.013333333333333334 0.011666666666666667
0 0.4275 0.205 0.008333333333333333 0.011666666666666667
0 0.08166666666666667 0.4558333333333333 0.028333333333333332 0.021666666666666667
0 0.6833333333333333 0.5775 0.006666666666666667 0.01
0 0.49666666666666665 0.8983333333333333 0.03333333333333333 0.028333333333333332
0 0.6708333333333333 0.5616666666666666 0.021666666666666667 0.025
0 0.42083333333333334 0.1 0.023333333333333334 0.025
0 0.6041666666666666 0.35 0.011666666666666667 0.01
