5 0.185 0.2825 0.016666666666666666 0.015
5 0.4475 0.2675 0.008333333333333333 0.008333333333333333
5 0.6675 0.6716666666666666 0.008333333333333333 0.008333333333333333
5 0.1175 0.5291666666666667 0.011666666666666667 0.01
5 0.17 0.5308333333333334 0.008333333333333333 0.008333333333333333
5 0.46416666666666667 0.71 0.01 0.01
5 0.6925 0.7716666666666666 0.008333333333333333 0.01
5 0.26666666666666666 0.5391666666666667 0.023333333333333334 0.021666666666666667
5 0.20583333333333334 0.3475 0.008333333333333333 0.006666666666666667
5 0.8666666666666667 0.4866666666666667 0.01 0.011666666666666667
5 0.4558333333333333 0.5491666666666667 0.008333333333333333 0.01
5 0.6125 0.575 0.006666666666666667 0.008333333333333333
5 0.9316666666666666 0.44333333333333336 0.013333333333333334 0.013333333333333334
0 0.5591666666666667 0.5133333333333333 0.018333333333333333 0.02
0 0.9141666666666667 0.4825 0.02 0.028333333333333332
0 0.35 0.675 0.015 0.016666666666666666
0 0.1425 0.7458333333333333 0.01 0.011666666666666667
0 0.16916666666666666 0.5483333333333333 0.016666666666666666 0.015
0 0.23666666666666666 0.16666666666666666 0.011666666666666667 0.013333333333333334
0 0.46166666666666667 0.8808333333333334 0.021666666666666667 0.023333333333333334
0 0.53 0.7458333333333333 0.013333333333333334 0.013333333333333334
