8.0 0.5463955823293172 0.660885078776645 0.10860982391102873 0.27134383688600555
8.0 0.22341133765832558 0.5484569045412419 0.2825671918443003 0.7230583873957368
5 0.5941666666666666 0.19916666666666666 0.006666666666666667 0.006666666666666667
5 0.4766666666666667 0.18666666666666668 0.013333333333333334 0.011666666666666667
5 0.8633333333333333 0.6141666666666666 0.006666666666666667 0.006666666666666667
5 0.81 0.2675 0.008333333333333333 0.008333333333333333
5 0.9733333333333334 0.48833333333333334 0.008333333333333333 0.008333333333333333
5 0.5825 0.8208333333333333 0.01 0.008333333333333333
5 0.22833333333333333 0.38083333333333336 0.015 0.013333333333333334
5 0.955 0.5275 0.008333333333333333 0.008333333333333333
5 0.9325 0.38416666666666666 0.011666666666666667 0.011666666666666667
5 0.16 0.3325 0.008333333333333333 0.01
5 0.5041666666666667 0.065 0.01 0.01
5 0.6783333333333333 0.895 0.015 0.011666666666666667
5 0.051666666666666666 0.2708333333333333 0.008333333333333333 0.01
5 0.8208333333333333 0.9033333333333333 0.015 0.018333333333333333
5 0.9933333333333333 0.5508333333333333 0.01 0.01
5 0.5691666666666667 0.37333333333333335 0.008333333333333333 0.008333333333333333
5 0.735 0.42583333333333334 0.016666666666666666 0.018333333333333333
5 0.7266666666666667 0.1325 0.015 0.015
5 0.435 0.565 0.011666666666666667 0.011666666666666667
