5 0.1075 0.9716666666666667 0.013333333333333334 0.011666666666666667
5 0.2658333333333333 0.4925 0.013333333333333334 0.011666666666666667
5 0.29833333333333334 0.020833333333333332 0.008333333333333333 0.008333333333333333
5 0.0275 0.7016666666666667 0.013333333333333334 0.011666666666666667
5 0.23583333333333334 0.9825 0.021666666666666667 0.021666666666666667
5 0.8716666666666667 0.56 0.008333333333333333 0.008333333333333333
5 0.29833333333333334 0.92 0.01 0.01
5 0.48583333333333334 0.4275 0.008333333333333333 0.01
5 0.7116666666666667 0.30083333333333334 0.013333333333333334 0.013333333333333334
5 0.115 0.24416666666666667 0.013333333333333334 0.015
5 0.6908333333333333 0.2275 0.008333333333333333 0.008333333333333333
