5 0.2025 0.9066666666666666 0.011666666666666667 0.011666666666666667
5 0.9533333333333334 0.31583333333333335 0.016666666666666666 0.015
5 0.8091666666666667 0.26666666666666666 0.01 0.01
5 0.5975 0.78 0.006666666666666667 0.008333333333333333
5 0.24833333333333332 0.5216666666666666 0.008333333333333333 0.008333333333333333
5 0.38083333333333336 0.655 0.011666666666666667 0.01
5 0.31666666666666665 0.5283333333333333 0.018333333333333333 0.021666666666666667
5 0.7791666666666667 0.6408333333333334 0.011666666666666667 0.011666666666666667
5 0.21333333333333335 0.38083333333333336 0.01 0.01
5 0.41583333333333333 0.3275 0.008333333333333333 0.008333333333333333
5 0.3858333333333333 0.4275 0.018333333333333333 0.016666666666666666
5 0.10833333333333334 0.5833333333333334 0.01 0.011666666666666667
5 0.18 0.8058333333333333 0.008333333333333333 0.008333333333333333
5 0.3575 0.5708333333333333 0.006666666666666667 0.006666666666666667
5 0.1225 0.16416666666666666 0.016666666666666666 0.015
5 0.46166666666666667 0.3325 0.008333333333333333 0.008333333333333333
5 0.7566666666666667 0.5808333333333333 0.006666666666666667 0.006666666666666667
5 0.3258333333333333 0.18583333333333332 0.0033333333333333335 0.005
5 0.21916666666666668 0.17416666666666666 0.008333333333333333 0.008333333333333333
