4.0 0.329975 0.3201299694189602 0.07339166666666666 0.08479566305254378
4.0 0.6535416666666667 0.6509639977759244 0.0872 0.06811509591326105
5 0.16916666666666666 0.6266666666666667 0.021666666666666667 0.021666666666666667
5 0.028333333333333332 0.6666666666666666 0.011666666666666667 0.01
5 0.4058333333333333 0.1925 0.013333333333333334 0.015
0 0.32916666666666666 0.39 0.018333333333333333 0.016666666666666666
0 0.6241666666666666 0.36083333333333334 0.021666666666666667 0.02
0 0.205 0.5683333333333334 0.028333333333333332 0.021666666666666667
0 0.8733333333333333 0.43166666666666664 0.018333333333333333 0.015
0 0.1075 0.315 0.008333333333333333 0.015
