5 0.44416666666666665 0.075 0.008333333333333333 0.008333333333333333
5 0.18833333333333332 0.7266666666666667 0.01 0.011666666666666667
5 0.20833333333333334 0.31 0.011666666666666667 0.01
5 0.7083333333333334 0.9625 0.015 0.013333333333333334
5 0.0675 0.03833333333333333 0.008333333333333333 0.01
5 0.78 0.4225 0.01 0.01
5 0.3616666666666667 0.6408333333333334 0.011666666666666667 0.015
5 0.855 0.8191666666666667 0.006666666666666667 0.006666666666666667
0 0.07333333333333333 0.10583333333333333 0.01 0.01
0 0.06583333333333333 0.16 0.01 0.011666666666666667
0 0.8441666666666666 0.5075 0.01 0.015
0 0.645 0.7575 0.006666666666666667 0.01
0 0.07833333333333334 0.060833333333333336 0.011666666666666667 0.013333333333333334
0 0.7658333333333334 0.685 0.02 0.02
0 0.1825 0.47 0.013333333333333334 0.015
