4.0 0.31914166666666666 0.3376299694189603 0.07339166666666666 0.08479566305254378
4.0 0.6427083333333332 0.6684639977759245 0.0872 0.06811509591326105
0 0.16666666666666666 0.9275 0.023333333333333334 0.023333333333333334
0 0.3333333333333333 0.8991666666666667 0.021666666666666667 0.023333333333333334
0 0.20916666666666667 0.085 0.008333333333333333 0.011666666666666667
0 0.7875 0.3275 0.021666666666666667 0.016666666666666666
0 0.3125 0.9008333333333334 0.03666666666666667 0.03833333333333333
0 0.875 0.0175 0.011666666666666667 0.013333333333333334
0 0.63 0.6433333333333333 0.01 0.013333333333333334
0 0.7225 0.9691666666666666 0.021666666666666667 0.025
0 0.36833333333333335 0.625 0.025 0.028333333333333332
