5 0.09916666666666667 0.19833333333333333 0.018333333333333333 0.021666666666666667
5 0.2916666666666667 0.7875 0.013333333333333334 0.015
5 0.5458333333333333 0.008333333333333333 0.018333333333333333 0.016666666666666666
5 0.9066666666666666 0.6591666666666667 0.008333333333333333 0.008333333333333333
5 0.6741666666666667 0.8291666666666667 0.015 0.015
5 0.7783333333333333 0.07166666666666667 0.008333333333333333 0.008333333333333333
5 0.23083333333333333 0.3925 0.006666666666666667 0.006666666666666667
5 0.22583333333333333 0.3466666666666667 0.008333333333333333 0.008333333333333333
5 0.9333333333333333 0.04666666666666667 0.016666666666666666 0.011666666666666667
5 0.7991666666666667 0.9733333333333334 0.005 0.005
5 0.7491666666666666 0.44083333333333335 0.013333333333333334 0.013333333333333334
5 0.47583333333333333 0.018333333333333333 0.008333333333333333 0.006666666666666667
5 0.2758333333333333 0.5408333333333334 0.006666666666666667 0.006666666666666667
5 0.6508333333333334 0.2675 0.008333333333333333 0.008333333333333333
5 0.8675 0.89 0.015 0.018333333333333333
5 0.68 0.8766666666666667 0.011666666666666667 0.011666666666666667
5 0.17583333333333334 0.48333333333333334 0.02 0.015
5 0.41083333333333333 0.9958333333333333 0.006666666666666667 0.006666666666666667
5 0.47833333333333333 0.6516666666666666 0.01 0.011666666666666667
