5 0.1775 0.8533333333333334 0.008333333333333333 0.008333333333333333
5 0.0525 0.39416666666666667 0.008333333333333333 0.008333333333333333
5 0.84 0.315 0.008333333333333333 0.01
5 0.8983333333333333 0.5483333333333333 0.02 0.02
5 0.6366666666666667 0.955 0.013333333333333334 0.013333333333333334
5 0.22666666666666666 0.31666666666666665 0.015 0.016666666666666666
5 0.22833333333333333 0.355 0.013333333333333334 0.013333333333333334
5 0.38666666666666666 0.21916666666666668 0.01 0.008333333333333333
5 0.7783333333333333 0.4125 0.01 0.011666666666666667
5 0.7508333333333334 0.7416666666666667 0.02 0.016666666666666666
5 0.37833333333333335 0.67 0.01 0.01
5 0.9316666666666666 0.915 0.01 0.01
5 0.465 0.3491666666666667 0.01 0.008333333333333333
5 0.0425 0.92 0.008333333333333333 0.008333333333333333
5 0.31 0.18666666666666668 0.008333333333333333 0.008333333333333333
5 0.04 0.4083333333333333 0.01 0.01
5 0.7741666666666667 0.43666666666666665 0.016666666666666666 0.016666666666666666
