5 0.5941666666666666 0.215 0.016666666666666666 0.016666666666666666
5 0.7533333333333333 0.9916666666666667 0.006666666666666667 0.005
5 0.2025 0.4725 0.01 0.008333333333333333
5 0.41333333333333333 0.4875 0.015 0.016666666666666666
5 0.4225 0.9458333333333333 0.015 0.013333333333333334
5 0.058333333333333334 0.4875 0.006666666666666667 0.006666666666666667
5 0.9008333333333334 0.155 0.016666666666666666 0.016666666666666666
5 0.34 0.7441666666666666 0.008333333333333333 0.008333333333333333
0 0.22166666666666668 0.9883333333333333 0.016666666666666666 0.013333333333333334
0 0.27 0.57 0.021666666666666667 0.021666666666666667
0 0.5216666666666666 0.32083333333333336 0.025 0.023333333333333334
0 0.735 0.2 0.011666666666666667 0.011666666666666667
