5 0.43083333333333335 0.4008333333333333 0.008333333333333333 0.008333333333333333
5 0.39166666666666666 0.21583333333333332 0.008333333333333333 0.008333333333333333
5 0.5708333333333333 0.03333333333333333 0.013333333333333334 0.013333333333333334
5 0.4766666666666667 0.5791666666666667 0.008333333333333333 0.008333333333333333
5 0.7216666666666667 0.4325 0.011666666666666667 0.008333333333333333
5 0.525 0.365 0.011666666666666667 0.011666666666666667
5 0.1925 0.25583333333333336 0.013333333333333334 0.013333333333333334
5 0.03833333333333333 0.9316666666666666 0.011666666666666667 0.011666666666666667
5 0.7225 0.04666666666666667 0.015 0.016666666666666666
5 0.9533333333333334 0.855 0.015 0.016666666666666666
5 0.36333333333333334 0.23333333333333334 0.015 0.015
5 0.55 0.5783333333333334 0.015 0.013333333333333334
5 0.4125 0.16333333333333333 0.016666666666666666 0.011666666666666667
5 0.41333333333333333 0.7416666666666667 0.01 0.01
0 0.415 0.8316666666666667 0.016666666666666666 0.016666666666666666
0 0.22666666666666666 0.89 0.016666666666666666 0.016666666666666666
0 0.016666666666666666 0.0625 0.02666666666666667 0.028333333333333332
0 0.4658333333333333 0.050833333333333335 0.02 0.021666666666666667
0 0.1375 0.9225 0.023333333333333334 0.02
0 0.7725 0.4141666666666667 0.02 0.03
0 0.32 0.4175 0.018333333333333333 0.02666666666666667
0 0.5666666666666667 0.24333333333333335 0.023333333333333334 0.018333333333333333
0 0.04083333333333333 0.19666666666666666 0.013333333333333334 0.015
6 0.36916666666666664 0.755 0.016666666666666666 0.025
3 0.7358333333333333 0.4483333333333333 0.0875 0.06666666666666667
