5 0.8533333333333334 0.4 0.008333333333333333 0.01
5 0.11083333333333334 0.8541666666666666 0.013333333333333334 0.015
5 0.8016666666666666 0.3616666666666667 0.013333333333333334 0.025
5 0.32666666666666666 0.995 0.006666666666666667 0.006666666666666667
5 0.04833333333333333 0.31833333333333336 0.015 0.013333333333333334
5 0.49583333333333335 0.605 0.006666666666666667 0.006666666666666667
0 0.25666666666666665 0.5033333333333333 0.015 0.013333333333333334
0 0.8766666666666667 0.35833333333333334 0.013333333333333334 0.013333333333333334
0 0.5166666666666667 0.22416666666666665 0.028333333333333332 0.023333333333333334
0 0.97 0.04083333333333333 0.021666666666666667 0.023333333333333334
0 0.33416666666666667 0.28583333333333333 0.011666666666666667 0.011666666666666667
0 0.235 0.48 0.016666666666666666 0.015
0 0.6641666666666667 0.7816666666666666 0.021666666666666667 0.025
0 0.6233333333333333 0.6525 0.02 0.025
