5 0.11083333333333334 0.8541666666666666 0.006666666666666667 0.008333333333333333
5 0.835 0.5775 0.01 0.01
5 0.06 0.5083333333333333 0.008333333333333333 0.008333333333333333
5 0.8916666666666667 0.6466666666666666 0.015 0.013333333333333334
5 0.065 0.8325 0.02 0.02
5 0.2125 0.9583333333333334 0.011666666666666667 0.015
5 0.4008333333333333 0.32916666666666666 0.011666666666666667 0.013333333333333334
5 0.7941666666666667 0.37416666666666665 0.015 0.013333333333333334
5 0.16416666666666666 0.32 0.011666666666666667 0.011666666666666667
5 0.9716666666666667 0.5858333333333333 0.006666666666666667 0.005
0 0.25416666666666665 0.6175 0.023333333333333334 0.018333333333333333
0 0.9833333333333333 0.18416666666666667 0.021666666666666667 0.023333333333333334
0 0.06916666666666667 0.465 0.02666666666666667 0.021666666666666667
0 0.42083333333333334 0.8466666666666667 0.03333333333333333 0.03166666666666667
0 0.18916666666666668 0.9366666666666666 0.023333333333333334 0.021666666666666667
0 0.5483333333333333 0.5866666666666667 0.013333333333333334 0.008333333333333333
0 0.03833333333333333 0.8191666666666667 0.016666666666666666 0.016666666666666666
