5 0.155 0.945 0.008333333333333333 0.008333333333333333
5 0.9 0.26916666666666667 0.008333333333333333 0.008333333333333333
5 0.6133333333333333 0.5066666666666667 0.01 0.01
5 0.24583333333333332 0.9725 0.015 0.013333333333333334
5 0.2783333333333333 0.705 0.015 0.013333333333333334
5 0.6308333333333334 0.345 0.008333333333333333 0.008333333333333333
5 0.68 0.7833333333333333 0.016666666666666666 0.016666666666666666
5 0.1425 0.10416666666666667 0.01 0.01
5 0.8583333333333333 0.2841666666666667 0.013333333333333334 0.013333333333333334
5 0.9691666666666666 0.38333333333333336 0.016666666666666666 0.015
5 0.78 0.195 0.01 0.01
5 0.93 0.7975 0.01 0.01
