5 0.4508333333333333 0.7775 0.015 0.013333333333333334
5 0.8 0.435 0.01 0.01
5 0.5158333333333334 0.5333333333333333 0.006666666666666667 0.006666666666666667
5 0.22333333333333333 0.6825 0.015 0.011666666666666667
5 0.7975 0.43583333333333335 0.006666666666666667 0.006666666666666667
5 0.26916666666666667 0.075 0.018333333333333333 0.025
5 0.03166666666666667 0.69 0.01 0.008333333333333333
5 0.10916666666666666 0.018333333333333333 0.008333333333333333 0.008333333333333333
5 0.2 0.3641666666666667 0.016666666666666666 0.015
5 0.2275 0.0275 0.006666666666666667 0.006666666666666667
5 0.19333333333333333 0.37833333333333335 0.008333333333333333 0.008333333333333333
5 0.5666666666666667 0.7133333333333334 0.01 0.01
5 0.6366666666666667 0.9691666666666666 0.008333333333333333 0.008333333333333333
5 0.19916666666666666 0.4425 0.01 0.011666666666666667
5 0.6641666666666667 0.5675 0.008333333333333333 0.008333333333333333
5 0.8616666666666667 0.7658333333333334 0.008333333333333333 0.008333333333333333
5 0.6725 0.6766666666666666 0.008333333333333333 0.006666666666666667
