5 0.045 0.9208333333333333 0.018333333333333333 0.018333333333333333
5 0.21166666666666667 0.05416666666666667 0.018333333333333333 0.021666666666666667
5 0.8491666666666666 0.5708333333333333 0.01 0.008333333333333333
5 0.9116666666666666 0.28 0.011666666666666667 0.011666666666666667
5 0.7858333333333334 0.8941666666666667 0.016666666666666666 0.015
5 0.8558333333333333 0.21416666666666667 0.008333333333333333 0.008333333333333333
5 0.925 0.8808333333333334 0.01 0.01
5 0.6 0.4841666666666667 0.006666666666666667 0.006666666666666667
5 0.44666666666666666 0.15583333333333332 0.013333333333333334 0.025
5 0.7708333333333334 0.6125 0.01 0.01
5 0.3775 0.041666666666666664 0.008333333333333333 0.008333333333333333
5 0.34833333333333333 0.8166666666666667 0.016666666666666666 0.015
5 0.07083333333333333 0.0925 0.01 0.01
0 0.7308333333333333 0.4625 0.016666666666666666 0.015
0 0.4533333333333333 0.9441666666666667 0.01 0.01
0 0.056666666666666664 0.25416666666666665 0.011666666666666667 0.015
0 0.42333333333333334 0.7741666666666667 0.013333333333333334 0.013333333333333334
0 0.4025 0.051666666666666666 0.011666666666666667 0.013333333333333334
0 0.2875 0.38083333333333336 0.016666666666666666 0.023333333333333334
0 0.39416666666666667 0.2375 0.013333333333333334 0.018333333333333333
