5 0.24333333333333335 0.52 0.006666666666666667 0.008333333333333333
5 0.7125 0.9 0.01 0.01
5 0.13083333333333333 0.6375 0.006666666666666667 0.006666666666666667
5 0.5591666666666667 0.5166666666666667 0.008333333333333333 0.006666666666666667
5 0.9408333333333333 0.9316666666666666 0.008333333333333333 0.008333333333333333
5 0.3283333333333333 0.6783333333333333 0.006666666666666667 0.006666666666666667
5 0.5641666666666667 0.0275 0.006666666666666667 0.006666666666666667
5 0.5075 0.7758333333333334 0.016666666666666666 0.015
5 0.4725 0.7216666666666667 0.016666666666666666 0.018333333333333333
5 0.5283333333333333 0.9025 0.008333333333333333 0.008333333333333333
5 0.8241666666666667 0.6725 0.01 0.011666666666666667
5 0.5958333333333333 0.4625 0.008333333333333333 0.01
5 0.26666666666666666 0.3516666666666667 0.023333333333333334 0.021666666666666667
5 0.006666666666666667 0.03333333333333333 0.011666666666666667 0.011666666666666667
5 0.6408333333333334 0.09916666666666667 0.021666666666666667 0.021666666666666667
5 0.7158333333333333 0.25916666666666666 0.008333333333333333 0.008333333333333333
5 0.5808333333333333 0.2683333333333333 0.015 0.013333333333333334
