5 0.8633333333333333 0.8808333333333334 0.008333333333333333 0.008333333333333333
5 0.5041666666666667 0.3825 0.006666666666666667 0.008333333333333333
5 0.5075 0.6983333333333334 0.008333333333333333 0.008333333333333333
5 0.1325 0.5816666666666667 0.006666666666666667 0.006666666666666667
5 0.8575 0.36583333333333334 0.01 0.01
5 0.5166666666666667 0.4508333333333333 0.016666666666666666 0.018333333333333333
5 0.2966666666666667 0.7933333333333333 0.015 0.011666666666666667
5 0.38 0.21333333333333335 0.006666666666666667 0.006666666666666667
5 0.9825 0.07083333333333333 0.018333333333333333 0.016666666666666666
5 0.37333333333333335 0.7316666666666667 0.011666666666666667 0.011666666666666667
5 0.04666666666666667 0.775 0.016666666666666666 0.035
5 0.43 0.9366666666666666 0.013333333333333334 0.013333333333333334
5 0.8808333333333334 0.18083333333333335 0.01 0.01
5 0.028333333333333332 0.23666666666666666 0.008333333333333333 0.008333333333333333
5 0.12333333333333334 0.9858333333333333 0.016666666666666666 0.015
5 0.945 0.4841666666666667 0.008333333333333333 0.008333333333333333
5 0.245 0.7458333333333333 0.015 0.015
