5 0.0875 0.6041666666666666 0.015 0.015
5 0.6658333333333334 0.8733333333333333 0.016666666666666666 0.011666666666666667
5 0.45 0.775 0.015 0.013333333333333334
5 0.9725 0.7625 0.008333333333333333 0.008333333333333333
5 0.8858333333333334 0.2525 0.018333333333333333 0.016666666666666666
5 0.81 0.33666666666666667 0.01 0.01
5 0.13333333333333333 0.38666666666666666 0.013333333333333334 0.011666666666666667
5 0.49333333333333335 0.7483333333333333 0.011666666666666667 0.011666666666666667
5 0.7958333333333333 0.9591666666666666 0.016666666666666666 0.015
5 0.030833333333333334 0.15583333333333332 0.008333333333333333 0.008333333333333333
5 0.4766666666666667 0.8408333333333333 0.016666666666666666 0.02
5 0.5433333333333333 0.34833333333333333 0.016666666666666666 0.015
5 0.17333333333333334 0.8675 0.013333333333333334 0.013333333333333334
5 0.5358333333333334 0.19833333333333333 0.015 0.013333333333333334
5 0.48583333333333334 0.7316666666666667 0.006666666666666667 0.006666666666666667
5 0.5725 0.3475 0.01 0.011666666666666667
5 0.225 0.16416666666666666 0.011666666666666667 0.013333333333333334
