5 0.2325 0.8675 0.006666666666666667 0.006666666666666667
5 0.011666666666666667 0.8308333333333333 0.016666666666666666 0.015
5 0.6941666666666667 0.2608333333333333 0.013333333333333334 0.013333333333333334
5 0.795 0.7391666666666666 0.008333333333333333 0.008333333333333333
5 0.19916666666666666 0.14916666666666667 0.008333333333333333 0.006666666666666667
5 0.255 0.08916666666666667 0.013333333333333334 0.013333333333333334
0 0.42 0.2475 0.011666666666666667 0.013333333333333334
0 0.955 0.455 0.011666666666666667 0.015
0 0.09583333333333334 0.2075 0.025 0.028333333333333332
0 0.8066666666666666 0.5208333333333334 0.025 0.04833333333333333
0 0.1475 0.225 0.018333333333333333 0.016666666666666666
