5 0.45916666666666667 0.25 0.008333333333333333 0.01
5 0.3225 0.19083333333333333 0.008333333333333333 0.008333333333333333
5 0.8458333333333333 0.6333333333333333 0.013333333333333334 0.013333333333333334
5 0.06916666666666667 0.5575 0.008333333333333333 0.008333333333333333
5 0.7333333333333333 0.4216666666666667 0.008333333333333333 0.006666666666666667
5 0.18 0.7175 0.008333333333333333 0.008333333333333333
5 0.8225 0.17 0.013333333333333334 0.015
5 0.9433333333333334 0.5808333333333333 0.015 0.016666666666666666
5 0.8916666666666667 0.6841666666666667 0.01 0.011666666666666667
5 0.10416666666666667 0.6008333333333333 0.015 0.011666666666666667
5 0.5875 0.5816666666666667 0.013333333333333334 0.016666666666666666
5 0.06583333333333333 0.9083333333333333 0.015 0.015
5 0.041666666666666664 0.9275 0.008333333333333333 0.01
5 0.96 0.35583333333333333 0.016666666666666666 0.015
5 0.125 0.011666666666666667 0.008333333333333333 0.008333333333333333
5 0.6325 0.15666666666666668 0.008333333333333333 0.008333333333333333
