5 0.32166666666666666 0.505 0.006666666666666667 0.008333333333333333
5 0.7208333333333333 0.6208333333333333 0.013333333333333334 0.011666666666666667
5 0.7408333333333333 0.6266666666666667 0.01 0.011666666666666667
5 0.7933333333333333 0.1425 0.011666666666666667 0.011666666666666667
5 0.49666666666666665 0.1525 0.01 0.01
5 0.44916666666666666 0.4608333333333333 0.015 0.013333333333333334
5 0.7941666666666667 0.1225 0.008333333333333333 0.008333333333333333
0 0.30666666666666664 0.2733333333333333 0.013333333333333334 0.015
0 0.7558333333333334 0.07833333333333334 0.008333333333333333 0.008333333333333333
0 0.0525 0.31666666666666665 0.011666666666666667 0.015
0 0.4691666666666667 0.6875 0.011666666666666667 0.011666666666666667
0 0.37166666666666665 0.03 0.015 0.016666666666666666
0 0.8566666666666667 0.12166666666666667 0.011666666666666667 0.011666666666666667
0 0.465 0.9383333333333334 0.013333333333333334 0.011666666666666667
0 0.35583333333333333 0.37166666666666665 0.016666666666666666 0.015
0 0.515 0.6075 0.011666666666666667 0.01
