5 0.9725 0.03 0.013333333333333334 0.013333333333333334
5 0.36 0.8125 0.011666666666666667 0.013333333333333334
5 0.3975 0.4975 0.01 0.011666666666666667
5 0.2808333333333333 0.23 0.015 0.013333333333333334
5 0.4025 0.9191666666666667 0.008333333333333333 0.008333333333333333
5 0.0775 0.815 0.008333333333333333 0.01
5 0.5091666666666667 0.8683333333333333 0.013333333333333334 0.013333333333333334
5 0.6783333333333333 0.2175 0.01 0.01
5 0.43833333333333335 0.34 0.01 0.011666666666666667
5 0.21583333333333332 0.06666666666666667 0.016666666666666666 0.02
