7.0 0.55675 0.47137058659994435 0.15805833333333333 0.7297748123436196
5 0.11416666666666667 0.7525 0.015 0.018333333333333333
5 0.9166666666666666 0.9533333333333334 0.021666666666666667 0.018333333333333333
5 0.6708333333333333 0.7033333333333334 0.013333333333333334 0.013333333333333334
5 0.08416666666666667 0.4275 0.016666666666666666 0.016666666666666666
5 0.4066666666666667 0.2991666666666667 0.008333333333333333 0.008333333333333333
5 0.755 0.6466666666666666 0.008333333333333333 0.008333333333333333
5 0.84 0.8916666666666667 0.008333333333333333 0.008333333333333333
5 0.1925 0.665 0.008333333333333333 0.008333333333333333
5 0.2791666666666667 0.32083333333333336 0.008333333333333333 0.008333333333333333
5 0.32916666666666666 0.795 0.013333333333333334 0.015
5 0.4116666666666667 0.6558333333333334 0.01 0.01
5 0.08083333333333333 0.5075 0.016666666666666666 0.015
5 0.06166666666666667 0.8691666666666666 0.006666666666666667 0.006666666666666667
