5 0.55 0.7341666666666666 0.008333333333333333 0.01
5 0.6241666666666666 0.48333333333333334 0.015 0.013333333333333334
5 0.28833333333333333 0.23583333333333334 0.01 0.01
5 0.7583333333333333 0.5116666666666667 0.013333333333333334 0.011666666666666667
5 0.4583333333333333 0.185 0.015 0.018333333333333333
5 0.22833333333333333 0.38333333333333336 0.008333333333333333 0.008333333333333333
5 0.024166666666666666 0.8266666666666667 0.006666666666666667 0.006666666666666667
5 0.16583333333333333 0.5908333333333333 0.013333333333333334 0.013333333333333334
5 0.8675 0.09666666666666666 0.011666666666666667 0.015
5 0.4041666666666667 0.8091666666666667 0.015 0.011666666666666667
5 0.13833333333333334 0.8608333333333333 0.015 0.016666666666666666
5 0.36083333333333334 0.6991666666666667 0.006666666666666667 0.006666666666666667
5 0.5866666666666667 0.6575 0.013333333333333334 0.011666666666666667
5 0.019166666666666665 0.46416666666666667 0.008333333333333333 0.008333333333333333
5 0.26916666666666667 0.32916666666666666 0.013333333333333334 0.011666666666666667
5 0.03916666666666667 0.6116666666666667 0.008333333333333333 0.008333333333333333
5 0.5675 0.89 0.008333333333333333 0.008333333333333333
5 0.86 0.38666666666666666 0.008333333333333333 0.008333333333333333
