5 0.54 0.006666666666666667 0.006666666666666667 0.006666666666666667
5 0.013333333333333334 0.6775 0.008333333333333333 0.006666666666666667
5 0.17083333333333334 0.7441666666666666 0.013333333333333334 0.025
5 0.10833333333333334 0.03916666666666667 0.013333333333333334 0.016666666666666666
5 0.27666666666666667 0.4175 0.016666666666666666 0.015
5 0.6641666666666667 0.3858333333333333 0.015 0.015
5 0.23583333333333334 0.7725 0.011666666666666667 0.011666666666666667
5 0.5083333333333333 0.285 0.013333333333333334 0.013333333333333334
5 0.44583333333333336 0.8191666666666667 0.008333333333333333 0.008333333333333333
5 0.23333333333333334 0.025833333333333333 0.006666666666666667 0.006666666666666667
5 0.3958333333333333 0.49 0.008333333333333333 0.008333333333333333
5 0.8766666666666667 0.3475 0.01 0.011666666666666667
5 0.2025 0.1025 0.011666666666666667 0.011666666666666667
5 0.715 0.91 0.011666666666666667 0.01
5 0.30833333333333335 0.0375 0.013333333333333334 0.013333333333333334
5 0.1775 0.785 0.015 0.013333333333333334
5 0.9608333333333333 0.805 0.006666666666666667 0.006666666666666667
5 0.07166666666666667 0.12166666666666667 0.006666666666666667 0.008333333333333333
5 0.2866666666666667 0.165 0.008333333333333333 0.008333333333333333
0 0.75 0.4658333333333333 0.008333333333333333 0.011666666666666667
