5 0.375 0.7925 0.015 0.011666666666666667
5 0.8291666666666667 0.4091666666666667 0.011666666666666667 0.01
5 0.5991666666666666 0.23333333333333334 0.01 0.01
5 0.5858333333333333 0.9858333333333333 0.006666666666666667 0.006666666666666667
5 0.9516666666666667 0.39166666666666666 0.01 0.011666666666666667
5 0.7616666666666667 0.016666666666666666 0.016666666666666666 0.015
5 0.02 0.4508333333333333 0.01 0.011666666666666667
5 0.5591666666666667 0.8475 0.011666666666666667 0.011666666666666667
5 0.9183333333333333 0.6308333333333334 0.016666666666666666 0.015
5 0.018333333333333333 0.7283333333333334 0.008333333333333333 0.008333333333333333
5 0.3441666666666667 0.8566666666666667 0.01 0.011666666666666667
5 0.7133333333333334 0.07083333333333333 0.01 0.01
5 0.8808333333333334 0.42 0.013333333333333334 0.011666666666666667
5 0.49583333333333335 0.44083333333333335 0.011666666666666667 0.011666666666666667
5 0.3491666666666667 0.575 0.018333333333333333 0.021666666666666667
0 0.8125 0.12083333333333333 0.02666666666666667 0.021666666666666667
0 0.285 0.5283333333333333 0.01 0.015
0 0.83 0.25666666666666665 0.023333333333333334 0.018333333333333333
0 0.5066666666666667 0.7408333333333333 0.02 0.013333333333333334
0 0.31666666666666665 0.6416666666666667 0.02 0.028333333333333332
0 0.4266666666666667 0.23166666666666666 0.011666666666666667 0.011666666666666667
0 0.5833333333333334 0.7641666666666667 0.01 0.013333333333333334
0 0.9725 0.7208333333333333 0.023333333333333334 0.03166666666666667
