5 0.020833333333333332 0.405 0.01 0.01
5 0.0825 0.1925 0.006666666666666667 0.008333333333333333
5 0.6383333333333333 0.3933333333333333 0.018333333333333333 0.016666666666666666
5 0.5425 0.30583333333333335 0.02 0.021666666666666667
5 0.14833333333333334 0.5758333333333333 0.015 0.011666666666666667
5 0.25083333333333335 0.7391666666666666 0.013333333333333334 0.025
5 0.5041666666666667 0.4608333333333333 0.013333333333333334 0.013333333333333334
5 0.7175 0.305 0.013333333333333334 0.013333333333333334
5 0.8675 0.9566666666666667 0.011666666666666667 0.011666666666666667
5 0.4775 0.30583333333333335 0.008333333333333333 0.008333333333333333
