5 0.7333333333333333 0.9858333333333333 0.011666666666666667 0.011666666666666667
5 0.8175 0.4766666666666667 0.01 0.008333333333333333
5 0.9491666666666667 0.5925 0.013333333333333334 0.013333333333333334
5 0.905 0.39916666666666667 0.015 0.016666666666666666
5 0.06166666666666667 0.8925 0.006666666666666667 0.006666666666666667
5 0.6233333333333333 0.5741666666666667 0.008333333333333333 0.008333333333333333
5 0.5275 0.6508333333333334 0.006666666666666667 0.006666666666666667
5 0.39666666666666667 0.16833333333333333 0.013333333333333334 0.025
5 0.2525 0.5941666666666666 0.011666666666666667 0.011666666666666667
5 0.06916666666666667 0.010833333333333334 0.011666666666666667 0.011666666666666667
5 0.7975 0.9558333333333333 0.016666666666666666 0.018333333333333333
5 0.8641666666666666 0.8916666666666667 0.01 0.011666666666666667
5 0.3408333333333333 0.3458333333333333 0.008333333333333333 0.008333333333333333
5 0.1025 0.3225 0.008333333333333333 0.006666666666666667
5 0.8666666666666667 0.915 0.013333333333333334 0.011666666666666667
5 0.3358333333333333 0.3333333333333333 0.015 0.021666666666666667
0 0.5875 0.8383333333333334 0.008333333333333333 0.01
