5 0.4583333333333333 0.23833333333333334 0.016666666666666666 0.015
5 0.20166666666666666 0.8791666666666667 0.015 0.015
5 0.2125 0.7575 0.006666666666666667 0.008333333333333333
5 0.6716666666666666 0.19416666666666665 0.008333333333333333 0.008333333333333333
5 0.315 0.7566666666666667 0.008333333333333333 0.01
5 0.7608333333333334 0.21 0.0033333333333333335 0.005
5 0.2675 0.4375 0.011666666666666667 0.011666666666666667
5 0.7933333333333333 0.32083333333333336 0.008333333333333333 0.008333333333333333
5 0.24666666666666667 0.6075 0.011666666666666667 0.011666666666666667
5 0.08333333333333333 0.6233333333333333 0.006666666666666667 0.008333333333333333
0 0.7191666666666666 0.32916666666666666 0.015 0.018333333333333333
