2.0 0.8189416666666667 0.3376403947734223 0.07745 0.09313594662218516
2.0 0.21693333333333337 0.1569398109535724 0.09286666666666667 0.08479566305254378
2.0 0.340525 0.7261641645815957 0.09561666666666667 0.08340283569641367
0 0.07666666666666666 0.7408333333333333 0.045 0.041666666666666664
0 0.11166666666666666 0.5658333333333333 0.021666666666666667 0.025
0 0.051666666666666666 0.15833333333333333 0.016666666666666666 0.016666666666666666
0 0.1375 0.16416666666666666 0.01 0.011666666666666667
0 0.8616666666666667 0.7208333333333333 0.02 0.02
0 0.9408333333333333 0.09666666666666666 0.01 0.011666666666666667
0 0.8225 0.24833333333333332 0.016666666666666666 0.016666666666666666
