5 0.44166666666666665 0.35 0.006666666666666667 0.008333333333333333
5 0.3983333333333333 0.605 0.013333333333333334 0.013333333333333334
5 0.7541666666666667 0.6733333333333333 0.008333333333333333 0.008333333333333333
5 0.37333333333333335 0.24416666666666667 0.006666666666666667 0.006666666666666667
5 0.24166666666666667 0.5091666666666667 0.006666666666666667 0.008333333333333333
5 0.8583333333333333 0.2675 0.01 0.008333333333333333
5 0.8233333333333334 0.18166666666666667 0.01 0.011666666666666667
5 0.6133333333333333 0.815 0.015 0.016666666666666666
5 0.51 0.4275 0.008333333333333333 0.01
5 0.36333333333333334 0.59 0.011666666666666667 0.015
5 0.6908333333333333 0.2325 0.02 0.02
5 0.5266666666666666 0.8516666666666667 0.008333333333333333 0.008333333333333333
5 0.7175 0.2758333333333333 0.013333333333333334 0.011666666666666667
5 0.6366666666666667 0.26916666666666667 0.01 0.01
5 0.20416666666666666 0.04083333333333333 0.008333333333333333 0.008333333333333333
5 0.7458333333333333 0.8683333333333333 0.01 0.008333333333333333
5 0.5925 0.5216666666666666 0.008333333333333333 0.008333333333333333
5 0.6166666666666667 0.31916666666666665 0.015 0.015
