5.0 0.14859999999999998 0.8294333333333335 0.0077 0.007575
5.0 0.5331166666666667 0.41114166666666674 0.01085 0.011333333333333332
5.0 0.9772333333333334 0.7500083333333334 0.009975000000000001 0.012191666666666667
4.0 0.8508 0.1191583333333334 0.10049999999999999 0.0516
4.0 0.3624166666666666 0.4038333333333334 0.051491666666666665 0.11060833333333332
4.0 0.19614166666666666 0.8053083333333334 0.11238333333333335 0.062275000000000004
5 0.81 0.37333333333333335 0.011666666666666667 0.01
5 0.8991666666666667 0.3616666666666667 0.008333333333333333 0.006666666666666667
5 0.005833333333333334 0.4241666666666667 0.01 0.01
5 0.025833333333333333 0.4058333333333333 0.008333333333333333 0.01
5 0.15166666666666667 0.0375 0.011666666666666667 0.011666666666666667
5 0.058333333333333334 0.85 0.013333333333333334 0.013333333333333334
5 0.021666666666666667 0.4766666666666667 0.016666666666666666 0.018333333333333333
5 0.145 0.6083333333333333 0.015 0.013333333333333334
