5 0.9375 0.12166666666666667 0.01 0.008333333333333333
5 0.5575 0.7741666666666667 0.013333333333333334 0.015
5 0.36 0.43916666666666665 0.006666666666666667 0.006666666666666667
5 0.78 0.12166666666666667 0.011666666666666667 0.011666666666666667
5 0.38 0.32 0.011666666666666667 0.01
5 0.14416666666666667 0.4841666666666667 0.008333333333333333 0.008333333333333333
5 0.31083333333333335 0.2775 0.008333333333333333 0.008333333333333333
5 0.09666666666666666 0.2975 0.008333333333333333 0.008333333333333333
5 0.7841666666666667 0.7775 0.01 0.01
5 0.07 0.7725 0.013333333333333334 0.013333333333333334
5 0.0325 0.9516666666666667 0.01 0.01
5 0.23583333333333334 0.5008333333333334 0.006666666666666667 0.006666666666666667
5 0.7533333333333333 0.88 0.006666666666666667 0.006666666666666667
5 0.3325 0.22416666666666665 0.013333333333333334 0.011666666666666667
5 0.485 0.12583333333333332 0.008333333333333333 0.008333333333333333
5 0.09083333333333334 0.9466666666666667 0.016666666666666666 0.018333333333333333
5 0.4266666666666667 0.5575 0.006666666666666667 0.006666666666666667
5 0.7275 0.8475 0.008333333333333333 0.008333333333333333
5 0.5783333333333334 0.8033333333333333 0.01 0.01
