5 0.8875 0.11833333333333333 0.015 0.013333333333333334
5 0.37666666666666665 0.75 0.015 0.018333333333333333
5 0.545 0.505 0.01 0.008333333333333333
5 0.0775 0.25 0.008333333333333333 0.008333333333333333
5 0.6858333333333333 0.96 0.013333333333333334 0.013333333333333334
0 0.8958333333333334 0.8891666666666667 0.015 0.013333333333333334
0 0.6266666666666667 0.8991666666666667 0.015 0.015
6 0.6941666666666667 0.7666666666666667 0.051666666666666666 0.025
6 0.5625 0.9341666666666667 0.03 0.13083333333333333
6 0.5491666666666667 0.4241666666666667 0.043333333333333335 0.12833333333333333
6 0.15916666666666668 0.30416666666666664 0.08 0.3933333333333333
