2.0 0.13499166666666668 0.21045454545454545 0.13731666666666667 0.05281901584653878
2.0 0.85505 0.27092160133444537 0.10520833333333333 0.07089241034195162
2.0 0.29469999999999996 0.7331150959132611 0.06229166666666667 0.09174311926605505
5 0.36083333333333334 0.44583333333333336 0.006666666666666667 0.008333333333333333
5 0.48083333333333333 0.46416666666666667 0.016666666666666666 0.015
5 0.21 0.18583333333333332 0.011666666666666667 0.01
5 0.3308333333333333 0.17666666666666667 0.008333333333333333 0.008333333333333333
5 0.5308333333333334 0.07666666666666666 0.011666666666666667 0.015
5 0.07916666666666666 0.6608333333333334 0.013333333333333334 0.025
5 0.67 0.10333333333333333 0.006666666666666667 0.006666666666666667
5 0.09333333333333334 0.7891666666666667 0.016666666666666666 0.015
5 0.0175 0.575 0.01 0.008333333333333333
5 0.945 0.059166666666666666 0.015 0.013333333333333334
5 0.47 0.8733333333333333 0.015 0.021666666666666667
5 0.22 0.4775 0.016666666666666666 0.02
5 0.985 0.46166666666666667 0.011666666666666667 0.011666666666666667
5 0.8233333333333334 0.975 0.008333333333333333 0.008333333333333333
5 0.21666666666666667 0.19666666666666666 0.013333333333333334 0.011666666666666667
5 0.5166666666666667 0.8275 0.008333333333333333 0.006666666666666667
5 0.36833333333333335 0.46416666666666667 0.006666666666666667 0.006666666666666667
0 0.4583333333333333 0.21666666666666667 0.023333333333333334 0.018333333333333333
0 0.205 0.22916666666666666 0.01 0.011666666666666667
0 0.49583333333333335 0.8558333333333333 0.021666666666666667 0.021666666666666667
0 0.43416666666666665 0.5241666666666667 0.013333333333333334 0.013333333333333334
0 0.6508333333333334 0.8325 0.013333333333333334 0.015
0 0.36666666666666664 0.20833333333333334 0.03 0.035
