7.0 0.5325833333333334 0.46553725326661105 0.15805833333333333 0.7297748123436196
5 0.11833333333333333 0.9033333333333333 0.008333333333333333 0.008333333333333333
5 0.16666666666666666 0.04833333333333333 0.006666666666666667 0.006666666666666667
5 0.07833333333333334 0.17916666666666667 0.015 0.013333333333333334
5 0.016666666666666666 0.44 0.013333333333333334 0.011666666666666667
5 0.5533333333333333 0.495 0.0033333333333333335 0.005
5 0.7658333333333334 0.565 0.02 0.016666666666666666
5 0.3725 0.81 0.008333333333333333 0.008333333333333333
5 0.03666666666666667 0.795 0.008333333333333333 0.008333333333333333
5 0.37083333333333335 0.0975 0.02 0.015
5 0.36583333333333334 0.11 0.013333333333333334 0.01
5 0.31666666666666665 0.07916666666666666 0.011666666666666667 0.011666666666666667
5 0.5541666666666667 0.18666666666666668 0.01 0.008333333333333333
5 0.535 0.6941666666666667 0.016666666666666666 0.015
5 0.6941666666666667 0.2925 0.013333333333333334 0.011666666666666667
5 0.19 0.18333333333333332 0.015 0.015
5 0.5058333333333334 0.7958333333333333 0.008333333333333333 0.008333333333333333
5 0.5983333333333334 0.385 0.013333333333333334 0.013333333333333334
5 0.24416666666666667 0.55 0.01 0.01
