5 0.9058333333333334 0.4025 0.013333333333333334 0.013333333333333334
5 0.605 0.46416666666666667 0.008333333333333333 0.01
5 0.3441666666666667 0.9425 0.013333333333333334 0.013333333333333334
5 0.7475 0.9908333333333333 0.01 0.01
5 0.9458333333333333 0.06666666666666667 0.021666666666666667 0.02
0 0.7175 0.07 0.013333333333333334 0.011666666666666667
0 0.19 0.10083333333333333 0.01 0.013333333333333334
0 0.9583333333333334 0.24916666666666668 0.021666666666666667 0.025
0 0.5941666666666666 0.69 0.011666666666666667 0.011666666666666667
0 0.26916666666666667 0.6083333333333333 0.011666666666666667 0.01
0 0.8075 0.985 0.016666666666666666 0.016666666666666666
