5 0.07833333333333334 0.09166666666666666 0.008333333333333333 0.008333333333333333
5 0.32666666666666666 0.605 0.01 0.01
5 0.24833333333333332 0.08916666666666667 0.01 0.01
0 0.14666666666666667 0.4166666666666667 0.025 0.023333333333333334
0 0.5583333333333333 0.3016666666666667 0.021666666666666667 0.018333333333333333
0 0.1575 0.38 0.02666666666666667 0.021666666666666667
0 0.8766666666666667 0.32166666666666666 0.008333333333333333 0.008333333333333333
0 0.08 0.2775 0.011666666666666667 0.013333333333333334
0 0.23833333333333334 0.4716666666666667 0.013333333333333334 0.013333333333333334
0 0.7633333333333333 0.525 0.016666666666666666 0.015
