1.0 0.2017416666666667 0.38219210453155406 0.026591666666666666 0.025904920767306088
1.0 0.7663 0.7704906866833472 0.025916666666666668 0.025054211843202667
1.0 0.6851583333333334 0.28408534890186266 0.03294166666666667 0.034261884904086735
5 0.1875 0.505 0.015 0.018333333333333333
5 0.285 0.685 0.011666666666666667 0.011666666666666667
5 0.7666666666666667 0.9391666666666667 0.008333333333333333 0.008333333333333333
5 0.2783333333333333 0.8675 0.006666666666666667 0.008333333333333333
5 0.5158333333333334 0.4475 0.015 0.013333333333333334
5 0.0325 0.3283333333333333 0.006666666666666667 0.006666666666666667
0 0.6891666666666667 0.034166666666666665 0.016666666666666666 0.018333333333333333
0 0.09333333333333334 0.9208333333333333 0.013333333333333334 0.015
0 0.6758333333333333 0.8116666666666666 0.023333333333333334 0.02
0 0.17166666666666666 0.225 0.013333333333333334 0.011666666666666667
0 0.9041666666666667 0.47 0.02 0.021666666666666667
0 0.44583333333333336 0.7316666666666667 0.013333333333333334 0.011666666666666667
0 0.6283333333333333 0.7783333333333333 0.013333333333333334 0.011666666666666667
0 0.7341666666666666 0.06916666666666667 0.016666666666666666 0.015
0 0.7508333333333334 0.895 0.016666666666666666 0.015
