5.0 0.4942916666666667 0.7903416666666667 0.016050000000000002 0.015341666666666667
1.0 0.9423166666666667 0.8628333333333335 0.03826666666666667 0.038
1.0 0.10065000000000004 0.12413333333333337 0.044675 0.045625
5.0 0.16060833333333335 0.1647916666666667 0.015075 0.0158
5 0.6625 0.7416666666666667 0.006666666666666667 0.006666666666666667
5 0.9 0.2808333333333333 0.011666666666666667 0.011666666666666667
0 0.5558333333333333 0.49083333333333334 0.013333333333333334 0.015
0 0.31833333333333336 0.75 0.01 0.01
0 0.5441666666666667 0.6583333333333333 0.013333333333333334 0.015
0 0.11666666666666667 0.0225 0.015 0.013333333333333334
0 0.8058333333333333 0.9341666666666667 0.021666666666666667 0.02
0 0.4091666666666667 0.8633333333333333 0.016666666666666666 0.015
3 0.33916666666666667 0.2 0.11666666666666667 0.175
3 0.8991666666666667 0.47333333333333333 0.0875 0.06666666666666667
