5 0.9075 0.0575 0.01 0.011666666666666667
5 0.7825 0.9558333333333333 0.01 0.01
5 0.8375 0.6716666666666666 0.016666666666666666 0.015
5 0.26916666666666667 0.4058333333333333 0.006666666666666667 0.008333333333333333
5 0.4608333333333333 0.36916666666666664 0.013333333333333334 0.011666666666666667
5 0.6383333333333333 0.5308333333333334 0.023333333333333334 0.021666666666666667
5 0.5416666666666666 0.885 0.008333333333333333 0.006666666666666667
5 0.9591666666666666 0.04833333333333333 0.008333333333333333 0.008333333333333333
5 0.2683333333333333 0.8041666666666667 0.006666666666666667 0.006666666666666667
5 0.0625 0.8658333333333333 0.008333333333333333 0.008333333333333333
5 0.83 0.6891666666666667 0.008333333333333333 0.008333333333333333
5 0.19833333333333333 0.985 0.015 0.016666666666666666
5 0.30916666666666665 0.8383333333333334 0.008333333333333333 0.006666666666666667
5 0.6933333333333334 0.6991666666666667 0.008333333333333333 0.008333333333333333
5 0.11666666666666667 0.8833333333333333 0.008333333333333333 0.008333333333333333
5 0.6175 0.365 0.008333333333333333 0.008333333333333333
5 0.3383333333333333 0.74 0.008333333333333333 0.008333333333333333
5 0.8783333333333333 0.63 0.006666666666666667 0.006666666666666667
5 0.35 0.36833333333333335 0.008333333333333333 0.008333333333333333
