5 0.5375 0.6508333333333334 0.016666666666666666 0.015
5 0.6791666666666667 0.14583333333333334 0.015 0.013333333333333334
5 0.38666666666666666 0.9058333333333334 0.008333333333333333 0.008333333333333333
5 0.4558333333333333 0.7908333333333334 0.018333333333333333 0.025
5 0.5775 0.3641666666666667 0.006666666666666667 0.005
5 0.2275 0.7775 0.006666666666666667 0.005
5 0.8841666666666667 0.68 0.005 0.006666666666666667
5 0.03166666666666667 0.10416666666666667 0.011666666666666667 0.011666666666666667
5 0.6858333333333333 0.10333333333333333 0.006666666666666667 0.008333333333333333
5 0.81 0.9508333333333333 0.008333333333333333 0.008333333333333333
0 0.25 0.10166666666666667 0.025 0.04833333333333333
0 0.7291666666666666 0.9491666666666667 0.01 0.01
0 0.8425 0.7633333333333333 0.021666666666666667 0.025
0 0.87 0.335 0.016666666666666666 0.016666666666666666
