5 0.08833333333333333 0.4866666666666667 0.01 0.011666666666666667
5 0.04416666666666667 0.56 0.016666666666666666 0.015
5 0.6158333333333333 0.825 0.01 0.008333333333333333
5 0.5358333333333334 0.45166666666666666 0.013333333333333334 0.013333333333333334
5 0.6 0.875 0.008333333333333333 0.01
5 0.44583333333333336 0.014166666666666666 0.015 0.013333333333333334
5 0.655 0.09666666666666666 0.01 0.008333333333333333
5 0.4766666666666667 0.5441666666666667 0.011666666666666667 0.015
0 0.10166666666666667 0.7966666666666666 0.013333333333333334 0.015
0 0.6658333333333334 0.19916666666666666 0.023333333333333334 0.025
0 0.7066666666666667 0.043333333333333335 0.021666666666666667 0.023333333333333334
0 0.245 0.6441666666666667 0.023333333333333334 0.021666666666666667
