5 0.8616666666666667 0.8133333333333334 0.015 0.015
5 0.5383333333333333 0.9158333333333334 0.016666666666666666 0.015
5 0.6983333333333334 0.8191666666666667 0.01 0.01
5 0.17 0.4475 0.013333333333333334 0.011666666666666667
5 0.595 0.18083333333333335 0.015 0.015
5 0.5775 0.855 0.006666666666666667 0.006666666666666667
5 0.3625 0.49166666666666664 0.011666666666666667 0.015
5 0.8066666666666666 0.6591666666666667 0.013333333333333334 0.013333333333333334
5 0.3491666666666667 0.4725 0.011666666666666667 0.011666666666666667
5 0.4508333333333333 0.07666666666666666 0.008333333333333333 0.008333333333333333
5 0.8333333333333334 0.9158333333333334 0.016666666666666666 0.015
5 0.06583333333333333 0.6891666666666667 0.008333333333333333 0.008333333333333333
5 0.9441666666666667 0.11083333333333334 0.008333333333333333 0.008333333333333333
5 0.495 0.8258333333333333 0.02 0.018333333333333333
5 0.4275 0.8383333333333334 0.008333333333333333 0.008333333333333333
5 0.6225 0.44666666666666666 0.015 0.016666666666666666
5 0.72 0.025 0.016666666666666666 0.02
0 0.685 0.4791666666666667 0.02666666666666667 0.023333333333333334
0 0.8558333333333333 0.9558333333333333 0.013333333333333334 0.011666666666666667
