5 0.985 0.19416666666666665 0.013333333333333334 0.01
5 0.23 0.0575 0.006666666666666667 0.008333333333333333
5 0.43583333333333335 0.8008333333333333 0.016666666666666666 0.015
5 0.945 0.5833333333333334 0.008333333333333333 0.008333333333333333
5 0.5916666666666667 0.14416666666666667 0.015 0.015
5 0.4325 0.6966666666666667 0.013333333333333334 0.015
5 0.8716666666666667 0.9408333333333333 0.01 0.01
5 0.6208333333333333 0.2425 0.015 0.013333333333333334
5 0.08833333333333333 0.11416666666666667 0.008333333333333333 0.008333333333333333
5 0.0075 0.4975 0.013333333333333334 0.013333333333333334
5 0.8791666666666667 0.4583333333333333 0.018333333333333333 0.021666666666666667
0 0.5591666666666667 0.19833333333333333 0.016666666666666666 0.023333333333333334
0 0.6916666666666667 0.9075 0.023333333333333334 0.018333333333333333
0 0.8916666666666667 0.5941666666666666 0.01 0.013333333333333334
0 0.5725 0.7991666666666667 0.013333333333333334 0.015
0 0.8908333333333334 0.25166666666666665 0.023333333333333334 0.023333333333333334
0 0.9008333333333334 0.8066666666666666 0.023333333333333334 0.018333333333333333
0 0.895 0.6125 0.021666666666666667 0.021666666666666667
