1.0 0.2066916666666667 0.4311982207395051 0.025325 0.025404503753127607
1.0 0.6898916666666667 0.33402557686961354 0.032433333333333335 0.0334278565471226
1.0 0.7709333333333334 0.8191965526827912 0.0244 0.02585487906588824
5 0.44333333333333336 0.8075 0.008333333333333333 0.008333333333333333
5 0.15583333333333332 0.5483333333333333 0.013333333333333334 0.015
5 0.5375 0.5783333333333334 0.01 0.01
5 0.3575 0.685 0.01 0.011666666666666667
5 0.6016666666666667 0.985 0.008333333333333333 0.008333333333333333
5 0.06 0.30666666666666664 0.02 0.018333333333333333
5 0.195 0.9266666666666666 0.006666666666666667 0.005
5 0.5808333333333333 0.215 0.016666666666666666 0.015
5 0.74 0.050833333333333335 0.011666666666666667 0.011666666666666667
5 0.7466666666666667 0.43666666666666665 0.018333333333333333 0.018333333333333333
5 0.4741666666666667 0.08916666666666667 0.011666666666666667 0.011666666666666667
5 0.8525 0.17333333333333334 0.015 0.013333333333333334
5 0.8766666666666667 0.04583333333333333 0.008333333333333333 0.008333333333333333
5 0.7433333333333333 0.0775 0.008333333333333333 0.008333333333333333
5 0.8383333333333334 0.6683333333333333 0.008333333333333333 0.008333333333333333
5 0.3575 0.6208333333333333 0.006666666666666667 0.006666666666666667
5 0.5708333333333333 0.6866666666666666 0.008333333333333333 0.008333333333333333
5 0.5891666666666666 0.2916666666666667 0.015 0.013333333333333334
