5 0.415 0.42833333333333334 0.008333333333333333 0.008333333333333333
5 0.9425 0.44333333333333336 0.008333333333333333 0.005
5 0.4025 0.2525 0.013333333333333334 0.015
5 0.6041666666666666 0.43333333333333335 0.0033333333333333335 0.005
5 0.1175 0.485 0.008333333333333333 0.008333333333333333
5 0.8825 0.9016666666666666 0.008333333333333333 0.008333333333333333
5 0.6433333333333333 0.12833333333333333 0.006666666666666667 0.008333333333333333
5 0.10166666666666667 0.20166666666666666 0.016666666666666666 0.015
5 0.3125 0.21833333333333332 0.01 0.01
5 0.37416666666666665 0.2275 0.006666666666666667 0.006666666666666667
5 0.03916666666666667 0.385 0.008333333333333333 0.008333333333333333
5 0.31583333333333335 0.4083333333333333 0.013333333333333334 0.011666666666666667
5 0.6125 0.4375 0.008333333333333333 0.008333333333333333
5 0.45 0.415 0.008333333333333333 0.008333333333333333
5 0.25833333333333336 0.9658333333333333 0.008333333333333333 0.008333333333333333
