5 0.5275 0.565 0.016666666666666666 0.018333333333333333
5 0.18416666666666667 0.855 0.02 0.016666666666666666
5 0.7008333333333333 0.14583333333333334 0.01 0.01
5 0.8758333333333334 0.215 0.016666666666666666 0.015
5 0.3516666666666667 0.39666666666666667 0.015 0.013333333333333334
5 0.9225 0.4791666666666667 0.008333333333333333 0.008333333333333333
5 0.99 0.38416666666666666 0.011666666666666667 0.011666666666666667
5 0.34 0.5508333333333333 0.01 0.01
5 0.3575 0.8058333333333333 0.008333333333333333 0.008333333333333333
5 0.07333333333333333 0.8566666666666667 0.011666666666666667 0.011666666666666667
5 0.115 0.5233333333333333 0.008333333333333333 0.008333333333333333
5 0.08833333333333333 0.2733333333333333 0.008333333333333333 0.006666666666666667
5 0.14916666666666667 0.9825 0.013333333333333334 0.013333333333333334
5 0.565 0.7625 0.013333333333333334 0.013333333333333334
5 0.37083333333333335 0.6491666666666667 0.023333333333333334 0.021666666666666667
5 0.95 0.205 0.01 0.011666666666666667
5 0.775 0.2991666666666667 0.006666666666666667 0.005
0 0.59 0.019166666666666665 0.01 0.011666666666666667
0 0.18 0.4841666666666667 0.01 0.011666666666666667
