5 0.5358333333333334 0.8833333333333333 0.01 0.01
5 0.3675 0.59 0.008333333333333333 0.008333333333333333
5 0.9058333333333334 0.3425 0.018333333333333333 0.016666666666666666
5 0.21416666666666667 0.44416666666666665 0.013333333333333334 0.011666666666666667
5 0.025 0.43416666666666665 0.013333333333333334 0.013333333333333334
5 0.9875 0.6441666666666667 0.013333333333333334 0.013333333333333334
5 0.7541666666666667 0.25666666666666665 0.01 0.01
5 0.76 0.815 0.013333333333333334 0.015
5 0.5775 0.24 0.015 0.018333333333333333
5 0.6916666666666667 0.3525 0.008333333333333333 0.008333333333333333
5 0.94 0.7258333333333333 0.016666666666666666 0.015
5 0.04 0.36916666666666664 0.008333333333333333 0.008333333333333333
5 0.8191666666666667 0.5033333333333333 0.013333333333333334 0.011666666666666667
5 0.8933333333333333 0.9375 0.006666666666666667 0.01
5 0.9483333333333334 0.0625 0.01 0.01
5 0.7808333333333334 0.4083333333333333 0.008333333333333333 0.008333333333333333
5 0.8758333333333334 0.9275 0.013333333333333334 0.011666666666666667
5 0.8008333333333333 0.69 0.006666666666666667 0.006666666666666667
5 0.8358333333333333 0.48 0.011666666666666667 0.015
0 0.45916666666666667 0.955 0.023333333333333334 0.023333333333333334
0 0.5716666666666667 0.019166666666666665 0.023333333333333334 0.021666666666666667
0 0.7766666666666666 0.2975 0.02 0.025
0 0.8575 0.7208333333333333 0.013333333333333334 0.015
0 0.24833333333333332 0.27166666666666667 0.016666666666666666 0.016666666666666666
0 0.5433333333333333 0.8775 0.015 0.02
0 0.016666666666666666 0.4825 0.02 0.028333333333333332
0 0.7933333333333333 0.30083333333333334 0.015 0.015
0 0.5316666666666666 0.38083333333333336 0.021666666666666667 0.021666666666666667
