5 0.625 0.945 0.018333333333333333 0.021666666666666667
5 0.8975 0.75 0.016666666666666666 0.015
5 0.7775 0.6941666666666667 0.018333333333333333 0.018333333333333333
5 0.8483333333333334 0.9475 0.008333333333333333 0.008333333333333333
5 0.7641666666666667 0.5483333333333333 0.011666666666666667 0.01
5 0.9325 0.52 0.01 0.01
5 0.3433333333333333 0.19083333333333333 0.011666666666666667 0.011666666666666667
5 0.98 0.7491666666666666 0.01 0.011666666666666667
5 0.05333333333333334 0.49166666666666664 0.008333333333333333 0.01
5 0.805 0.7941666666666667 0.01 0.01
5 0.5816666666666667 0.8966666666666666 0.013333333333333334 0.013333333333333334
5 0.3725 0.7533333333333333 0.006666666666666667 0.006666666666666667
