5 0.4525 0.060833333333333336 0.008333333333333333 0.008333333333333333
5 0.9766666666666667 0.8941666666666667 0.016666666666666666 0.018333333333333333
5 0.8341666666666666 0.6475 0.013333333333333334 0.011666666666666667
5 0.2425 0.3175 0.006666666666666667 0.006666666666666667
5 0.3383333333333333 0.9533333333333334 0.006666666666666667 0.006666666666666667
5 0.47333333333333333 0.7516666666666667 0.008333333333333333 0.008333333333333333
5 0.035 0.8633333333333333 0.013333333333333334 0.016666666666666666
5 0.5791666666666667 0.6625 0.013333333333333334 0.01
5 0.4041666666666667 0.06166666666666667 0.006666666666666667 0.006666666666666667
5 0.16 0.425 0.015 0.013333333333333334
5 0.9583333333333334 0.595 0.013333333333333334 0.015
5 0.905 0.16583333333333333 0.015 0.013333333333333334
5 0.1175 0.5158333333333334 0.008333333333333333 0.008333333333333333
5 0.7516666666666667 0.6708333333333333 0.01 0.011666666666666667
5 0.5075 0.215 0.01 0.011666666666666667
5 0.8 0.9775 0.015 0.013333333333333334
5 0.8983333333333333 0.3383333333333333 0.013333333333333334 0.013333333333333334
5 0.6108333333333333 0.38166666666666665 0.016666666666666666 0.015
