5 0.6233333333333333 0.41333333333333333 0.006666666666666667 0.008333333333333333
5 0.4525 0.7466666666666667 0.008333333333333333 0.006666666666666667
5 0.6283333333333333 0.8433333333333334 0.01 0.008333333333333333
5 0.8816666666666667 0.8258333333333333 0.01 0.01
5 0.41833333333333333 0.9075 0.013333333333333334 0.011666666666666667
5 0.7108333333333333 0.9191666666666667 0.008333333333333333 0.008333333333333333
5 0.11916666666666667 0.6616666666666666 0.01 0.011666666666666667
5 0.5466666666666666 0.9666666666666667 0.01 0.01
5 0.42916666666666664 0.8741666666666666 0.016666666666666666 0.015
5 0.48333333333333334 0.43583333333333335 0.015 0.018333333333333333
