5 0.07583333333333334 0.16166666666666665 0.006666666666666667 0.008333333333333333
5 0.9 0.05583333333333333 0.011666666666666667 0.011666666666666667
5 0.29 0.4025 0.008333333333333333 0.008333333333333333
5 0.5816666666666667 0.2725 0.008333333333333333 0.008333333333333333
5 0.75 0.19 0.013333333333333334 0.015
5 0.7633333333333333 0.35083333333333333 0.008333333333333333 0.008333333333333333
5 0.5691666666666667 0.81 0.016666666666666666 0.018333333333333333
5 0.42 0.8108333333333333 0.01 0.01
5 0.395 0.405 0.008333333333333333 0.008333333333333333
5 0.7141666666666666 0.6575 0.013333333333333334 0.011666666666666667
5 0.91 0.7483333333333333 0.011666666666666667 0.011666666666666667
5 0.1325 0.7166666666666667 0.013333333333333334 0.013333333333333334
