5 0.9258333333333333 0.9366666666666666 0.013333333333333334 0.011666666666666667
5 0.15166666666666667 0.8491666666666666 0.008333333333333333 0.006666666666666667
5 0.98 0.21416666666666667 0.018333333333333333 0.016666666666666666
5 0.83 0.7883333333333333 0.008333333333333333 0.008333333333333333
5 0.2991666666666667 0.6033333333333334 0.015 0.013333333333333334
5 0.4266666666666667 0.4825 0.008333333333333333 0.008333333333333333
5 0.10833333333333334 0.4375 0.015 0.011666666666666667
5 0.8308333333333333 0.4775 0.02 0.016666666666666666
5 0.84 0.9083333333333333 0.013333333333333334 0.013333333333333334
5 0.2891666666666667 0.9725 0.008333333333333333 0.008333333333333333
5 0.6641666666666667 0.5908333333333333 0.016666666666666666 0.015
5 0.06916666666666667 0.7733333333333333 0.013333333333333334 0.011666666666666667
5 0.1675 0.305 0.01 0.011666666666666667
