5 0.38 0.07333333333333333 0.008333333333333333 0.008333333333333333
5 0.8241666666666667 0.805 0.02 0.016666666666666666
5 0.9758333333333333 0.11333333333333333 0.02 0.021666666666666667
5 0.01 0.8641666666666666 0.008333333333333333 0.01
5 0.5925 0.8191666666666667 0.008333333333333333 0.01
5 0.4058333333333333 0.09083333333333334 0.018333333333333333 0.021666666666666667
5 0.2125 0.9908333333333333 0.015 0.0175
5 0.4691666666666667 0.5466666666666666 0.013333333333333334 0.011666666666666667
5 0.945 0.7308333333333333 0.01 0.01
5 0.31916666666666665 0.5633333333333334 0.008333333333333333 0.008333333333333333
5 0.55 0.575 0.008333333333333333 0.008333333333333333
5 0.19916666666666666 0.21916666666666668 0.013333333333333334 0.011666666666666667
5 0.35583333333333333 0.55 0.016666666666666666 0.018333333333333333
5 0.25666666666666665 0.92 0.013333333333333334 0.011666666666666667
5 0.43083333333333335 0.235 0.011666666666666667 0.01
