5 0.8925 0.30666666666666664 0.016666666666666666 0.015
5 0.8925 0.9733333333333334 0.008333333333333333 0.008333333333333333
5 0.4275 0.7716666666666666 0.008333333333333333 0.008333333333333333
5 0.8866666666666667 0.14833333333333334 0.008333333333333333 0.008333333333333333
5 0.49333333333333335 0.62 0.006666666666666667 0.008333333333333333
5 0.08083333333333333 0.7183333333333334 0.013333333333333334 0.013333333333333334
5 0.5541666666666667 0.5483333333333333 0.013333333333333334 0.011666666666666667
5 0.9166666666666666 0.49666666666666665 0.015 0.018333333333333333
5 0.9658333333333333 0.11583333333333333 0.021666666666666667 0.021666666666666667
5 0.8183333333333334 0.8675 0.013333333333333334 0.015
