8.0 0.20822203196347033 0.5571956087824352 0.24017123287671233 0.4959965782720274
8.0 0.5096090182648403 0.6622597661819218 0.3224058219178082 0.2578699743370402
5 0.7766666666666666 0.4583333333333333 0.01 0.01
5 0.4633333333333333 0.9691666666666666 0.01 0.01
5 0.25833333333333336 0.6583333333333333 0.008333333333333333 0.008333333333333333
5 0.2916666666666667 0.8583333333333333 0.01 0.011666666666666667
5 0.7658333333333334 0.9708333333333333 0.01 0.01
5 0.18416666666666667 0.6366666666666667 0.015 0.013333333333333334
5 0.8683333333333333 0.06666666666666667 0.016666666666666666 0.015
5 0.20583333333333334 0.6325 0.015 0.016666666666666666
5 0.1925 0.25416666666666665 0.011666666666666667 0.011666666666666667
5 0.08416666666666667 0.1725 0.008333333333333333 0.008333333333333333
5 0.33916666666666667 0.7233333333333334 0.011666666666666667 0.011666666666666667
5 0.9308333333333333 0.8491666666666666 0.011666666666666667 0.011666666666666667
5 0.059166666666666666 0.16833333333333333 0.015 0.015
5 0.7583333333333333 0.14083333333333334 0.008333333333333333 0.008333333333333333
5 0.3933333333333333 0.6583333333333333 0.011666666666666667 0.01
5 0.23416666666666666 0.9633333333333334 0.01 0.01
5 0.9675 0.3358333333333333 0.013333333333333334 0.013333333333333334
5 0.12833333333333333 0.8266666666666667 0.016666666666666666 0.011666666666666667
5 0.11083333333333334 0.13666666666666666 0.013333333333333334 0.013333333333333334
0 0.28833333333333333 0.4825 0.01 0.01
0 0.33916666666666667 0.5633333333333334 0.011666666666666667 0.011666666666666667
0 0.21 0.6425 0.01 0.01
0 0.5966666666666667 0.0325 0.025 0.02
