5 0.665 0.9616666666666667 0.011666666666666667 0.011666666666666667
5 0.3541666666666667 0.765 0.01 0.01
5 0.7975 0.35083333333333333 0.015 0.011666666666666667
5 0.4508333333333333 0.84 0.006666666666666667 0.006666666666666667
5 0.5841666666666666 0.4375 0.008333333333333333 0.008333333333333333
5 0.31416666666666665 0.4033333333333333 0.021666666666666667 0.021666666666666667
5 0.0875 0.21083333333333334 0.006666666666666667 0.006666666666666667
5 0.3625 0.1375 0.016666666666666666 0.016666666666666666
5 0.255 0.9391666666666667 0.006666666666666667 0.006666666666666667
5 0.99 0.8266666666666667 0.011666666666666667 0.011666666666666667
5 0.14416666666666667 0.6116666666666667 0.013333333333333334 0.01
5 0.7816666666666666 0.155 0.006666666666666667 0.006666666666666667
5 0.285 0.16333333333333333 0.01 0.01
0 0.05 0.7441666666666666 0.015 0.02
0 0.5675 0.5975 0.008333333333333333 0.008333333333333333
0 0.8041666666666667 0.9708333333333333 0.013333333333333334 0.015
0 0.1375 0.9891666666666666 0.011666666666666667 0.013333333333333334
