1.0 0.09889166666666661 0.11259166666666665 0.044725 0.0455
1.0 0.9405166666666666 0.8521333333333332 0.03870833333333334 0.038391666666666664
5 0.16583333333333333 0.08666666666666667 0.01 0.011666666666666667
5 0.62 0.24916666666666668 0.01 0.01
5 0.3358333333333333 0.8575 0.011666666666666667 0.008333333333333333
5 0.26 0.1275 0.011666666666666667 0.011666666666666667
5 0.08583333333333333 0.7958333333333333 0.018333333333333333 0.021666666666666667
5 0.5258333333333334 0.47333333333333333 0.013333333333333334 0.013333333333333334
5 0.0825 0.8608333333333333 0.008333333333333333 0.008333333333333333
5 0.7716666666666666 0.9891666666666666 0.006666666666666667 0.006666666666666667
5 0.2625 0.5283333333333333 0.008333333333333333 0.008333333333333333
5 0.6183333333333333 0.5408333333333334 0.013333333333333334 0.015
5 0.275 0.11333333333333333 0.018333333333333333 0.016666666666666666
5 0.5641666666666667 0.9033333333333333 0.006666666666666667 0.008333333333333333
5 0.39416666666666667 0.5083333333333333 0.015 0.011666666666666667
5 0.815 0.07666666666666666 0.008333333333333333 0.008333333333333333
5 0.8625 0.95 0.011666666666666667 0.01
5 0.7958333333333333 0.41333333333333333 0.006666666666666667 0.006666666666666667
5 0.61 0.8241666666666667 0.008333333333333333 0.008333333333333333
0 0.02 0.43833333333333335 0.021666666666666667 0.023333333333333334
0 0.06583333333333333 0.6183333333333333 0.01 0.015
0 0.37333333333333335 0.6075 0.023333333333333334 0.02666666666666667
