5 0.34833333333333333 0.6758333333333333 0.015 0.016666666666666666
5 0.5108333333333334 0.17083333333333334 0.008333333333333333 0.006666666666666667
5 0.19666666666666666 0.7575 0.015 0.016666666666666666
5 0.7716666666666666 0.9416666666666667 0.018333333333333333 0.018333333333333333
5 0.39416666666666667 0.815 0.008333333333333333 0.008333333333333333
5 0.13583333333333333 0.5566666666666666 0.006666666666666667 0.008333333333333333
5 0.9483333333333334 0.5791666666666667 0.011666666666666667 0.013333333333333334
5 0.12583333333333332 0.08833333333333333 0.008333333333333333 0.01
5 0.065 0.9625 0.013333333333333334 0.011666666666666667
5 0.035 0.505 0.006666666666666667 0.006666666666666667
5 0.44083333333333335 0.07 0.016666666666666666 0.018333333333333333
5 0.15833333333333333 0.3958333333333333 0.008333333333333333 0.006666666666666667
0 0.030833333333333334 0.165 0.02 0.021666666666666667
0 0.5941666666666666 0.8958333333333334 0.008333333333333333 0.015
0 0.12833333333333333 0.7191666666666666 0.011666666666666667 0.015
0 0.5808333333333333 0.6075 0.018333333333333333 0.015
0 0.6608333333333334 0.17083333333333334 0.011666666666666667 0.013333333333333334
0 0.37916666666666665 0.5916666666666667 0.02 0.018333333333333333
0 0.40166666666666667 0.3825 0.015 0.015
