5 0.09916666666666667 0.6683333333333333 0.006666666666666667 0.006666666666666667
5 0.49416666666666664 0.24333333333333335 0.011666666666666667 0.011666666666666667
5 0.6483333333333333 0.056666666666666664 0.013333333333333334 0.016666666666666666
5 0.59 0.3333333333333333 0.008333333333333333 0.008333333333333333
5 0.6125 0.05583333333333333 0.011666666666666667 0.011666666666666667
5 0.06666666666666667 0.04666666666666667 0.018333333333333333 0.016666666666666666
5 0.165 0.20083333333333334 0.016666666666666666 0.035
5 0.7375 0.9691666666666666 0.01 0.011666666666666667
5 0.19166666666666668 0.6208333333333333 0.016666666666666666 0.015
5 0.18 0.9416666666666667 0.008333333333333333 0.006666666666666667
