7.0 0.5418833333333334 0.48166180150125104 0.15110833333333334 0.724211843202669
5 0.016666666666666666 0.8716666666666667 0.013333333333333334 0.013333333333333334
5 0.4875 0.16583333333333333 0.013333333333333334 0.011666666666666667
5 0.27416666666666667 0.7741666666666667 0.02 0.02
5 0.6033333333333334 0.365 0.01 0.011666666666666667
5 0.006666666666666667 0.845 0.006666666666666667 0.006666666666666667
5 0.36333333333333334 0.7925 0.011666666666666667 0.01
5 0.5125 0.5408333333333334 0.023333333333333334 0.021666666666666667
5 0.6666666666666666 0.31166666666666665 0.008333333333333333 0.008333333333333333
5 0.029166666666666667 0.7691666666666667 0.01 0.011666666666666667
5 0.47333333333333333 0.4375 0.008333333333333333 0.008333333333333333
5 0.18 0.4083333333333333 0.008333333333333333 0.008333333333333333
5 0.6775 0.66 0.008333333333333333 0.008333333333333333
5 0.9816666666666667 0.48333333333333334 0.015 0.015
5 0.7691666666666667 0.5491666666666667 0.006666666666666667 0.008333333333333333
5 0.0625 0.08833333333333333 0.008333333333333333 0.008333333333333333
5 0.7516666666666667 0.15833333333333333 0.008333333333333333 0.006666666666666667
5 0.6308333333333334 0.8358333333333333 0.013333333333333334 0.013333333333333334
5 0.30833333333333335 0.7808333333333334 0.018333333333333333 0.021666666666666667
