5 0.785 0.1025 0.01 0.01
5 0.8166666666666667 0.3025 0.011666666666666667 0.011666666666666667
5 0.42083333333333334 0.06333333333333334 0.008333333333333333 0.006666666666666667
5 0.25916666666666666 0.5783333333333334 0.015 0.018333333333333333
5 0.42083333333333334 0.35 0.013333333333333334 0.016666666666666666
5 0.3591666666666667 0.4725 0.016666666666666666 0.018333333333333333
5 0.32083333333333336 0.16333333333333333 0.016666666666666666 0.035
5 0.20083333333333334 0.7616666666666667 0.015 0.013333333333333334
5 0.9541666666666667 0.6141666666666666 0.008333333333333333 0.005
5 0.18416666666666667 0.5483333333333333 0.01 0.01
