5 0.7591666666666667 0.8375 0.008333333333333333 0.008333333333333333
0 0.06666666666666667 0.22916666666666666 0.023333333333333334 0.023333333333333334
0 0.6683333333333333 0.6216666666666667 0.02 0.018333333333333333
0 0.6525 0.82 0.013333333333333334 0.016666666666666666
0 0.3025 0.6691666666666667 0.02666666666666667 0.028333333333333332
0 0.9608333333333333 0.6283333333333333 0.018333333333333333 0.02666666666666667
0 0.30833333333333335 0.29083333333333333 0.013333333333333334 0.008333333333333333
0 0.30583333333333335 0.7958333333333333 0.011666666666666667 0.011666666666666667
0 0.1175 0.8558333333333333 0.013333333333333334 0.013333333333333334
0 0.6375 0.6208333333333333 0.01 0.011666666666666667
