8.0 0.29325833333333334 0.5747122602168474 0.3353 0.6538782318598833
5 0.59 0.725 0.011666666666666667 0.015
5 0.4191666666666667 0.9291666666666667 0.008333333333333333 0.008333333333333333
5 0.9025 0.7841666666666667 0.013333333333333334 0.013333333333333334
5 0.55 0.6616666666666666 0.008333333333333333 0.008333333333333333
5 0.315 0.5908333333333333 0.008333333333333333 0.008333333333333333
5 0.415 0.3016666666666667 0.008333333333333333 0.008333333333333333
5 0.7441666666666666 0.4875 0.015 0.013333333333333334
5 0.4658333333333333 0.6533333333333333 0.015 0.015
0 0.8508333333333333 0.7633333333333333 0.011666666666666667 0.013333333333333334
0 0.05416666666666667 0.885 0.016666666666666666 0.015
0 0.29333333333333333 0.58 0.016666666666666666 0.018333333333333333
0 0.7266666666666667 0.8608333333333333 0.03 0.035
0 0.6433333333333333 0.10583333333333333 0.016666666666666666 0.016666666666666666
