5 0.7041666666666667 0.14083333333333334 0.008333333333333333 0.008333333333333333
5 0.5041666666666667 0.5116666666666667 0.023333333333333334 0.021666666666666667
5 0.5691666666666667 0.8175 0.006666666666666667 0.008333333333333333
5 0.475 0.8583333333333333 0.013333333333333334 0.013333333333333334
5 0.09 0.4583333333333333 0.008333333333333333 0.008333333333333333
5 0.8158333333333333 0.49833333333333335 0.008333333333333333 0.008333333333333333
5 0.5958333333333333 0.5816666666666667 0.008333333333333333 0.008333333333333333
5 0.43083333333333335 0.8025 0.01 0.011666666666666667
5 0.605 0.2833333333333333 0.01 0.011666666666666667
5 0.1525 0.675 0.013333333333333334 0.013333333333333334
5 0.53 0.09666666666666666 0.015 0.015
5 0.18333333333333332 0.18416666666666667 0.01 0.008333333333333333
