5 0.7441666666666666 0.49833333333333335 0.011666666666666667 0.011666666666666667
5 0.5875 0.7341666666666666 0.013333333333333334 0.013333333333333334
5 0.9458333333333333 0.39 0.011666666666666667 0.011666666666666667
5 0.37166666666666665 0.8591666666666666 0.006666666666666667 0.006666666666666667
5 0.6225 0.94 0.02 0.016666666666666666
5 0.3825 0.7125 0.013333333333333334 0.011666666666666667
5 0.3283333333333333 0.46166666666666667 0.008333333333333333 0.008333333333333333
5 0.9283333333333333 0.55 0.008333333333333333 0.008333333333333333
5 0.016666666666666666 0.7991666666666667 0.013333333333333334 0.011666666666666667
5 0.8566666666666667 0.8108333333333333 0.008333333333333333 0.008333333333333333
5 0.4558333333333333 0.5258333333333334 0.011666666666666667 0.011666666666666667
5 0.03166666666666667 0.9283333333333333 0.008333333333333333 0.008333333333333333
5 0.6658333333333334 0.42583333333333334 0.018333333333333333 0.016666666666666666
