5 0.05583333333333333 0.8091666666666667 0.016666666666666666 0.018333333333333333
5 0.3908333333333333 0.2125 0.008333333333333333 0.006666666666666667
5 0.6441666666666667 0.6783333333333333 0.02 0.021666666666666667
5 0.25833333333333336 0.22916666666666666 0.013333333333333334 0.011666666666666667
5 0.5283333333333333 0.7958333333333333 0.016666666666666666 0.015
5 0.8483333333333334 0.4575 0.015 0.013333333333333334
5 0.13416666666666666 0.59 0.006666666666666667 0.006666666666666667
5 0.5025 0.6516666666666666 0.011666666666666667 0.01
5 0.8041666666666667 0.3125 0.011666666666666667 0.011666666666666667
5 0.8783333333333333 0.9725 0.013333333333333334 0.013333333333333334
5 0.6825 0.14 0.008333333333333333 0.005
5 0.37333333333333335 0.7875 0.021666666666666667 0.021666666666666667
5 0.9883333333333333 0.58 0.01 0.01
5 0.22333333333333333 0.8591666666666666 0.011666666666666667 0.01
5 0.6983333333333334 0.21333333333333335 0.01 0.01
5 0.06833333333333333 0.17833333333333334 0.008333333333333333 0.008333333333333333
5 0.815 0.6258333333333334 0.008333333333333333 0.008333333333333333
6 0.8041666666666667 0.7116666666666667 0.03333333333333333 0.06166666666666667
6 0.14583333333333334 0.43583333333333335 0.051666666666666666 0.22166666666666668
6 0.6508333333333334 0.9658333333333333 0.03666666666666667 0.06833333333333333
6 0.31666666666666665 0.6333333333333333 0.07333333333333333 0.5783333333333334
