5 0.9158333333333334 0.8016666666666666 0.008333333333333333 0.008333333333333333
5 0.9675 0.011666666666666667 0.008333333333333333 0.008333333333333333
5 0.3858333333333333 0.9191666666666667 0.01 0.01
5 0.5416666666666666 0.5333333333333333 0.008333333333333333 0.008333333333333333
5 0.8341666666666666 0.8966666666666666 0.01 0.008333333333333333
5 0.11166666666666666 0.0075 0.008333333333333333 0.006666666666666667
5 0.9233333333333333 0.30416666666666664 0.01 0.01
5 0.9125 0.29083333333333333 0.006666666666666667 0.006666666666666667
5 0.51 0.0975 0.008333333333333333 0.008333333333333333
5 0.8675 0.25666666666666665 0.008333333333333333 0.008333333333333333
5 0.35833333333333334 0.6141666666666666 0.02 0.016666666666666666
5 0.9466666666666667 0.6333333333333333 0.01 0.01
5 0.42833333333333334 0.285 0.015 0.013333333333333334
5 0.5341666666666667 0.7208333333333333 0.018333333333333333 0.016666666666666666
5 0.9733333333333334 0.5366666666666666 0.013333333333333334 0.015
5 0.7708333333333334 0.0875 0.008333333333333333 0.008333333333333333
6 0.33916666666666667 0.6233333333333333 0.051666666666666666 0.17833333333333334
