5 0.65 0.91 0.013333333333333334 0.013333333333333334
5 0.3225 0.46 0.016666666666666666 0.015
5 0.3283333333333333 0.20166666666666666 0.02 0.016666666666666666
5 0.7525 0.2025 0.021666666666666667 0.02
5 0.2675 0.24666666666666667 0.01 0.008333333333333333
5 0.41833333333333333 0.09833333333333333 0.01 0.01
5 0.1125 0.7908333333333334 0.016666666666666666 0.035
5 0.6425 0.31333333333333335 0.006666666666666667 0.005
5 0.6483333333333333 0.7541666666666667 0.015 0.013333333333333334
5 0.3933333333333333 0.18083333333333335 0.008333333333333333 0.006666666666666667
5 0.7575 0.15583333333333332 0.008333333333333333 0.008333333333333333
5 0.025 0.2708333333333333 0.01 0.008333333333333333
5 0.36333333333333334 0.5825 0.01 0.01
5 0.3283333333333333 0.9125 0.021666666666666667 0.021666666666666667
5 0.37833333333333335 0.9491666666666667 0.006666666666666667 0.005
5 0.5191666666666667 0.8783333333333333 0.006666666666666667 0.008333333333333333
5 0.8666666666666667 0.7366666666666667 0.01 0.01
5 0.245 0.23166666666666666 0.016666666666666666 0.015
