5 0.9216666666666666 0.5416666666666666 0.013333333333333334 0.015
5 0.1075 0.5966666666666667 0.013333333333333334 0.013333333333333334
5 0.4775 0.12416666666666666 0.016666666666666666 0.016666666666666666
5 0.3441666666666667 0.7458333333333333 0.02 0.015
5 0.8133333333333334 0.0975 0.008333333333333333 0.006666666666666667
5 0.6383333333333333 0.043333333333333335 0.011666666666666667 0.011666666666666667
5 0.27416666666666667 0.2725 0.006666666666666667 0.006666666666666667
5 0.49333333333333335 0.07416666666666667 0.008333333333333333 0.006666666666666667
5 0.51 0.575 0.016666666666666666 0.015
5 0.7525 0.42 0.013333333333333334 0.013333333333333334
5 0.63 0.8391666666666666 0.016666666666666666 0.018333333333333333
5 0.5641666666666667 0.2866666666666667 0.011666666666666667 0.011666666666666667
5 0.855 0.805 0.02 0.02
5 0.06916666666666667 0.1325 0.016666666666666666 0.011666666666666667
5 0.6116666666666667 0.5758333333333333 0.015 0.011666666666666667
5 0.8783333333333333 0.12083333333333333 0.008333333333333333 0.01
0 0.9566666666666667 0.2775 0.016666666666666666 0.018333333333333333
0 0.8866666666666667 0.7533333333333333 0.028333333333333332 0.021666666666666667
0 0.93 0.5208333333333334 0.018333333333333333 0.015
0 0.16666666666666666 0.33416666666666667 0.023333333333333334 0.018333333333333333
0 0.6366666666666667 0.2791666666666667 0.013333333333333334 0.013333333333333334
0 0.4266666666666667 0.02 0.008333333333333333 0.011666666666666667
