5 0.6666666666666666 0.8325 0.006666666666666667 0.006666666666666667
5 0.6958333333333333 0.3475 0.01 0.008333333333333333
5 0.1625 0.49583333333333335 0.008333333333333333 0.008333333333333333
5 0.695 0.27666666666666667 0.008333333333333333 0.008333333333333333
5 0.22916666666666666 0.22083333333333333 0.008333333333333333 0.01
5 0.8266666666666667 0.12416666666666666 0.01 0.01
5 0.65 0.4325 0.016666666666666666 0.016666666666666666
5 0.8733333333333333 0.6591666666666667 0.013333333333333334 0.011666666666666667
5 0.43166666666666664 0.8725 0.013333333333333334 0.011666666666666667
5 0.5725 0.13416666666666666 0.008333333333333333 0.008333333333333333
5 0.7033333333333334 0.5058333333333334 0.006666666666666667 0.008333333333333333
5 0.2916666666666667 0.16333333333333333 0.011666666666666667 0.011666666666666667
5 0.9816666666666667 0.5716666666666667 0.006666666666666667 0.008333333333333333
5 0.3325 0.205 0.01 0.008333333333333333
5 0.7991666666666667 0.35333333333333333 0.015 0.011666666666666667
5 0.825 0.25083333333333335 0.008333333333333333 0.008333333333333333
5 0.4708333333333333 0.4633333333333333 0.011666666666666667 0.011666666666666667
5 0.9175 0.04083333333333333 0.015 0.016666666666666666
5 0.325 0.22916666666666666 0.008333333333333333 0.008333333333333333
