4.0 0.31733333333333336 0.25805833333333333 0.07200000000000001 0.08055833333333333
4.0 0.6450750000000001 0.5913916666666666 0.09136666666666667 0.06944166666666667
5 0.1775 0.9483333333333334 0.015 0.013333333333333334
5 0.695 0.7141666666666666 0.01 0.008333333333333333
5 0.2941666666666667 0.5108333333333334 0.01 0.008333333333333333
5 0.49166666666666664 0.9366666666666666 0.01 0.01
5 0.19916666666666666 0.2825 0.015 0.015
5 0.7191666666666666 0.03666666666666667 0.006666666666666667 0.008333333333333333
5 0.8091666666666667 0.23333333333333334 0.011666666666666667 0.01
5 0.3441666666666667 0.8791666666666667 0.008333333333333333 0.01
5 0.20416666666666666 0.49 0.006666666666666667 0.006666666666666667
5 0.42583333333333334 0.305 0.01 0.01
5 0.8483333333333334 0.31666666666666665 0.01 0.01
5 0.6108333333333333 0.07916666666666666 0.013333333333333334 0.013333333333333334
5 0.36833333333333335 0.49833333333333335 0.016666666666666666 0.015
5 0.5375 0.4691666666666667 0.011666666666666667 0.01
5 0.8058333333333333 0.92 0.006666666666666667 0.008333333333333333
5 0.955 0.21 0.018333333333333333 0.016666666666666666
5 0.8766666666666667 0.9533333333333334 0.008333333333333333 0.008333333333333333
5 0.3475 0.17333333333333334 0.005 0.005
