5 0.8966666666666666 0.7791666666666667 0.013333333333333334 0.013333333333333334
5 0.9825 0.5341666666666667 0.01 0.01
5 0.3575 0.6958333333333333 0.008333333333333333 0.006666666666666667
5 0.38916666666666666 0.14083333333333334 0.016666666666666666 0.02
5 0.22333333333333333 0.5725 0.015 0.015
5 0.8333333333333334 0.36916666666666664 0.005 0.006666666666666667
5 0.6033333333333334 0.9016666666666666 0.006666666666666667 0.006666666666666667
5 0.9233333333333333 0.365 0.008333333333333333 0.008333333333333333
5 0.47833333333333333 0.45916666666666667 0.01 0.01
5 0.48083333333333333 0.0625 0.02 0.021666666666666667
5 0.18333333333333332 0.5758333333333333 0.006666666666666667 0.006666666666666667
5 0.2633333333333333 0.6116666666666667 0.01 0.011666666666666667
5 0.7791666666666667 0.9725 0.011666666666666667 0.015
5 0.5525 0.5225 0.006666666666666667 0.006666666666666667
5 0.745 0.7175 0.01 0.011666666666666667
5 0.7091666666666666 0.32083333333333336 0.006666666666666667 0.006666666666666667
5 0.09333333333333334 0.4483333333333333 0.01 0.01
