5 0.3175 0.4091666666666667 0.006666666666666667 0.006666666666666667
5 0.8316666666666667 0.8275 0.008333333333333333 0.008333333333333333
5 0.33666666666666667 0.935 0.008333333333333333 0.008333333333333333
5 0.3525 0.024166666666666666 0.008333333333333333 0.008333333333333333
5 0.505 0.7775 0.008333333333333333 0.006666666666666667
5 0.07666666666666666 0.2941666666666667 0.015 0.016666666666666666
5 0.8883333333333333 0.49916666666666665 0.01 0.01
5 0.6116666666666667 0.21666666666666667 0.01 0.008333333333333333
5 0.7433333333333333 0.06333333333333334 0.01 0.011666666666666667
5 0.08833333333333333 0.6466666666666666 0.011666666666666667 0.01
5 0.28583333333333333 0.9458333333333333 0.006666666666666667 0.008333333333333333
5 0.9233333333333333 0.40166666666666667 0.013333333333333334 0.013333333333333334
5 0.9558333333333333 0.44 0.013333333333333334 0.01
5 0.32916666666666666 0.8075 0.015 0.013333333333333334
