5 0.24166666666666667 0.145 0.005 0.006666666666666667
5 0.9175 0.01 0.006666666666666667 0.005
5 0.6433333333333333 0.44 0.01 0.01
5 0.5225 0.6516666666666666 0.013333333333333334 0.013333333333333334
5 0.49333333333333335 0.09083333333333334 0.008333333333333333 0.008333333333333333
5 0.6275 0.7175 0.013333333333333334 0.011666666666666667
5 0.09416666666666666 0.4058333333333333 0.011666666666666667 0.011666666666666667
5 0.95 0.4716666666666667 0.008333333333333333 0.006666666666666667
5 0.9166666666666666 0.006666666666666667 0.01 0.01
0 0.19583333333333333 0.1975 0.015 0.015
0 0.9575 0.4891666666666667 0.02666666666666667 0.023333333333333334
