5 0.8458333333333333 0.215 0.01 0.01
5 0.4891666666666667 0.8408333333333333 0.015 0.013333333333333334
5 0.13416666666666666 0.9058333333333334 0.006666666666666667 0.006666666666666667
5 0.5016666666666667 0.1325 0.008333333333333333 0.008333333333333333
5 0.043333333333333335 0.2608333333333333 0.008333333333333333 0.008333333333333333
5 0.9758333333333333 0.56 0.008333333333333333 0.008333333333333333
5 0.7775 0.04666666666666667 0.01 0.011666666666666667
5 0.22166666666666668 0.145 0.008333333333333333 0.008333333333333333
5 0.27 0.6633333333333333 0.013333333333333334 0.013333333333333334
5 0.5875 0.019166666666666665 0.008333333333333333 0.008333333333333333
5 0.9291666666666667 0.6908333333333333 0.013333333333333334 0.013333333333333334
5 0.04583333333333333 0.5466666666666666 0.016666666666666666 0.015
0 0.21833333333333332 0.9383333333333334 0.03 0.02
0 0.5141666666666667 0.8508333333333333 0.011666666666666667 0.011666666666666667
