5 0.7625 0.14416666666666667 0.013333333333333334 0.016666666666666666
5 0.5091666666666667 0.09 0.006666666666666667 0.006666666666666667
5 0.4475 0.055 0.011666666666666667 0.011666666666666667
5 0.99 0.7841666666666667 0.01 0.01
5 0.14666666666666667 0.9683333333333334 0.013333333333333334 0.011666666666666667
5 0.225 0.12833333333333333 0.01 0.008333333333333333
5 0.7808333333333334 0.6708333333333333 0.015 0.013333333333333334
5 0.4091666666666667 0.6075 0.021666666666666667 0.02
5 0.8791666666666667 0.33666666666666667 0.015 0.018333333333333333
5 0.38416666666666666 0.6966666666666667 0.01 0.01
5 0.36583333333333334 0.49333333333333335 0.018333333333333333 0.021666666666666667
0 0.0875 0.395 0.02 0.021666666666666667
0 0.68 0.07583333333333334 0.016666666666666666 0.015
0 0.5266666666666666 0.655 0.016666666666666666 0.015
0 0.08416666666666667 0.54 0.02 0.023333333333333334
0 0.5791666666666667 0.6325 0.02 0.028333333333333332
0 0.24 0.6566666666666666 0.023333333333333334 0.02
