5 0.5625 0.2525 0.018333333333333333 0.021666666666666667
5 0.98 0.9633333333333334 0.006666666666666667 0.006666666666666667
5 0.6216666666666667 0.4075 0.008333333333333333 0.008333333333333333
5 0.44666666666666666 0.9683333333333334 0.013333333333333334 0.013333333333333334
5 0.7408333333333333 0.6708333333333333 0.006666666666666667 0.006666666666666667
5 0.6716666666666666 0.0925 0.008333333333333333 0.008333333333333333
5 0.5325 0.008333333333333333 0.008333333333333333 0.01
5 0.7466666666666667 0.7908333333333334 0.015 0.015
5 0.72 0.49583333333333335 0.008333333333333333 0.008333333333333333
5 0.365 0.4791666666666667 0.008333333333333333 0.006666666666666667
5 0.4375 0.09416666666666666 0.008333333333333333 0.008333333333333333
5 0.3075 0.6641666666666667 0.008333333333333333 0.008333333333333333
5 0.07083333333333333 0.3233333333333333 0.008333333333333333 0.01
5 0.5175 0.96 0.008333333333333333 0.008333333333333333
5 0.1375 0.3475 0.006666666666666667 0.006666666666666667
5 0.5508333333333333 0.7008333333333333 0.01 0.008333333333333333
