2.0 0.4527333333333333 0.2452154573255491 0.065025 0.0750625521267723
2.0 0.21248333333333339 0.7643981095357243 0.06508333333333333 0.06811509591326105
2.0 0.9374 0.8526633305532387 0.06491666666666668 0.06672226855713094
5.0 0.7035500000000001 0.6132137892688352 0.012208333333333333 0.01354462051709758
5.0 0.7685333333333333 0.3452154573255491 0.015041666666666667 0.015045871559633026
5 0.8933333333333333 0.605 0.006666666666666667 0.005
5 0.4891666666666667 0.1 0.015 0.018333333333333333
5 0.2658333333333333 0.6683333333333333 0.011666666666666667 0.011666666666666667
5 0.4225 0.72 0.013333333333333334 0.015
5 0.1225 0.06416666666666666 0.006666666666666667 0.008333333333333333
5 0.9008333333333334 0.325 0.008333333333333333 0.006666666666666667
5 0.12833333333333333 0.8075 0.008333333333333333 0.008333333333333333
5 0.48333333333333334 0.5341666666666667 0.013333333333333334 0.016666666666666666
5 0.8233333333333334 0.8583333333333333 0.018333333333333333 0.021666666666666667
5 0.38916666666666666 0.8483333333333334 0.008333333333333333 0.008333333333333333
5 0.4525 0.6108333333333333 0.016666666666666666 0.015
5 0.84 0.38416666666666666 0.013333333333333334 0.013333333333333334
5 0.11916666666666667 0.07083333333333333 0.008333333333333333 0.008333333333333333
