5 0.5358333333333334 0.7041666666666667 0.006666666666666667 0.008333333333333333
5 0.19333333333333333 0.16916666666666666 0.006666666666666667 0.006666666666666667
5 0.13333333333333333 0.9175 0.008333333333333333 0.01
5 0.9916666666666667 0.5141666666666667 0.006666666666666667 0.008333333333333333
5 0.8566666666666667 0.8108333333333333 0.015 0.013333333333333334
5 0.8841666666666667 0.03833333333333333 0.01 0.01
5 0.44333333333333336 0.18833333333333332 0.008333333333333333 0.008333333333333333
5 0.05416666666666667 0.5775 0.008333333333333333 0.006666666666666667
5 0.6466666666666666 0.41333333333333333 0.015 0.013333333333333334
5 0.515 0.5083333333333333 0.01 0.01
