5 0.37083333333333335 0.06583333333333333 0.011666666666666667 0.013333333333333334
5 0.7383333333333333 0.12333333333333334 0.01 0.01
5 0.30083333333333334 0.6825 0.016666666666666666 0.015
5 0.20666666666666667 0.16083333333333333 0.01 0.01
5 0.08916666666666667 0.5641666666666667 0.008333333333333333 0.006666666666666667
5 0.8825 0.8766666666666667 0.011666666666666667 0.01
5 0.058333333333333334 0.09166666666666666 0.008333333333333333 0.005
5 0.7125 0.475 0.006666666666666667 0.006666666666666667
5 0.7133333333333334 0.08583333333333333 0.016666666666666666 0.018333333333333333
5 0.9091666666666667 0.37916666666666665 0.015 0.016666666666666666
5 0.12166666666666667 0.325 0.01 0.016666666666666666
5 0.058333333333333334 0.7583333333333333 0.0033333333333333335 0.005
5 0.61 0.17583333333333334 0.011666666666666667 0.011666666666666667
0 0.33916666666666667 0.0275 0.02 0.028333333333333332
0 0.7516666666666667 0.3333333333333333 0.015 0.015
0 0.6791666666666667 0.2608333333333333 0.008333333333333333 0.015
0 0.6383333333333333 0.2525 0.015 0.015
0 0.2575 0.025 0.011666666666666667 0.015
0 0.5341666666666667 0.38333333333333336 0.015 0.015
0 0.1425 0.085 0.02 0.021666666666666667
0 0.35583333333333333 0.6808333333333333 0.011666666666666667 0.011666666666666667
0 0.4533333333333333 0.008333333333333333 0.01 0.013333333333333334
