2.0 0.48162499999999997 0.258829580205727 0.06225 0.07228523769808173
2.0 0.23581666666666665 0.7835752015568529 0.06508333333333333 0.07089241034195162
2.0 0.9621249999999999 0.8648929663608562 0.07602500000000001 0.0750625521267723
5 0.008333333333333333 0.24666666666666667 0.006666666666666667 0.008333333333333333
5 0.5008333333333334 0.010833333333333334 0.01 0.01
5 0.9625 0.055 0.008333333333333333 0.008333333333333333
5 0.7741666666666667 0.8316666666666667 0.01 0.01
5 0.43333333333333335 0.77 0.015 0.016666666666666666
5 0.9775 0.25333333333333335 0.013333333333333334 0.015
5 0.8525 0.05 0.011666666666666667 0.011666666666666667
5 0.925 0.9391666666666667 0.015 0.018333333333333333
5 0.815 0.8525 0.008333333333333333 0.006666666666666667
5 0.7758333333333334 0.021666666666666667 0.008333333333333333 0.008333333333333333
5 0.8991666666666667 0.5625 0.015 0.013333333333333334
5 0.6691666666666667 0.1875 0.011666666666666667 0.015
5 0.9475 0.8658333333333333 0.006666666666666667 0.006666666666666667
5 0.24583333333333332 0.24166666666666667 0.01 0.008333333333333333
5 0.9475 0.2625 0.01 0.011666666666666667
