5 0.285 0.9833333333333333 0.013333333333333334 0.016666666666666666
5 0.93 0.9675 0.013333333333333334 0.013333333333333334
5 0.22166666666666668 0.2683333333333333 0.006666666666666667 0.008333333333333333
5 0.2808333333333333 0.3458333333333333 0.016666666666666666 0.015
5 0.028333333333333332 0.5941666666666666 0.016666666666666666 0.018333333333333333
5 0.42583333333333334 0.08916666666666667 0.008333333333333333 0.008333333333333333
5 0.19666666666666666 0.12416666666666666 0.016666666666666666 0.02
5 0.58 0.35 0.01 0.01
5 0.38416666666666666 0.905 0.008333333333333333 0.006666666666666667
5 0.9383333333333334 0.4683333333333333 0.013333333333333334 0.013333333333333334
5 0.9658333333333333 0.7975 0.02 0.018333333333333333
5 0.9533333333333334 0.06416666666666666 0.008333333333333333 0.01
