5 0.31 0.5783333333333334 0.011666666666666667 0.011666666666666667
5 0.8858333333333334 0.5 0.01 0.011666666666666667
5 0.8558333333333333 0.09833333333333333 0.013333333333333334 0.016666666666666666
5 0.9008333333333334 0.9275 0.008333333333333333 0.008333333333333333
5 0.435 0.8716666666666667 0.011666666666666667 0.011666666666666667
5 0.8941666666666667 0.2783333333333333 0.013333333333333334 0.013333333333333334
5 0.5116666666666667 0.04416666666666667 0.013333333333333334 0.013333333333333334
5 0.36666666666666664 0.15916666666666668 0.008333333333333333 0.008333333333333333
5 0.7383333333333333 0.9741666666666666 0.013333333333333334 0.013333333333333334
5 0.015 0.4675 0.01 0.008333333333333333
5 0.855 0.2325 0.011666666666666667 0.011666666666666667
5 0.18333333333333332 0.9575 0.01 0.01
5 0.6075 0.6925 0.013333333333333334 0.013333333333333334
0 0.7908333333333334 0.7316666666666667 0.021666666666666667 0.021666666666666667
0 0.5608333333333333 0.17333333333333334 0.023333333333333334 0.023333333333333334
3 0.5875 0.8216666666666667 0.13333333333333333 0.15833333333333333
