5 0.585 0.9875 0.011666666666666667 0.011666666666666667
5 0.335 0.7891666666666667 0.013333333333333334 0.015
5 0.6133333333333333 0.06666666666666667 0.008333333333333333 0.008333333333333333
5 0.8633333333333333 0.67 0.01 0.01
5 0.945 0.0075 0.013333333333333334 0.011666666666666667
5 0.19583333333333333 0.04583333333333333 0.008333333333333333 0.008333333333333333
5 0.41583333333333333 0.3225 0.023333333333333334 0.02
5 0.4225 0.2608333333333333 0.01 0.008333333333333333
5 0.7 0.2525 0.008333333333333333 0.008333333333333333
5 0.405 0.13333333333333333 0.011666666666666667 0.011666666666666667
5 0.505 0.8508333333333333 0.013333333333333334 0.015
5 0.8441666666666666 0.06583333333333333 0.016666666666666666 0.016666666666666666
0 0.32166666666666666 0.5441666666666667 0.028333333333333332 0.023333333333333334
