5 0.6233333333333333 0.43833333333333335 0.01 0.01
5 0.5766666666666667 0.14916666666666667 0.016666666666666666 0.015
5 0.3466666666666667 0.745 0.01 0.01
5 0.9075 0.585 0.013333333333333334 0.013333333333333334
5 0.5166666666666667 0.7508333333333334 0.01 0.01
5 0.6108333333333333 0.4675 0.015 0.021666666666666667
5 0.7725 0.81 0.016666666666666666 0.015
5 0.6533333333333333 0.1325 0.01 0.01
5 0.029166666666666667 0.6841666666666667 0.016666666666666666 0.018333333333333333
5 0.5016666666666667 0.08833333333333333 0.018333333333333333 0.016666666666666666
5 0.5116666666666667 0.7858333333333334 0.01 0.01
5 0.6958333333333333 0.765 0.018333333333333333 0.018333333333333333
5 0.9533333333333334 0.525 0.008333333333333333 0.008333333333333333
