5 0.6016666666666667 0.405 0.01 0.01
5 0.6 0.5016666666666667 0.008333333333333333 0.008333333333333333
5 0.43916666666666665 0.045 0.023333333333333334 0.02
5 0.9591666666666666 0.6783333333333333 0.015 0.013333333333333334
5 0.9475 0.14166666666666666 0.01 0.008333333333333333
5 0.3491666666666667 0.05 0.016666666666666666 0.015
5 0.2375 0.5033333333333333 0.006666666666666667 0.006666666666666667
5 0.085 0.215 0.021666666666666667 0.02
5 0.8083333333333333 0.09416666666666666 0.016666666666666666 0.015
5 0.7341666666666666 0.2625 0.016666666666666666 0.016666666666666666
5 0.34 0.7466666666666667 0.015 0.013333333333333334
5 0.8475 0.5191666666666667 0.006666666666666667 0.006666666666666667
5 0.1625 0.19916666666666666 0.011666666666666667 0.01
5 0.2941666666666667 0.7575 0.008333333333333333 0.01
5 0.6333333333333333 0.7958333333333333 0.013333333333333334 0.013333333333333334
5 0.5783333333333334 0.08916666666666667 0.016666666666666666 0.015
5 0.22833333333333333 0.8683333333333333 0.008333333333333333 0.008333333333333333
5 0.09833333333333333 0.9141666666666667 0.011666666666666667 0.011666666666666667
6 0.24 0.6808333333333333 0.028333333333333332 0.041666666666666664
6 0.195 0.39166666666666666 0.058333333333333334 0.16833333333333333
6 0.3258333333333333 0.14166666666666666 0.051666666666666666 0.025
6 0.6483333333333333 0.9625 0.02666666666666667 0.07416666666666667
