7.0 0.54105 0.4824951348345844 0.15110833333333334 0.724211843202669
5 0.15583333333333332 0.52 0.016666666666666666 0.015
5 0.3975 0.060833333333333336 0.018333333333333333 0.025
5 0.4375 0.56 0.01 0.01
5 0.9341666666666667 0.09833333333333333 0.016666666666666666 0.015
5 0.235 0.4816666666666667 0.016666666666666666 0.018333333333333333
5 0.27 0.6241666666666666 0.01 0.008333333333333333
5 0.57 0.7475 0.008333333333333333 0.01
5 0.5925 0.03833333333333333 0.011666666666666667 0.015
5 0.5941666666666666 0.8683333333333333 0.01 0.01
5 0.42333333333333334 0.9833333333333333 0.008333333333333333 0.008333333333333333
5 0.9808333333333333 0.7516666666666667 0.01 0.01
