5 0.4633333333333333 0.4075 0.013333333333333334 0.013333333333333334
5 0.8008333333333333 0.03166666666666667 0.01 0.01
5 0.94 0.83 0.013333333333333334 0.013333333333333334
5 0.9275 0.2866666666666667 0.018333333333333333 0.018333333333333333
5 0.7091666666666666 0.8983333333333333 0.011666666666666667 0.011666666666666667
5 0.19333333333333333 0.48583333333333334 0.01 0.011666666666666667
5 0.47333333333333333 0.6966666666666667 0.01 0.011666666666666667
5 0.33916666666666667 0.2633333333333333 0.006666666666666667 0.006666666666666667
5 0.20833333333333334 0.5525 0.008333333333333333 0.008333333333333333
5 0.5058333333333334 0.44 0.018333333333333333 0.016666666666666666
5 0.9291666666666667 0.48333333333333334 0.008333333333333333 0.008333333333333333
5 0.2975 0.14916666666666667 0.011666666666666667 0.011666666666666667
5 0.9233333333333333 0.24083333333333334 0.008333333333333333 0.008333333333333333
5 0.6416666666666667 0.5633333333333334 0.013333333333333334 0.016666666666666666
5 0.5066666666666667 0.9883333333333333 0.018333333333333333 0.018333333333333333
5 0.12333333333333334 0.3925 0.013333333333333334 0.013333333333333334
5 0.5566666666666666 0.41833333333333333 0.011666666666666667 0.01
5 0.6441666666666667 0.3858333333333333 0.018333333333333333 0.016666666666666666
5 0.9833333333333333 0.6 0.006666666666666667 0.008333333333333333
0 0.615 0.3233333333333333 0.025 0.023333333333333334
