5 0.37166666666666665 0.015 0.013333333333333334 0.013333333333333334
5 0.6291666666666667 0.4041666666666667 0.015 0.018333333333333333
5 0.44 0.09583333333333334 0.013333333333333334 0.015
5 0.2841666666666667 0.6816666666666666 0.008333333333333333 0.008333333333333333
5 0.5125 0.3258333333333333 0.011666666666666667 0.011666666666666667
5 0.5183333333333333 0.20333333333333334 0.018333333333333333 0.016666666666666666
5 0.0125 0.9616666666666667 0.01 0.01
5 0.30416666666666664 0.6175 0.008333333333333333 0.008333333333333333
5 0.4483333333333333 0.37583333333333335 0.011666666666666667 0.01
5 0.45666666666666667 0.585 0.01 0.01
5 0.24583333333333332 0.9125 0.015 0.011666666666666667
5 0.20083333333333334 0.7641666666666667 0.008333333333333333 0.008333333333333333
5 0.3016666666666667 0.7583333333333333 0.011666666666666667 0.011666666666666667
5 0.9 0.9158333333333334 0.011666666666666667 0.011666666666666667
5 0.051666666666666666 0.19083333333333333 0.008333333333333333 0.008333333333333333
5 0.5808333333333333 0.265 0.01 0.01
0 0.5383333333333333 0.165 0.015 0.013333333333333334
0 0.885 0.8366666666666667 0.021666666666666667 0.023333333333333334
0 0.085 0.03 0.02 0.025
0 0.8466666666666667 0.2941666666666667 0.021666666666666667 0.025
0 0.5066666666666667 0.68 0.02 0.02
0 0.23083333333333333 0.3383333333333333 0.021666666666666667 0.023333333333333334
