5 0.3025 0.1675 0.013333333333333334 0.011666666666666667
5 0.9458333333333333 0.275 0.011666666666666667 0.011666666666666667
5 0.12333333333333334 0.93 0.01 0.01
5 0.1875 0.24 0.016666666666666666 0.015
5 0.43166666666666664 0.9766666666666667 0.006666666666666667 0.006666666666666667
5 0.5991666666666666 0.8783333333333333 0.008333333333333333 0.008333333333333333
5 0.013333333333333334 0.8991666666666667 0.006666666666666667 0.006666666666666667
5 0.7316666666666667 0.255 0.008333333333333333 0.008333333333333333
5 0.355 0.8366666666666667 0.013333333333333334 0.013333333333333334
5 0.7716666666666666 0.21416666666666667 0.008333333333333333 0.008333333333333333
5 0.3575 0.505 0.01 0.01
5 0.4083333333333333 0.8433333333333334 0.011666666666666667 0.015
5 0.8033333333333333 0.64 0.008333333333333333 0.008333333333333333
5 0.5675 0.7775 0.008333333333333333 0.006666666666666667
