1.0 0.18924166666666664 0.3830254378648874 0.026591666666666666 0.025904920767306088
1.0 0.7537999999999999 0.7713240200166804 0.025916666666666668 0.025054211843202667
1.0 0.6726583333333334 0.284918682235196 0.03294166666666667 0.034261884904086735
5 0.5516666666666666 0.9833333333333333 0.006666666666666667 0.006666666666666667
5 0.18416666666666667 0.30833333333333335 0.015 0.015
5 0.265 0.19333333333333333 0.008333333333333333 0.008333333333333333
5 0.5575 0.5708333333333333 0.016666666666666666 0.015
5 0.915 0.029166666666666667 0.008333333333333333 0.008333333333333333
5 0.5825 0.08583333333333333 0.008333333333333333 0.008333333333333333
5 0.6258333333333334 0.1075 0.013333333333333334 0.011666666666666667
5 0.3875 0.695 0.008333333333333333 0.008333333333333333
5 0.5925 0.5641666666666667 0.008333333333333333 0.008333333333333333
5 0.2841666666666667 0.9591666666666666 0.011666666666666667 0.011666666666666667
5 0.8116666666666666 0.3875 0.008333333333333333 0.008333333333333333
5 0.38083333333333336 0.4708333333333333 0.01 0.01
5 0.05 0.5575 0.008333333333333333 0.008333333333333333
5 0.3416666666666667 0.7633333333333333 0.013333333333333334 0.011666666666666667
5 0.5125 0.35 0.013333333333333334 0.013333333333333334
5 0.08166666666666667 0.44083333333333335 0.013333333333333334 0.013333333333333334
5 0.7175 0.6458333333333334 0.008333333333333333 0.006666666666666667
5 0.7516666666666667 0.7383333333333333 0.016666666666666666 0.016666666666666666
