5 0.6883333333333334 0.9208333333333333 0.01 0.011666666666666667
5 0.19083333333333333 0.8041666666666667 0.008333333333333333 0.008333333333333333
5 0.8008333333333333 0.5833333333333334 0.008333333333333333 0.01
5 0.09416666666666666 0.36333333333333334 0.013333333333333334 0.013333333333333334
5 0.8233333333333334 0.30416666666666664 0.013333333333333334 0.01
5 0.6158333333333333 0.20166666666666666 0.015 0.021666666666666667
5 0.20666666666666667 0.1325 0.01 0.011666666666666667
5 0.9575 0.335 0.015 0.013333333333333334
5 0.49416666666666664 0.12833333333333333 0.01 0.011666666666666667
5 0.685 0.5716666666666667 0.008333333333333333 0.008333333333333333
