5 0.10166666666666667 0.885 0.01 0.01
5 0.7775 0.016666666666666666 0.008333333333333333 0.008333333333333333
5 0.9466666666666667 0.4025 0.01 0.01
5 0.04833333333333333 0.65 0.008333333333333333 0.008333333333333333
5 0.5683333333333334 0.9141666666666667 0.006666666666666667 0.005
5 0.965 0.5141666666666667 0.015 0.018333333333333333
5 0.17 0.4766666666666667 0.013333333333333334 0.013333333333333334
5 0.17 0.10083333333333333 0.008333333333333333 0.008333333333333333
5 0.475 0.6591666666666667 0.015 0.013333333333333334
5 0.6141666666666666 0.2525 0.011666666666666667 0.015
5 0.6691666666666667 0.4275 0.006666666666666667 0.006666666666666667
5 0.2 0.45666666666666667 0.011666666666666667 0.011666666666666667
5 0.06666666666666667 0.8658333333333333 0.008333333333333333 0.006666666666666667
5 0.44333333333333336 0.625 0.015 0.013333333333333334
5 0.885 0.49666666666666665 0.006666666666666667 0.006666666666666667
5 0.0125 0.195 0.016666666666666666 0.011666666666666667
5 0.6241666666666666 0.155 0.011666666666666667 0.01
5 0.4225 0.2633333333333333 0.005 0.006666666666666667
6 0.8716666666666667 0.62 0.016666666666666666 0.025
6 0.37333333333333335 0.9733333333333334 0.03333333333333333 0.0525
6 0.07166666666666667 0.49416666666666664 0.03333333333333333 0.06166666666666667
