4.0 0.19221666666666665 0.8070833333333334 0.117875 0.05416666666666667
4.0 0.35539166666666666 0.4043083333333334 0.052975 0.12083333333333333
4.0 0.85185 0.11888333333333334 0.120475 0.061116666666666666
5 0.6491666666666667 0.26916666666666667 0.008333333333333333 0.008333333333333333
5 0.18666666666666668 0.515 0.008333333333333333 0.008333333333333333
5 0.02 0.37416666666666665 0.013333333333333334 0.013333333333333334
5 0.9083333333333333 0.29333333333333333 0.013333333333333334 0.011666666666666667
5 0.7766666666666666 0.9416666666666667 0.006666666666666667 0.006666666666666667
5 0.3225 0.9591666666666666 0.015 0.013333333333333334
5 0.4025 0.035833333333333335 0.013333333333333334 0.013333333333333334
5 0.99 0.03333333333333333 0.01 0.01
5 0.9366666666666666 0.6525 0.013333333333333334 0.013333333333333334
5 0.7058333333333333 0.31083333333333335 0.008333333333333333 0.008333333333333333
5 0.115 0.9191666666666667 0.008333333333333333 0.008333333333333333
5 0.88 0.6066666666666667 0.011666666666666667 0.011666666666666667
5 0.495 0.7716666666666666 0.01 0.008333333333333333
5 0.15666666666666668 0.42833333333333334 0.006666666666666667 0.006666666666666667
5 0.1875 0.1875 0.01 0.01
5 0.6166666666666667 0.27416666666666667 0.006666666666666667 0.008333333333333333
5 0.6875 0.14333333333333334 0.013333333333333334 0.013333333333333334
5 0.034166666666666665 0.7066666666666667 0.015 0.015
