5 0.1475 0.8916666666666667 0.01 0.01
5 0.5366666666666666 0.5016666666666667 0.011666666666666667 0.011666666666666667
5 0.7533333333333333 0.35333333333333333 0.01 0.01
5 0.09333333333333334 0.2808333333333333 0.006666666666666667 0.006666666666666667
5 0.9075 0.2633333333333333 0.01 0.01
5 0.9675 0.7325 0.01 0.01
5 0.6375 0.5791666666666667 0.008333333333333333 0.008333333333333333
5 0.8333333333333334 0.006666666666666667 0.01 0.01
5 0.6575 0.17083333333333334 0.013333333333333334 0.011666666666666667
5 0.5108333333333334 0.64 0.01 0.01
5 0.25833333333333336 0.5058333333333334 0.006666666666666667 0.006666666666666667
6 0.5175 0.37083333333333335 0.02666666666666667 0.05
