5 0.8733333333333333 0.44083333333333335 0.01 0.011666666666666667
5 0.5975 0.12583333333333332 0.01 0.01
5 0.8116666666666666 0.3625 0.008333333333333333 0.008333333333333333
5 0.89 0.7908333333333334 0.011666666666666667 0.01
5 0.9908333333333333 0.45916666666666667 0.011666666666666667 0.008333333333333333
5 0.23416666666666666 0.5116666666666667 0.011666666666666667 0.01
5 0.7083333333333334 0.5191666666666667 0.01 0.01
5 0.0475 0.8641666666666666 0.018333333333333333 0.021666666666666667
5 0.4375 0.6083333333333333 0.01 0.01
5 0.4891666666666667 0.9033333333333333 0.006666666666666667 0.008333333333333333
5 0.2675 0.87 0.008333333333333333 0.008333333333333333
5 0.92 0.6625 0.015 0.013333333333333334
5 0.8483333333333334 0.7725 0.011666666666666667 0.011666666666666667
5 0.7458333333333333 0.7766666666666666 0.006666666666666667 0.006666666666666667
5 0.21583333333333332 0.3458333333333333 0.006666666666666667 0.01
5 0.7 0.2475 0.01 0.01
5 0.30666666666666664 0.8658333333333333 0.01 0.01
0 0.6941666666666667 0.04666666666666667 0.013333333333333334 0.013333333333333334
0 0.24833333333333332 0.8641666666666666 0.02666666666666667 0.028333333333333332
3 0.8266666666666667 0.3516666666666667 0.13333333333333333 0.15833333333333333
