5 0.5983333333333334 0.6591666666666667 0.01 0.011666666666666667
5 0.5066666666666667 0.5158333333333334 0.008333333333333333 0.008333333333333333
5 0.13 0.9841666666666666 0.015 0.013333333333333334
5 0.4266666666666667 0.9616666666666667 0.02 0.016666666666666666
5 0.46 0.21416666666666667 0.011666666666666667 0.011666666666666667
5 0.16 0.9925 0.006666666666666667 0.008333333333333333
5 0.7725 0.655 0.008333333333333333 0.008333333333333333
5 0.8516666666666667 0.6591666666666667 0.02 0.016666666666666666
5 0.06916666666666667 0.745 0.02 0.015
5 0.99 0.43833333333333335 0.015 0.016666666666666666
5 0.3883333333333333 0.735 0.015 0.015
5 0.5616666666666666 0.38666666666666666 0.006666666666666667 0.008333333333333333
5 0.89 0.6375 0.01 0.011666666666666667
5 0.058333333333333334 0.5058333333333334 0.021666666666666667 0.018333333333333333
5 0.37416666666666665 0.945 0.008333333333333333 0.008333333333333333
5 0.6558333333333334 0.965 0.01 0.01
0 0.2675 0.8 0.008333333333333333 0.011666666666666667
0 0.6625 0.4766666666666667 0.021666666666666667 0.018333333333333333
0 0.5783333333333334 0.6833333333333333 0.016666666666666666 0.018333333333333333
0 0.035 0.4891666666666667 0.011666666666666667 0.015
0 0.275 0.011666666666666667 0.016666666666666666 0.015
0 0.245 0.5083333333333333 0.025 0.04833333333333333
