5 0.9808333333333333 0.49666666666666665 0.015 0.016666666666666666
5 0.215 0.8333333333333334 0.011666666666666667 0.011666666666666667
5 0.23833333333333334 0.225 0.008333333333333333 0.01
5 0.12166666666666667 0.67 0.015 0.011666666666666667
5 0.005 0.05416666666666667 0.008333333333333333 0.01
5 0.5166666666666667 0.6783333333333333 0.006666666666666667 0.008333333333333333
5 0.18166666666666667 0.9191666666666667 0.015 0.013333333333333334
5 0.5816666666666667 0.1925 0.013333333333333334 0.01
5 0.30916666666666665 0.9558333333333333 0.006666666666666667 0.005
5 0.20083333333333334 0.5325 0.011666666666666667 0.011666666666666667
5 0.09666666666666666 0.0125 0.013333333333333334 0.011666666666666667
5 0.9691666666666666 0.8016666666666666 0.016666666666666666 0.018333333333333333
0 0.0075 0.66 0.015 0.016666666666666666
0 0.7708333333333334 0.4083333333333333 0.016666666666666666 0.03
0 0.5308333333333334 0.19 0.02666666666666667 0.021666666666666667
0 0.21416666666666667 0.5175 0.01 0.01
0 0.6016666666666667 0.44666666666666666 0.011666666666666667 0.015
0 0.4041666666666667 0.15916666666666668 0.013333333333333334 0.011666666666666667
0 0.030833333333333334 0.565 0.016666666666666666 0.013333333333333334
0 0.11833333333333333 0.6033333333333334 0.013333333333333334 0.011666666666666667
0 0.11333333333333333 0.9816666666666667 0.013333333333333334 0.013333333333333334
