5 0.075 0.31583333333333335 0.013333333333333334 0.01
5 0.5425 0.41 0.016666666666666666 0.016666666666666666
5 0.2966666666666667 0.7408333333333333 0.008333333333333333 0.008333333333333333
5 0.6191666666666666 0.6408333333333334 0.018333333333333333 0.016666666666666666
5 0.056666666666666664 0.8916666666666667 0.016666666666666666 0.015
5 0.43916666666666665 0.17916666666666667 0.006666666666666667 0.005
5 0.9933333333333333 0.49916666666666665 0.008333333333333333 0.01
5 0.7316666666666667 0.9191666666666667 0.006666666666666667 0.006666666666666667
5 0.09333333333333334 0.44083333333333335 0.013333333333333334 0.013333333333333334
5 0.57 0.9075 0.013333333333333334 0.013333333333333334
5 0.3433333333333333 0.21416666666666667 0.011666666666666667 0.011666666666666667
5 0.6541666666666667 0.8466666666666667 0.01 0.01
5 0.825 0.9341666666666667 0.011666666666666667 0.011666666666666667
5 0.9858333333333333 0.7875 0.011666666666666667 0.01
5 0.42916666666666664 0.014166666666666666 0.015 0.018333333333333333
5 0.6183333333333333 0.8725 0.01 0.01
5 0.1875 0.425 0.008333333333333333 0.008333333333333333
