5 0.6841666666666667 0.8666666666666667 0.006666666666666667 0.006666666666666667
5 0.5825 0.4275 0.015 0.013333333333333334
5 0.37083333333333335 0.1175 0.011666666666666667 0.011666666666666667
5 0.29833333333333334 0.15333333333333332 0.01 0.011666666666666667
5 0.2816666666666667 0.40166666666666667 0.013333333333333334 0.011666666666666667
5 0.9066666666666666 0.17833333333333334 0.01 0.01
5 0.4075 0.1075 0.01 0.01
5 0.9558333333333333 0.40166666666666667 0.01 0.01
5 0.9716666666666667 0.8566666666666667 0.006666666666666667 0.01
5 0.8116666666666666 0.31083333333333335 0.011666666666666667 0.011666666666666667
5 0.5091666666666667 0.7791666666666667 0.008333333333333333 0.008333333333333333
5 0.6783333333333333 0.24916666666666668 0.013333333333333334 0.013333333333333334
5 0.8391666666666666 0.7358333333333333 0.011666666666666667 0.01
5 0.43 0.8008333333333333 0.015 0.013333333333333334
5 0.45 0.64 0.008333333333333333 0.01
5 0.2875 0.7966666666666666 0.015 0.013333333333333334
5 0.8216666666666667 0.275 0.008333333333333333 0.008333333333333333
