5 0.9416666666666667 0.24666666666666667 0.011666666666666667 0.01
5 0.11 0.8033333333333333 0.006666666666666667 0.008333333333333333
5 0.0675 0.875 0.015 0.015
5 0.7216666666666667 0.33166666666666667 0.008333333333333333 0.008333333333333333
5 0.37333333333333335 0.4166666666666667 0.011666666666666667 0.011666666666666667
5 0.23083333333333333 0.041666666666666664 0.008333333333333333 0.008333333333333333
5 0.2808333333333333 0.5958333333333333 0.02 0.015
5 0.995 0.4375 0.009166666666666667 0.008333333333333333
5 0.8441666666666666 0.08583333333333333 0.006666666666666667 0.006666666666666667
5 0.19583333333333333 0.3441666666666667 0.011666666666666667 0.015
5 0.8958333333333334 0.10666666666666667 0.01 0.008333333333333333
5 0.825 0.42583333333333334 0.008333333333333333 0.01
5 0.9783333333333334 0.20916666666666667 0.02 0.016666666666666666
5 0.6191666666666666 0.8866666666666667 0.01 0.011666666666666667
5 0.935 0.11666666666666667 0.011666666666666667 0.01
5 0.28833333333333333 0.3475 0.01 0.008333333333333333
