5 0.8391666666666666 0.8183333333333334 0.008333333333333333 0.008333333333333333
5 0.08 0.185 0.013333333333333334 0.013333333333333334
5 0.5733333333333334 0.26416666666666666 0.015 0.015
5 0.865 0.005833333333333334 0.01 0.01
5 0.014166666666666666 0.3875 0.015 0.018333333333333333
5 0.035833333333333335 0.1825 0.008333333333333333 0.008333333333333333
5 0.79 0.09166666666666666 0.008333333333333333 0.006666666666666667
5 0.5366666666666666 0.7208333333333333 0.013333333333333334 0.011666666666666667
5 0.5283333333333333 0.2 0.011666666666666667 0.011666666666666667
5 0.14833333333333334 0.8641666666666666 0.01 0.01
5 0.6433333333333333 0.7125 0.015 0.015
5 0.16166666666666665 0.9491666666666667 0.016666666666666666 0.015
5 0.0925 0.6808333333333333 0.008333333333333333 0.008333333333333333
5 0.23 0.13 0.015 0.013333333333333334
5 0.5508333333333333 0.9516666666666667 0.016666666666666666 0.015
