5 0.255 0.6775 0.018333333333333333 0.018333333333333333
5 0.08333333333333333 0.8225 0.011666666666666667 0.011666666666666667
5 0.79 0.17 0.006666666666666667 0.006666666666666667
5 0.23833333333333334 0.4141666666666667 0.01 0.01
5 0.011666666666666667 0.16333333333333333 0.01 0.008333333333333333
5 0.22416666666666665 0.17583333333333334 0.016666666666666666 0.016666666666666666
5 0.13833333333333334 0.018333333333333333 0.008333333333333333 0.008333333333333333
5 0.8458333333333333 0.935 0.008333333333333333 0.008333333333333333
5 0.445 0.3433333333333333 0.01 0.008333333333333333
5 0.5291666666666667 0.8666666666666667 0.008333333333333333 0.006666666666666667
5 0.13166666666666665 0.5841666666666666 0.016666666666666666 0.015
5 0.19916666666666666 0.4508333333333333 0.008333333333333333 0.008333333333333333
5 0.7608333333333334 0.8508333333333333 0.008333333333333333 0.01
5 0.10833333333333334 0.455 0.013333333333333334 0.011666666666666667
5 0.1775 0.12833333333333333 0.015 0.011666666666666667
5 0.6916666666666667 0.7125 0.021666666666666667 0.018333333333333333
5 0.1275 0.5516666666666666 0.01 0.011666666666666667
5 0.7083333333333334 0.5491666666666667 0.011666666666666667 0.015
0 0.7358333333333333 0.7625 0.02 0.013333333333333334
0 0.66 0.12166666666666667 0.015 0.015
0 0.6825 0.2875 0.03833333333333333 0.04
0 0.8383333333333334 0.07166666666666667 0.015 0.018333333333333333
0 0.6716666666666666 0.09666666666666666 0.013333333333333334 0.01
0 0.68 0.5758333333333333 0.01 0.011666666666666667
0 0.12166666666666667 0.1 0.016666666666666666 0.018333333333333333
0 0.6325 0.24416666666666667 0.02 0.02
0 0.9066666666666666 0.36083333333333334 0.023333333333333334 0.023333333333333334
