5 0.11083333333333334 0.1575 0.01 0.01
5 0.5758333333333333 0.5091666666666667 0.016666666666666666 0.011666666666666667
5 0.76 0.7591666666666667 0.013333333333333334 0.013333333333333334
5 0.865 0.6783333333333333 0.015 0.011666666666666667
5 0.9408333333333333 0.0975 0.016666666666666666 0.018333333333333333
5 0.11 0.3375 0.006666666666666667 0.008333333333333333
5 0.44 0.3975 0.013333333333333334 0.015
5 0.0675 0.3983333333333333 0.011666666666666667 0.011666666666666667
5 0.52 0.4058333333333333 0.008333333333333333 0.008333333333333333
5 0.21083333333333334 0.5833333333333334 0.015 0.015
5 0.1925 0.6975 0.008333333333333333 0.008333333333333333
5 0.1725 0.11416666666666667 0.013333333333333334 0.011666666666666667
5 0.77 0.7675 0.008333333333333333 0.008333333333333333
5 0.47583333333333333 0.0625 0.015 0.013333333333333334
5 0.2925 0.25 0.006666666666666667 0.008333333333333333
5 0.8691666666666666 0.6375 0.02 0.018333333333333333
5 0.016666666666666666 0.845 0.005 0.006666666666666667
5 0.88 0.7166666666666667 0.008333333333333333 0.005
