5 0.67 0.23583333333333334 0.018333333333333333 0.016666666666666666
5 0.7675 0.8375 0.011666666666666667 0.01
5 0.3475 0.8391666666666666 0.013333333333333334 0.013333333333333334
5 0.2758333333333333 0.25083333333333335 0.011666666666666667 0.013333333333333334
5 0.9033333333333333 0.31583333333333335 0.008333333333333333 0.006666666666666667
5 0.19583333333333333 0.7016666666666667 0.01 0.01
5 0.88 0.4683333333333333 0.01 0.01
5 0.11 0.09666666666666666 0.018333333333333333 0.016666666666666666
5 0.31416666666666665 0.6108333333333333 0.008333333333333333 0.008333333333333333
5 0.805 0.335 0.006666666666666667 0.008333333333333333
5 0.865 0.2875 0.018333333333333333 0.016666666666666666
5 0.03 0.875 0.008333333333333333 0.008333333333333333
5 0.89 0.5675 0.006666666666666667 0.006666666666666667
5 0.7375 0.2075 0.013333333333333334 0.016666666666666666
5 0.8008333333333333 0.4766666666666667 0.008333333333333333 0.008333333333333333
5 0.5858333333333333 0.059166666666666666 0.013333333333333334 0.015
5 0.9908333333333333 0.15416666666666667 0.008333333333333333 0.008333333333333333
5 0.08416666666666667 0.93 0.008333333333333333 0.008333333333333333
5 0.5141666666666667 0.3125 0.008333333333333333 0.008333333333333333
0 0.9325 0.8191666666666667 0.013333333333333334 0.011666666666666667
0 0.9733333333333334 0.26166666666666666 0.03 0.028333333333333332
0 0.1975 0.9816666666666667 0.013333333333333334 0.011666666666666667
0 0.9708333333333333 0.5825 0.015 0.021666666666666667
0 0.16 0.31583333333333335 0.011666666666666667 0.011666666666666667
