5 0.28583333333333333 0.23166666666666666 0.01 0.008333333333333333
5 0.3925 0.4275 0.016666666666666666 0.018333333333333333
5 0.6766666666666666 0.7066666666666667 0.008333333333333333 0.008333333333333333
5 0.21833333333333332 0.2791666666666667 0.011666666666666667 0.011666666666666667
5 0.23583333333333334 0.69 0.008333333333333333 0.006666666666666667
5 0.2808333333333333 0.5625 0.011666666666666667 0.01
5 0.7941666666666667 0.8 0.008333333333333333 0.008333333333333333
5 0.023333333333333334 0.4791666666666667 0.018333333333333333 0.025
5 0.2875 0.03666666666666667 0.01 0.01
5 0.1725 0.07083333333333333 0.013333333333333334 0.015
5 0.8416666666666667 0.8025 0.006666666666666667 0.006666666666666667
5 0.9183333333333333 0.8791666666666667 0.015 0.013333333333333334
