5 0.7033333333333334 0.1875 0.01 0.01
5 0.0125 0.585 0.018333333333333333 0.021666666666666667
5 0.29083333333333333 0.16333333333333333 0.011666666666666667 0.01
5 0.9925 0.8766666666666667 0.01 0.01
5 0.7075 0.8908333333333334 0.015 0.013333333333333334
5 0.9141666666666667 0.6091666666666666 0.01 0.01
5 0.04 0.3625 0.008333333333333333 0.008333333333333333
5 0.45666666666666667 0.065 0.011666666666666667 0.011666666666666667
5 0.7366666666666667 0.35083333333333333 0.015 0.016666666666666666
5 0.9875 0.8066666666666666 0.008333333333333333 0.008333333333333333
5 0.5425 0.19 0.01 0.01
5 0.7858333333333334 0.11083333333333334 0.011666666666666667 0.011666666666666667
5 0.7175 0.4558333333333333 0.01 0.008333333333333333
5 0.5975 0.9875 0.016666666666666666 0.025
5 0.9058333333333334 0.0575 0.013333333333333334 0.016666666666666666
5 0.06583333333333333 0.7208333333333333 0.013333333333333334 0.013333333333333334
