5 0.15 0.1325 0.008333333333333333 0.008333333333333333
5 0.49833333333333335 0.015833333333333335 0.01 0.01
5 0.86 0.2808333333333333 0.013333333333333334 0.016666666666666666
5 0.2975 0.5175 0.01 0.008333333333333333
5 0.42083333333333334 0.11833333333333333 0.011666666666666667 0.01
5 0.7816666666666666 0.8091666666666667 0.01 0.01
5 0.9916666666666667 0.48583333333333334 0.006666666666666667 0.006666666666666667
5 0.41583333333333333 0.8425 0.01 0.008333333333333333
5 0.9466666666666667 0.6225 0.016666666666666666 0.015
5 0.505 0.39666666666666667 0.008333333333333333 0.008333333333333333
5 0.21166666666666667 0.37333333333333335 0.008333333333333333 0.008333333333333333
