5 0.0375 0.115 0.008333333333333333 0.01
5 0.2891666666666667 0.26666666666666666 0.006666666666666667 0.006666666666666667
5 0.435 0.6 0.006666666666666667 0.008333333333333333
5 0.3575 0.7816666666666666 0.008333333333333333 0.008333333333333333
5 0.26166666666666666 0.7425 0.008333333333333333 0.008333333333333333
5 0.6158333333333333 0.034166666666666665 0.013333333333333334 0.013333333333333334
5 0.7416666666666667 0.7941666666666667 0.008333333333333333 0.01
5 0.8308333333333333 0.355 0.015 0.013333333333333334
5 0.0825 0.7675 0.011666666666666667 0.015
5 0.855 0.5491666666666667 0.011666666666666667 0.01
5 0.42833333333333334 0.5816666666666667 0.006666666666666667 0.008333333333333333
5 0.3825 0.04416666666666667 0.016666666666666666 0.015
5 0.6041666666666666 0.5983333333333334 0.008333333333333333 0.01
5 0.30833333333333335 0.20583333333333334 0.01 0.01
