5 0.44166666666666665 0.015 0.006666666666666667 0.006666666666666667
5 0.6133333333333333 0.22833333333333333 0.016666666666666666 0.015
5 0.015 0.7283333333333334 0.01 0.01
5 0.105 0.21333333333333335 0.008333333333333333 0.008333333333333333
5 0.9783333333333334 0.0725 0.008333333333333333 0.008333333333333333
5 0.9675 0.25666666666666665 0.008333333333333333 0.008333333333333333
5 0.4775 0.47333333333333333 0.006666666666666667 0.005
5 0.835 0.7216666666666667 0.016666666666666666 0.018333333333333333
5 0.015833333333333335 0.5008333333333334 0.013333333333333334 0.013333333333333334
5 0.42333333333333334 0.20666666666666667 0.013333333333333334 0.013333333333333334
5 0.38916666666666666 0.7325 0.006666666666666667 0.008333333333333333
5 0.17333333333333334 0.7875 0.008333333333333333 0.01
5 0.020833333333333332 0.0125 0.013333333333333334 0.011666666666666667
5 0.8 0.375 0.011666666666666667 0.011666666666666667
5 0.9175 0.0675 0.013333333333333334 0.015
0 0.8433333333333334 0.8175 0.013333333333333334 0.013333333333333334
0 0.7308333333333333 0.54 0.01 0.01
0 0.8533333333333334 0.2841666666666667 0.015 0.015
0 0.04666666666666667 0.15833333333333333 0.01 0.015
0 0.5191666666666667 0.89 0.01 0.01
0 0.6766666666666666 0.4075 0.013333333333333334 0.015
