5 0.9375 0.9725 0.011666666666666667 0.01
5 0.6583333333333333 0.37 0.018333333333333333 0.016666666666666666
5 0.32666666666666666 0.2608333333333333 0.011666666666666667 0.01
5 0.30416666666666664 0.030833333333333334 0.013333333333333334 0.013333333333333334
5 0.03833333333333333 0.6266666666666667 0.008333333333333333 0.008333333333333333
5 0.14833333333333334 0.21666666666666667 0.008333333333333333 0.008333333333333333
5 0.24166666666666667 0.23666666666666666 0.008333333333333333 0.008333333333333333
5 0.5833333333333334 0.43166666666666664 0.015 0.011666666666666667
5 0.945 0.7308333333333333 0.011666666666666667 0.011666666666666667
5 0.6358333333333334 0.7291666666666666 0.005 0.005
5 0.715 0.5475 0.008333333333333333 0.006666666666666667
5 0.415 0.09583333333333334 0.013333333333333334 0.016666666666666666
5 0.6583333333333333 0.3016666666666667 0.008333333333333333 0.008333333333333333
5 0.38916666666666666 0.535 0.011666666666666667 0.01
5 0.8883333333333333 0.4175 0.013333333333333334 0.016666666666666666
5 0.9725 0.8933333333333333 0.016666666666666666 0.015
5 0.885 0.6 0.015 0.013333333333333334
5 0.4425 0.6058333333333333 0.011666666666666667 0.01
