5 0.1625 0.095 0.016666666666666666 0.015
5 0.7108333333333333 0.17083333333333334 0.015 0.013333333333333334
5 0.8258333333333333 0.5375 0.008333333333333333 0.008333333333333333
5 0.7033333333333334 0.8975 0.011666666666666667 0.011666666666666667
5 0.69 0.5 0.006666666666666667 0.006666666666666667
0 0.35083333333333333 0.19 0.03166666666666667 0.02666666666666667
0 0.029166666666666667 0.30916666666666665 0.03166666666666667 0.02666666666666667
0 0.4 0.5791666666666667 0.015 0.021666666666666667
0 0.965 0.6483333333333333 0.011666666666666667 0.013333333333333334
0 0.9516666666666667 0.24916666666666668 0.021666666666666667 0.02
