5 0.12166666666666667 0.023333333333333334 0.02 0.016666666666666666
5 0.23333333333333334 0.07833333333333334 0.011666666666666667 0.011666666666666667
5 0.35333333333333333 0.6225 0.011666666666666667 0.01
5 0.7491666666666666 0.0925 0.011666666666666667 0.011666666666666667
5 0.3466666666666667 0.4058333333333333 0.015 0.021666666666666667
5 0.9333333333333333 0.38416666666666666 0.015 0.015
5 0.4425 0.11333333333333333 0.013333333333333334 0.011666666666666667
5 0.03666666666666667 0.44666666666666666 0.011666666666666667 0.011666666666666667
5 0.7833333333333333 0.16916666666666666 0.011666666666666667 0.013333333333333334
5 0.8808333333333334 0.6933333333333334 0.02 0.02
5 0.6158333333333333 0.595 0.015 0.013333333333333334
5 0.6966666666666667 0.4275 0.015 0.015
5 0.8941666666666667 0.6491666666666667 0.01 0.01
5 0.7341666666666666 0.5325 0.008333333333333333 0.008333333333333333
5 0.6083333333333333 0.88 0.015 0.011666666666666667
5 0.07583333333333334 0.07666666666666666 0.008333333333333333 0.006666666666666667
0 0.6908333333333333 0.8058333333333333 0.015 0.023333333333333334
0 0.4225 0.8333333333333334 0.02 0.021666666666666667
0 0.7383333333333333 0.8591666666666666 0.02 0.02
0 0.034166666666666665 0.035833333333333335 0.013333333333333334 0.013333333333333334
6 0.72 0.3333333333333333 0.02666666666666667 0.05
6 0.385 0.2475 0.03 0.15333333333333332
6 0.3466666666666667 0.6016666666666667 0.07166666666666667 0.39
6 0.8325 0.8125 0.03333333333333333 0.06166666666666667
