4.0 0.31664166666666665 0.3276299694189603 0.07339166666666666 0.08479566305254378
4.0 0.6402083333333333 0.6584639977759245 0.0872 0.06811509591326105
5 0.31166666666666665 0.3925 0.016666666666666666 0.015
5 0.7091666666666666 0.5958333333333333 0.015 0.016666666666666666
5 0.6475 0.7391666666666666 0.01 0.008333333333333333
5 0.9858333333333333 0.16916666666666666 0.01 0.011666666666666667
5 0.18333333333333332 0.755 0.02 0.016666666666666666
5 0.5091666666666667 0.41083333333333333 0.006666666666666667 0.008333333333333333
5 0.6325 0.67 0.008333333333333333 0.008333333333333333
0 0.0625 0.6833333333333333 0.016666666666666666 0.018333333333333333
0 0.43666666666666665 0.0375 0.02 0.021666666666666667
0 0.6391666666666667 0.1725 0.013333333333333334 0.015
0 0.20416666666666666 0.845 0.023333333333333334 0.025
0 0.9658333333333333 0.7891666666666667 0.023333333333333334 0.02666666666666667
0 0.20333333333333334 0.25083333333333335 0.018333333333333333 0.016666666666666666
0 0.29583333333333334 0.17333333333333334 0.023333333333333334 0.023333333333333334
0 0.17916666666666667 0.8666666666666667 0.008333333333333333 0.011666666666666667
