5 0.8333333333333334 0.0275 0.008333333333333333 0.008333333333333333
5 0.5816666666666667 0.245 0.011666666666666667 0.01
5 0.41083333333333333 0.8233333333333334 0.006666666666666667 0.006666666666666667
5 0.6991666666666667 0.155 0.008333333333333333 0.008333333333333333
5 0.5783333333333334 0.185 0.016666666666666666 0.015
5 0.7291666666666666 0.8158333333333333 0.006666666666666667 0.006666666666666667
5 0.17 0.2575 0.018333333333333333 0.016666666666666666
5 0.225 0.6433333333333333 0.015 0.013333333333333334
5 0.6016666666666667 0.6 0.006666666666666667 0.006666666666666667
5 0.014166666666666666 0.7158333333333333 0.013333333333333334 0.013333333333333334
5 0.075 0.8566666666666667 0.01 0.01
5 0.64 0.805 0.008333333333333333 0.006666666666666667
5 0.07166666666666667 0.89 0.008333333333333333 0.008333333333333333
