1.0 0.20125833333333334 0.367025 0.026583333333333334 0.028358333333333333
1.0 0.20167500000000002 0.7986916666666666 0.03575833333333333 0.0392
1.0 0.8484666666666667 0.2002 0.03476666666666667 0.03836666666666667
5.0 0.74865 0.1999583333333333 0.007425 0.005908333333333333
5 0.3016666666666667 0.7533333333333333 0.008333333333333333 0.006666666666666667
5 0.6383333333333333 0.2991666666666667 0.006666666666666667 0.008333333333333333
5 0.5158333333333334 0.4083333333333333 0.008333333333333333 0.008333333333333333
5 0.7116666666666667 0.3308333333333333 0.013333333333333334 0.011666666666666667
5 0.7941666666666667 0.99 0.015 0.015
5 0.445 0.4583333333333333 0.011666666666666667 0.013333333333333334
5 0.24833333333333332 0.6758333333333333 0.011666666666666667 0.011666666666666667
5 0.5066666666666667 0.30416666666666664 0.015 0.015
5 0.5266666666666666 0.20333333333333334 0.015 0.011666666666666667
5 0.06333333333333334 0.9925 0.013333333333333334 0.013333333333333334
5 0.9783333333333334 0.1875 0.01 0.01
5 0.5258333333333334 0.45166666666666666 0.008333333333333333 0.008333333333333333
