5 0.49 0.11166666666666666 0.011666666666666667 0.011666666666666667
5 0.29833333333333334 0.255 0.008333333333333333 0.008333333333333333
5 0.6175 0.5225 0.01 0.01
5 0.0275 0.8658333333333333 0.01 0.008333333333333333
5 0.37333333333333335 0.15 0.008333333333333333 0.008333333333333333
5 0.7491666666666666 0.6441666666666667 0.015 0.015
5 0.9258333333333333 0.645 0.008333333333333333 0.008333333333333333
5 0.49166666666666664 0.8875 0.006666666666666667 0.008333333333333333
5 0.18333333333333332 0.18666666666666668 0.016666666666666666 0.02
5 0.7883333333333333 0.21333333333333335 0.008333333333333333 0.006666666666666667
5 0.3475 0.8725 0.013333333333333334 0.015
5 0.9216666666666666 0.6583333333333333 0.015 0.013333333333333334
5 0.56 0.33 0.008333333333333333 0.006666666666666667
5 0.26666666666666666 0.5416666666666666 0.016666666666666666 0.015
5 0.39166666666666666 0.4091666666666667 0.006666666666666667 0.006666666666666667
