5 0.09083333333333334 0.21833333333333332 0.006666666666666667 0.008333333333333333
5 0.8833333333333333 0.17333333333333334 0.011666666666666667 0.011666666666666667
5 0.13333333333333333 0.9583333333333334 0.021666666666666667 0.021666666666666667
5 0.7375 0.7166666666666667 0.016666666666666666 0.016666666666666666
5 0.20333333333333334 0.39 0.02 0.015
5 0.17666666666666667 0.08416666666666667 0.013333333333333334 0.013333333333333334
0 0.9391666666666667 0.9741666666666666 0.015 0.015
0 0.52 0.17833333333333334 0.01 0.013333333333333334
0 0.8725 0.25 0.013333333333333334 0.015
0 0.38416666666666666 0.1275 0.01 0.008333333333333333
0 0.9166666666666666 0.75 0.023333333333333334 0.023333333333333334
