5 0.17583333333333334 0.5016666666666667 0.01 0.01
5 0.835 0.7925 0.02 0.02
5 0.3883333333333333 0.8933333333333333 0.011666666666666667 0.011666666666666667
5 0.5783333333333334 0.03333333333333333 0.008333333333333333 0.008333333333333333
5 0.5033333333333333 0.13333333333333333 0.011666666666666667 0.01
5 0.5966666666666667 0.5033333333333333 0.01 0.01
5 0.3825 0.865 0.016666666666666666 0.018333333333333333
5 0.6366666666666667 0.25416666666666665 0.013333333333333334 0.011666666666666667
5 0.2808333333333333 0.3258333333333333 0.013333333333333334 0.013333333333333334
5 0.0175 0.7391666666666666 0.01 0.01
