4.0 0.05088702147525677 0.7788193146417445 0.08363211951447246 0.13842056074766357
4.0 0.454014939309057 0.5027352024922118 0.08781512605042016 0.07545794392523364
4.0 0.798935574229692 0.36007165109034267 0.10249299719887955 0.10450467289719625
4.0 0.6096451914098973 0.9526791277258567 0.1273856209150327 0.05834579439252337
5.0 0.603361344537815 0.3508566978193146 0.011559290382819795 0.011102803738317757
5 0.625 0.7366666666666667 0.01 0.01
5 0.37083333333333335 0.2633333333333333 0.018333333333333333 0.018333333333333333
5 0.0375 0.03 0.011666666666666667 0.011666666666666667
5 0.010833333333333334 0.23083333333333333 0.013333333333333334 0.011666666666666667
5 0.5016666666666667 0.5991666666666666 0.01 0.01
5 0.955 0.23833333333333334 0.008333333333333333 0.008333333333333333
5 0.48 0.5425 0.01 0.01
5 0.9041666666666667 0.2475 0.013333333333333334 0.015
0 0.12166666666666667 0.7725 0.011666666666666667 0.011666666666666667
0 0.7775 0.8625 0.025 0.02
