5 0.5625 0.6975 0.018333333333333333 0.021666666666666667
5 0.059166666666666666 0.68 0.008333333333333333 0.008333333333333333
5 0.31083333333333335 0.9108333333333334 0.005 0.005
5 0.63 0.77 0.013333333333333334 0.015
5 0.9383333333333334 0.3908333333333333 0.015 0.015
5 0.3408333333333333 0.23333333333333334 0.01 0.01
5 0.5216666666666666 0.7075 0.011666666666666667 0.013333333333333334
5 0.5816666666666667 0.22666666666666666 0.006666666666666667 0.006666666666666667
5 0.6358333333333334 0.6891666666666667 0.008333333333333333 0.008333333333333333
5 0.5658333333333333 0.7383333333333333 0.008333333333333333 0.008333333333333333
5 0.61 0.010833333333333334 0.01 0.01
5 0.5425 0.5266666666666666 0.011666666666666667 0.01
5 0.095 0.5933333333333334 0.006666666666666667 0.006666666666666667
5 0.9741666666666666 0.57 0.01 0.01
0 0.8858333333333334 0.8575 0.02666666666666667 0.021666666666666667
0 0.635 0.7083333333333334 0.013333333333333334 0.008333333333333333
0 0.019166666666666665 0.18583333333333332 0.025 0.02
0 0.82 0.7241666666666666 0.01 0.011666666666666667
0 0.8233333333333334 0.8825 0.01 0.011666666666666667
0 0.29083333333333333 0.7366666666666667 0.01 0.015
0 0.08916666666666667 0.3308333333333333 0.018333333333333333 0.02
0 0.935 0.135 0.016666666666666666 0.018333333333333333
