5 0.5766666666666667 0.8825 0.01 0.01
5 0.4191666666666667 0.9125 0.011666666666666667 0.013333333333333334
5 0.875 0.8608333333333333 0.013333333333333334 0.011666666666666667
5 0.9708333333333333 0.38333333333333336 0.008333333333333333 0.01
5 0.15833333333333333 0.22083333333333333 0.018333333333333333 0.025
5 0.43416666666666665 0.745 0.006666666666666667 0.006666666666666667
5 0.5608333333333333 0.7741666666666667 0.02 0.018333333333333333
5 0.9216666666666666 0.15166666666666667 0.013333333333333334 0.013333333333333334
5 0.19083333333333333 0.9541666666666667 0.01 0.011666666666666667
5 0.7258333333333333 0.5425 0.013333333333333334 0.013333333333333334
5 0.13583333333333333 0.05583333333333333 0.013333333333333334 0.015
5 0.1425 0.2683333333333333 0.011666666666666667 0.011666666666666667
