5 0.605 0.7883333333333333 0.008333333333333333 0.006666666666666667
5 0.09416666666666666 0.835 0.01 0.01
5 0.9191666666666667 0.8858333333333334 0.016666666666666666 0.015
5 0.5725 0.7708333333333334 0.02 0.018333333333333333
5 0.27416666666666667 0.5091666666666667 0.008333333333333333 0.008333333333333333
5 0.075 0.985 0.01 0.01
5 0.5241666666666667 0.45 0.008333333333333333 0.008333333333333333
5 0.8591666666666666 0.9191666666666667 0.008333333333333333 0.008333333333333333
5 0.5216666666666666 0.8766666666666667 0.008333333333333333 0.01
5 0.9216666666666666 0.9441666666666667 0.01 0.01
5 0.105 0.8866666666666667 0.013333333333333334 0.013333333333333334
5 0.07 0.5525 0.01 0.01
5 0.18833333333333332 0.5183333333333333 0.013333333333333334 0.013333333333333334
5 0.8808333333333334 0.7966666666666666 0.018333333333333333 0.016666666666666666
5 0.9675 0.4816666666666667 0.01 0.01
5 0.49916666666666665 0.4841666666666667 0.008333333333333333 0.008333333333333333
0 0.056666666666666664 0.28 0.013333333333333334 0.01
0 0.2658333333333333 0.6216666666666667 0.011666666666666667 0.013333333333333334
0 0.7966666666666666 0.1425 0.008333333333333333 0.015
0 0.5241666666666667 0.8141666666666667 0.02 0.015
0 0.1825 0.5466666666666666 0.015 0.015
0 0.3025 0.06833333333333333 0.015 0.015
0 0.8283333333333334 0.4791666666666667 0.011666666666666667 0.013333333333333334
