5 0.21 0.8425 0.008333333333333333 0.008333333333333333
5 0.6441666666666667 0.2633333333333333 0.008333333333333333 0.008333333333333333
5 0.4075 0.3466666666666667 0.01 0.008333333333333333
5 0.22166666666666668 0.8216666666666667 0.008333333333333333 0.008333333333333333
5 0.11166666666666666 0.5475 0.011666666666666667 0.011666666666666667
5 0.3625 0.35333333333333333 0.008333333333333333 0.008333333333333333
5 0.36 0.4058333333333333 0.016666666666666666 0.018333333333333333
5 0.4741666666666667 0.26416666666666666 0.008333333333333333 0.008333333333333333
5 0.9533333333333334 0.26 0.021666666666666667 0.021666666666666667
5 0.9333333333333333 0.885 0.01 0.01
5 0.9483333333333334 0.7758333333333334 0.006666666666666667 0.006666666666666667
5 0.395 0.7041666666666667 0.01 0.01
5 0.18 0.37166666666666665 0.013333333333333334 0.016666666666666666
5 0.8733333333333333 0.58 0.006666666666666667 0.006666666666666667
5 0.2758333333333333 0.9358333333333333 0.018333333333333333 0.021666666666666667
5 0.6725 0.03333333333333333 0.015 0.013333333333333334
