5 0.1175 0.30416666666666664 0.008333333333333333 0.008333333333333333
5 0.465 0.14 0.016666666666666666 0.015
5 0.6483333333333333 0.02666666666666667 0.01 0.01
5 0.9833333333333333 0.5275 0.008333333333333333 0.008333333333333333
5 0.6208333333333333 0.04833333333333333 0.01 0.01
5 0.6083333333333333 0.9475 0.008333333333333333 0.01
5 0.21416666666666667 0.6383333333333333 0.013333333333333334 0.015
5 0.22083333333333333 0.7208333333333333 0.013333333333333334 0.015
5 0.24083333333333334 0.7491666666666666 0.011666666666666667 0.011666666666666667
5 0.3308333333333333 0.2475 0.01 0.008333333333333333
5 0.7541666666666667 0.4608333333333333 0.006666666666666667 0.006666666666666667
5 0.6366666666666667 0.21583333333333332 0.016666666666666666 0.018333333333333333
5 0.14083333333333334 0.3908333333333333 0.013333333333333334 0.011666666666666667
