5 0.8666666666666667 0.4008333333333333 0.016666666666666666 0.035
5 0.27666666666666667 0.024166666666666666 0.011666666666666667 0.011666666666666667
5 0.1525 0.43916666666666665 0.008333333333333333 0.008333333333333333
5 0.4216666666666667 0.6358333333333334 0.01 0.011666666666666667
5 0.6341666666666667 0.39166666666666666 0.008333333333333333 0.008333333333333333
5 0.735 0.23 0.011666666666666667 0.011666666666666667
5 0.39666666666666667 0.45 0.006666666666666667 0.006666666666666667
5 0.8708333333333333 0.060833333333333336 0.008333333333333333 0.008333333333333333
5 0.8191666666666667 0.8941666666666667 0.008333333333333333 0.008333333333333333
5 0.31916666666666665 0.2125 0.011666666666666667 0.015
5 0.6433333333333333 0.9225 0.008333333333333333 0.008333333333333333
5 0.6158333333333333 0.6958333333333333 0.015 0.018333333333333333
5 0.30666666666666664 0.4041666666666667 0.008333333333333333 0.008333333333333333
5 0.010833333333333334 0.10583333333333333 0.008333333333333333 0.008333333333333333
5 0.30583333333333335 0.7391666666666666 0.008333333333333333 0.006666666666666667
5 0.6258333333333334 0.08083333333333333 0.008333333333333333 0.008333333333333333
5 0.15833333333333333 0.4658333333333333 0.011666666666666667 0.011666666666666667
5 0.3233333333333333 0.195 0.011666666666666667 0.011666666666666667
5 0.8975 0.30583333333333335 0.006666666666666667 0.008333333333333333
