5 0.1175 0.8158333333333333 0.01 0.01
5 0.19 0.6758333333333333 0.008333333333333333 0.008333333333333333
5 0.4075 0.4841666666666667 0.015 0.013333333333333334
5 0.31 0.013333333333333334 0.008333333333333333 0.008333333333333333
5 0.6283333333333333 0.8341666666666666 0.006666666666666667 0.008333333333333333
5 0.9133333333333333 0.8325 0.016666666666666666 0.018333333333333333
5 0.055 0.6633333333333333 0.008333333333333333 0.006666666666666667
5 0.8775 0.6808333333333333 0.01 0.01
0 0.17083333333333334 0.9066666666666666 0.011666666666666667 0.011666666666666667
0 0.8525 0.2375 0.008333333333333333 0.008333333333333333
0 0.6175 0.8691666666666666 0.011666666666666667 0.01
0 0.07083333333333333 0.05 0.021666666666666667 0.025
0 0.08166666666666667 0.7291666666666666 0.011666666666666667 0.011666666666666667
0 0.3441666666666667 0.8975 0.03 0.035
0 0.4125 0.9258333333333333 0.008333333333333333 0.013333333333333334
