2.0 0.17596666666666666 0.09064289685849322 0.07759166666666667 0.06949958298582151
2.0 0.2197083333333333 0.813461912705032 0.078975 0.06672226855713094
2.0 0.6314666666666666 0.5305928551570753 0.0386 0.045871559633027525
5 0.9916666666666667 0.5225 0.01 0.008333333333333333
5 0.05333333333333334 0.7425 0.008333333333333333 0.01
5 0.06166666666666667 0.14416666666666667 0.01 0.01
5 0.4625 0.6308333333333334 0.008333333333333333 0.008333333333333333
5 0.8941666666666667 0.25833333333333336 0.008333333333333333 0.008333333333333333
5 0.7475 0.9208333333333333 0.013333333333333334 0.011666666666666667
5 0.075 0.5266666666666666 0.008333333333333333 0.008333333333333333
5 0.6516666666666666 0.7233333333333334 0.006666666666666667 0.006666666666666667
5 0.31416666666666665 0.69 0.013333333333333334 0.013333333333333334
5 0.6825 0.20083333333333334 0.015 0.021666666666666667
5 0.4008333333333333 0.6241666666666666 0.013333333333333334 0.015
5 0.265 0.335 0.01 0.011666666666666667
5 0.35833333333333334 0.16333333333333333 0.011666666666666667 0.01
5 0.065 0.24583333333333332 0.015 0.015
5 0.5258333333333334 0.11583333333333333 0.01 0.011666666666666667
5 0.15916666666666668 0.43083333333333335 0.011666666666666667 0.011666666666666667
5 0.845 0.06 0.006666666666666667 0.008333333333333333
5 0.4191666666666667 0.5075 0.006666666666666667 0.006666666666666667
0 0.0475 0.6833333333333333 0.011666666666666667 0.013333333333333334
0 0.11333333333333333 0.365 0.02 0.02
0 0.14833333333333334 0.6991666666666667 0.01 0.011666666666666667
0 0.7041666666666667 0.41583333333333333 0.01 0.008333333333333333
0 0.10416666666666667 0.41083333333333333 0.018333333333333333 0.02666666666666667
0 0.355 0.8841666666666667 0.018333333333333333 0.018333333333333333
0 0.6733333333333333 0.27 0.016666666666666666 0.015
