5 0.5575 0.2725 0.008333333333333333 0.006666666666666667
5 0.7858333333333334 0.77 0.006666666666666667 0.01
5 0.08166666666666667 0.345 0.011666666666666667 0.011666666666666667
5 0.23416666666666666 0.6025 0.016666666666666666 0.02
5 0.8916666666666667 0.11 0.013333333333333334 0.01
5 0.43333333333333335 0.215 0.008333333333333333 0.006666666666666667
5 0.6341666666666667 0.505 0.013333333333333334 0.015
0 0.04666666666666667 0.44416666666666665 0.015 0.016666666666666666
0 0.7575 0.8725 0.021666666666666667 0.023333333333333334
0 0.5566666666666666 0.7533333333333333 0.021666666666666667 0.021666666666666667
0 0.6325 0.29333333333333333 0.015 0.015
0 0.7116666666666667 0.26666666666666666 0.023333333333333334 0.018333333333333333
0 0.08416666666666667 0.425 0.03333333333333333 0.028333333333333332
0 0.515 0.975 0.016666666666666666 0.011666666666666667
0 0.515 0.41833333333333333 0.011666666666666667 0.013333333333333334
