5 0.6616666666666666 0.9691666666666666 0.008333333333333333 0.008333333333333333
5 0.18666666666666668 0.49833333333333335 0.011666666666666667 0.011666666666666667
5 0.13833333333333334 0.9108333333333334 0.008333333333333333 0.008333333333333333
5 0.6941666666666667 0.7933333333333333 0.013333333333333334 0.013333333333333334
5 0.8183333333333334 0.88 0.01 0.01
5 0.7916666666666666 0.49 0.006666666666666667 0.006666666666666667
5 0.5591666666666667 0.9675 0.015 0.015
5 0.8383333333333334 0.1025 0.008333333333333333 0.008333333333333333
0 0.8083333333333333 0.37833333333333335 0.013333333333333334 0.008333333333333333
0 0.6725 0.7166666666666667 0.01 0.008333333333333333
