5 0.08916666666666667 0.6491666666666667 0.008333333333333333 0.008333333333333333
5 0.4425 0.8841666666666667 0.008333333333333333 0.008333333333333333
5 0.31083333333333335 0.375 0.013333333333333334 0.013333333333333334
5 0.965 0.17333333333333334 0.008333333333333333 0.01
5 0.9525 0.45416666666666666 0.01 0.008333333333333333
5 0.011666666666666667 0.7583333333333333 0.013333333333333334 0.013333333333333334
5 0.4058333333333333 0.505 0.008333333333333333 0.01
5 0.6908333333333333 0.10666666666666667 0.013333333333333334 0.015
5 0.7908333333333334 0.6491666666666667 0.008333333333333333 0.005
5 0.395 0.7441666666666666 0.011666666666666667 0.011666666666666667
5 0.695 0.8933333333333333 0.008333333333333333 0.008333333333333333
5 0.08666666666666667 0.305 0.01 0.008333333333333333
5 0.675 0.7333333333333333 0.016666666666666666 0.015
5 0.9283333333333333 0.22333333333333333 0.016666666666666666 0.016666666666666666
5 0.0775 0.5208333333333334 0.006666666666666667 0.008333333333333333
0 0.27 0.66 0.025 0.02666666666666667
0 0.73 0.7158333333333333 0.016666666666666666 0.018333333333333333
0 0.5858333333333333 0.19166666666666668 0.008333333333333333 0.008333333333333333
0 0.81 0.9283333333333333 0.013333333333333334 0.013333333333333334
0 0.9708333333333333 0.7116666666666667 0.011666666666666667 0.015
0 0.08166666666666667 0.08333333333333333 0.018333333333333333 0.021666666666666667
0 0.065 0.48333333333333334 0.013333333333333334 0.013333333333333334
0 0.87 0.9341666666666667 0.008333333333333333 0.008333333333333333
