8.0 0.21072203196347034 0.5671956087824352 0.24017123287671233 0.4959965782720274
8.0 0.5121090182648402 0.6722597661819218 0.3224058219178082 0.2578699743370402
5 0.8125 0.6158333333333333 0.018333333333333333 0.025
5 0.6383333333333333 0.4275 0.011666666666666667 0.011666666666666667
5 0.3525 0.5033333333333333 0.006666666666666667 0.008333333333333333
5 0.051666666666666666 0.955 0.008333333333333333 0.01
5 0.9441666666666667 0.7583333333333333 0.006666666666666667 0.008333333333333333
5 0.22333333333333333 0.6183333333333333 0.013333333333333334 0.011666666666666667
5 0.3858333333333333 0.6516666666666666 0.015 0.013333333333333334
5 0.33916666666666667 0.49666666666666665 0.008333333333333333 0.008333333333333333
5 0.49416666666666664 0.4066666666666667 0.013333333333333334 0.013333333333333334
5 0.9566666666666667 0.2375 0.023333333333333334 0.021666666666666667
5 0.17833333333333334 0.585 0.008333333333333333 0.008333333333333333
5 0.5725 0.5866666666666667 0.011666666666666667 0.01
5 0.33166666666666667 0.023333333333333334 0.013333333333333334 0.011666666666666667
5 0.45 0.6625 0.008333333333333333 0.008333333333333333
5 0.20083333333333334 0.93 0.008333333333333333 0.008333333333333333
5 0.7125 0.9775 0.013333333333333334 0.011666666666666667
5 0.53 0.6975 0.006666666666666667 0.006666666666666667
