5 0.5575 0.7091666666666666 0.013333333333333334 0.013333333333333334
5 0.4633333333333333 0.3933333333333333 0.011666666666666667 0.011666666666666667
5 0.15583333333333332 0.5141666666666667 0.016666666666666666 0.018333333333333333
5 0.9333333333333333 0.8091666666666667 0.011666666666666667 0.01
5 0.5891666666666666 0.9766666666666667 0.008333333333333333 0.008333333333333333
5 0.6558333333333334 0.8725 0.013333333333333334 0.015
5 0.115 0.6791666666666667 0.008333333333333333 0.008333333333333333
5 0.11583333333333333 0.85 0.008333333333333333 0.008333333333333333
5 0.18333333333333332 0.6025 0.006666666666666667 0.006666666666666667
5 0.22333333333333333 0.7258333333333333 0.006666666666666667 0.008333333333333333
0 0.26666666666666666 0.6483333333333333 0.008333333333333333 0.013333333333333334
0 0.4425 0.07583333333333334 0.013333333333333334 0.013333333333333334
0 0.17 0.31583333333333335 0.016666666666666666 0.016666666666666666
