5 0.38416666666666666 0.5908333333333333 0.01 0.011666666666666667
5 0.04083333333333333 0.7125 0.011666666666666667 0.011666666666666667
5 0.8566666666666667 0.25166666666666665 0.008333333333333333 0.008333333333333333
5 0.7416666666666667 0.059166666666666666 0.008333333333333333 0.008333333333333333
5 0.8716666666666667 0.6066666666666667 0.01 0.011666666666666667
5 0.9108333333333334 0.8966666666666666 0.015 0.016666666666666666
5 0.3575 0.37333333333333335 0.008333333333333333 0.008333333333333333
5 0.49583333333333335 0.1025 0.013333333333333334 0.016666666666666666
5 0.45 0.48083333333333333 0.011666666666666667 0.01
5 0.46416666666666667 0.10083333333333333 0.013333333333333334 0.015
6 0.13916666666666666 0.9041666666666667 0.07666666666666666 0.19166666666666668
6 0.505 0.5758333333333333 0.02666666666666667 0.085
6 0.64 0.7166666666666667 0.07666666666666666 0.31333333333333335
