5 0.3275 0.0275 0.02 0.021666666666666667
5 0.4791666666666667 0.4325 0.008333333333333333 0.01
5 0.5625 0.9341666666666667 0.01 0.011666666666666667
5 0.195 0.49083333333333334 0.01 0.011666666666666667
5 0.6741666666666667 0.9258333333333333 0.011666666666666667 0.01
5 0.08666666666666667 0.6975 0.02 0.015
5 0.77 0.5941666666666666 0.01 0.008333333333333333
5 0.7725 0.0925 0.013333333333333334 0.016666666666666666
5 0.8 0.5208333333333334 0.02 0.018333333333333333
5 0.24166666666666667 0.8916666666666667 0.011666666666666667 0.013333333333333334
5 0.0525 0.155 0.011666666666666667 0.011666666666666667
5 0.9125 0.5658333333333333 0.008333333333333333 0.008333333333333333
5 0.5083333333333333 0.9083333333333333 0.006666666666666667 0.008333333333333333
