5 0.18333333333333332 0.4033333333333333 0.01 0.011666666666666667
5 0.6883333333333334 0.08833333333333333 0.02 0.018333333333333333
5 0.6175 0.26 0.013333333333333334 0.025
5 0.465 0.8825 0.016666666666666666 0.015
5 0.17916666666666667 0.5516666666666666 0.011666666666666667 0.011666666666666667
5 0.9216666666666666 0.17916666666666667 0.013333333333333334 0.015
5 0.44333333333333336 0.8116666666666666 0.016666666666666666 0.015
5 0.55 0.8675 0.006666666666666667 0.008333333333333333
5 0.0675 0.05 0.011666666666666667 0.01
5 0.8025 0.29083333333333333 0.01 0.01
5 0.6166666666666667 0.3258333333333333 0.013333333333333334 0.013333333333333334
5 0.16083333333333333 0.9883333333333333 0.018333333333333333 0.021666666666666667
5 0.485 0.45 0.008333333333333333 0.008333333333333333
5 0.3858333333333333 0.1725 0.008333333333333333 0.008333333333333333
5 0.02666666666666667 0.23916666666666667 0.016666666666666666 0.015
