5 0.05583333333333333 0.6516666666666666 0.008333333333333333 0.006666666666666667
5 0.5483333333333333 0.23166666666666666 0.013333333333333334 0.016666666666666666
5 0.6666666666666666 0.043333333333333335 0.015 0.013333333333333334
5 0.6658333333333334 0.6783333333333333 0.015 0.013333333333333334
5 0.6208333333333333 0.5558333333333333 0.006666666666666667 0.006666666666666667
5 0.38916666666666666 0.4475 0.015 0.011666666666666667
5 0.9275 0.9575 0.006666666666666667 0.006666666666666667
5 0.5408333333333334 0.0975 0.01 0.011666666666666667
5 0.9183333333333333 0.855 0.006666666666666667 0.006666666666666667
5 0.8375 0.19583333333333333 0.011666666666666667 0.011666666666666667
5 0.15666666666666668 0.4608333333333333 0.016666666666666666 0.018333333333333333
5 0.35833333333333334 0.4608333333333333 0.006666666666666667 0.006666666666666667
5 0.7533333333333333 0.5225 0.02 0.016666666666666666
