5 0.24083333333333334 0.2425 0.01 0.01
5 0.8666666666666667 0.4325 0.006666666666666667 0.008333333333333333
5 0.8125 0.3333333333333333 0.018333333333333333 0.025
5 0.9183333333333333 0.405 0.011666666666666667 0.011666666666666667
5 0.07916666666666666 0.06 0.008333333333333333 0.008333333333333333
5 0.7866666666666666 0.9341666666666667 0.008333333333333333 0.008333333333333333
5 0.945 0.825 0.006666666666666667 0.008333333333333333
5 0.43833333333333335 0.4058333333333333 0.016666666666666666 0.02
5 0.17583333333333334 0.905 0.006666666666666667 0.006666666666666667
5 0.18416666666666667 0.5416666666666666 0.016666666666666666 0.016666666666666666
