5 0.925 0.5475 0.015 0.016666666666666666
5 0.5191666666666667 0.335 0.016666666666666666 0.016666666666666666
5 0.0125 0.0475 0.016666666666666666 0.018333333333333333
5 0.49 0.9125 0.011666666666666667 0.01
5 0.17666666666666667 0.21166666666666667 0.01 0.008333333333333333
5 0.7316666666666667 0.1975 0.006666666666666667 0.006666666666666667
5 0.9008333333333334 0.8191666666666667 0.011666666666666667 0.011666666666666667
5 0.28583333333333333 0.2625 0.008333333333333333 0.008333333333333333
5 0.2833333333333333 0.2 0.008333333333333333 0.008333333333333333
5 0.5766666666666667 0.010833333333333334 0.008333333333333333 0.008333333333333333
5 0.31083333333333335 0.03166666666666667 0.011666666666666667 0.011666666666666667
5 0.6825 0.6216666666666667 0.015 0.018333333333333333
0 0.5291666666666667 0.11166666666666666 0.016666666666666666 0.016666666666666666
0 0.6741666666666667 0.31166666666666665 0.028333333333333332 0.03166666666666667
0 0.44916666666666666 0.39166666666666666 0.008333333333333333 0.01
0 0.8875 0.11833333333333333 0.018333333333333333 0.015
