5 0.5416666666666666 0.425 0.006666666666666667 0.006666666666666667
5 0.8166666666666667 0.2941666666666667 0.008333333333333333 0.008333333333333333
5 0.9316666666666666 0.6816666666666666 0.016666666666666666 0.011666666666666667
5 0.2966666666666667 0.8925 0.008333333333333333 0.008333333333333333
5 0.13583333333333333 0.235 0.008333333333333333 0.008333333333333333
5 0.6225 0.7908333333333334 0.016666666666666666 0.015
5 0.18416666666666667 0.0775 0.008333333333333333 0.008333333333333333
5 0.9241666666666667 0.6566666666666666 0.015 0.013333333333333334
5 0.4033333333333333 0.255 0.021666666666666667 0.021666666666666667
5 0.305 0.6933333333333334 0.008333333333333333 0.01
5 0.2275 0.5741666666666667 0.01 0.01
5 0.7266666666666667 0.5683333333333334 0.011666666666666667 0.011666666666666667
5 0.1875 0.020833333333333332 0.01 0.011666666666666667
5 0.6858333333333333 0.03666666666666667 0.01 0.01
5 0.5208333333333334 0.7858333333333334 0.013333333333333334 0.016666666666666666
5 0.0825 0.3025 0.006666666666666667 0.006666666666666667
5 0.425 0.8258333333333333 0.006666666666666667 0.008333333333333333
5 0.31916666666666665 0.3333333333333333 0.006666666666666667 0.006666666666666667
