5 0.29083333333333333 0.25083333333333335 0.011666666666666667 0.011666666666666667
5 0.7333333333333333 0.16083333333333333 0.018333333333333333 0.018333333333333333
5 0.9175 0.14916666666666667 0.006666666666666667 0.008333333333333333
5 0.6458333333333334 0.49833333333333335 0.008333333333333333 0.008333333333333333
5 0.47333333333333333 0.9566666666666667 0.01 0.01
5 0.13333333333333333 0.6766666666666666 0.011666666666666667 0.01
5 0.5766666666666667 0.1025 0.01 0.008333333333333333
5 0.49333333333333335 0.3541666666666667 0.008333333333333333 0.008333333333333333
5 0.17833333333333334 0.14083333333333334 0.013333333333333334 0.013333333333333334
0 0.8583333333333333 0.485 0.01 0.01
0 0.10416666666666667 0.7716666666666666 0.016666666666666666 0.015
0 0.8358333333333333 0.8683333333333333 0.023333333333333334 0.025
