5 0.205 0.9416666666666667 0.008333333333333333 0.008333333333333333
5 0.4533333333333333 0.7641666666666667 0.01 0.011666666666666667
5 0.07833333333333334 0.0275 0.01 0.011666666666666667
5 0.4683333333333333 0.5891666666666666 0.016666666666666666 0.015
5 0.45166666666666666 0.0425 0.008333333333333333 0.006666666666666667
5 0.6341666666666667 0.31916666666666665 0.013333333333333334 0.015
5 0.18333333333333332 0.005833333333333334 0.01 0.01
5 0.3875 0.13666666666666666 0.008333333333333333 0.008333333333333333
5 0.8725 0.9783333333333334 0.013333333333333334 0.013333333333333334
5 0.060833333333333336 0.575 0.011666666666666667 0.011666666666666667
5 0.5383333333333333 0.025 0.011666666666666667 0.011666666666666667
5 0.855 0.9191666666666667 0.01 0.01
