5 0.36666666666666664 0.08416666666666667 0.01 0.01
5 0.05 0.8591666666666666 0.01 0.011666666666666667
5 0.255 0.11416666666666667 0.008333333333333333 0.008333333333333333
5 0.215 0.9858333333333333 0.013333333333333334 0.013333333333333334
5 0.19833333333333333 0.32666666666666666 0.013333333333333334 0.013333333333333334
5 0.049166666666666664 0.7875 0.011666666666666667 0.01
5 0.4066666666666667 0.45666666666666667 0.008333333333333333 0.008333333333333333
5 0.055 0.065 0.011666666666666667 0.011666666666666667
5 0.5966666666666667 0.1825 0.008333333333333333 0.008333333333333333
5 0.8066666666666666 0.8216666666666667 0.016666666666666666 0.015
0 0.06 0.04666666666666667 0.018333333333333333 0.016666666666666666
0 0.125 0.85 0.02 0.021666666666666667
0 0.96 0.023333333333333334 0.02 0.02
0 0.7183333333333334 0.3933333333333333 0.015 0.015
0 0.07666666666666666 0.9933333333333333 0.01 0.013333333333333334
