5 0.38666666666666666 0.26416666666666666 0.023333333333333334 0.02
5 0.5475 0.04666666666666667 0.008333333333333333 0.008333333333333333
5 0.5925 0.6666666666666666 0.01 0.01
5 0.0225 0.20916666666666667 0.008333333333333333 0.008333333333333333
5 0.0325 0.3566666666666667 0.018333333333333333 0.016666666666666666
5 0.25333333333333335 0.17583333333333334 0.016666666666666666 0.015
5 0.7791666666666667 0.5191666666666667 0.01 0.01
5 0.7625 0.9808333333333333 0.008333333333333333 0.008333333333333333
5 0.5425 0.4741666666666667 0.006666666666666667 0.006666666666666667
5 0.42 0.7266666666666667 0.006666666666666667 0.006666666666666667
5 0.16 0.1475 0.01 0.011666666666666667
5 0.8783333333333333 0.8091666666666667 0.008333333333333333 0.008333333333333333
5 0.6791666666666667 0.74 0.01 0.01
5 0.02 0.6641666666666667 0.008333333333333333 0.008333333333333333
5 0.051666666666666666 0.8225 0.01 0.01
5 0.8008333333333333 0.2025 0.011666666666666667 0.013333333333333334
5 0.3383333333333333 0.3025 0.02 0.018333333333333333
5 0.4633333333333333 0.565 0.016666666666666666 0.015
0 0.9016666666666666 0.3516666666666667 0.016666666666666666 0.016666666666666666
0 0.8291666666666667 0.4275 0.016666666666666666 0.016666666666666666
0 0.7641666666666667 0.3 0.023333333333333334 0.023333333333333334
0 0.8433333333333334 0.39916666666666667 0.02 0.02
0 0.7725 0.45166666666666666 0.006666666666666667 0.01
0 0.02666666666666667 0.8441666666666666 0.011666666666666667 0.013333333333333334
0 0.09833333333333333 0.4 0.02 0.021666666666666667
