2.0 0.4849583333333334 0.2621629135390603 0.06225 0.07228523769808173
2.0 0.23915000000000006 0.7869085348901863 0.06508333333333333 0.07089241034195162
2.0 0.9654583333333333 0.8682262996941896 0.07602500000000001 0.0750625521267723
5 0.16 0.2783333333333333 0.008333333333333333 0.008333333333333333
5 0.8883333333333333 0.6683333333333333 0.01 0.008333333333333333
5 0.39416666666666667 0.215 0.015 0.018333333333333333
5 0.9466666666666667 0.2758333333333333 0.015 0.016666666666666666
5 0.3325 0.6216666666666667 0.008333333333333333 0.008333333333333333
5 0.5441666666666667 0.25166666666666665 0.008333333333333333 0.008333333333333333
5 0.23333333333333334 0.0975 0.018333333333333333 0.016666666666666666
5 0.7366666666666667 0.45166666666666666 0.01 0.008333333333333333
5 0.25083333333333335 0.6991666666666667 0.008333333333333333 0.01
5 0.5591666666666667 0.6933333333333334 0.016666666666666666 0.035
5 0.39 0.9825 0.016666666666666666 0.015
5 0.6316666666666667 0.6458333333333334 0.013333333333333334 0.013333333333333334
5 0.15333333333333332 0.685 0.008333333333333333 0.008333333333333333
5 0.7825 0.7116666666666667 0.008333333333333333 0.008333333333333333
5 0.6125 0.23583333333333334 0.008333333333333333 0.008333333333333333
5 0.7258333333333333 0.74 0.006666666666666667 0.006666666666666667
5 0.5691666666666667 0.7175 0.011666666666666667 0.01
5 0.76 0.7258333333333333 0.01 0.01
