5 0.16416666666666666 0.5191666666666667 0.011666666666666667 0.011666666666666667
5 0.0425 0.8516666666666667 0.008333333333333333 0.006666666666666667
5 0.19583333333333333 0.775 0.006666666666666667 0.005
5 0.25 0.18333333333333332 0.008333333333333333 0.006666666666666667
5 0.56 0.175 0.008333333333333333 0.01
5 0.13416666666666666 0.77 0.013333333333333334 0.011666666666666667
5 0.315 0.6941666666666667 0.015 0.015
5 0.6625 0.8958333333333334 0.018333333333333333 0.016666666666666666
5 0.14166666666666666 0.6583333333333333 0.011666666666666667 0.01
5 0.4266666666666667 0.3325 0.0033333333333333335 0.005
5 0.3775 0.6725 0.015 0.016666666666666666
5 0.9041666666666667 0.8025 0.015 0.015
5 0.7133333333333334 0.9091666666666667 0.006666666666666667 0.008333333333333333
