5 0.029166666666666667 0.4241666666666667 0.01 0.011666666666666667
5 0.93 0.5175 0.01 0.011666666666666667
5 0.2975 0.8716666666666667 0.011666666666666667 0.011666666666666667
5 0.895 0.9658333333333333 0.01 0.008333333333333333
5 0.4766666666666667 0.41333333333333333 0.008333333333333333 0.008333333333333333
5 0.69 0.5658333333333333 0.01 0.01
5 0.7258333333333333 0.38333333333333336 0.008333333333333333 0.008333333333333333
5 0.09416666666666666 0.8458333333333333 0.008333333333333333 0.008333333333333333
5 0.3275 0.7975 0.013333333333333334 0.013333333333333334
5 0.9675 0.5175 0.01 0.01
5 0.041666666666666664 0.24833333333333332 0.013333333333333334 0.013333333333333334
5 0.7691666666666667 0.3225 0.013333333333333334 0.015
5 0.5 0.9616666666666667 0.015 0.015
5 0.36666666666666664 0.8625 0.01 0.008333333333333333
5 0.4841666666666667 0.5466666666666666 0.008333333333333333 0.008333333333333333
0 0.9041666666666667 0.5341666666666667 0.016666666666666666 0.016666666666666666
0 0.27666666666666667 0.13583333333333333 0.013333333333333334 0.011666666666666667
0 0.6983333333333334 0.8375 0.011666666666666667 0.011666666666666667
0 0.18416666666666667 0.6533333333333333 0.035 0.04
0 0.6983333333333334 0.8391666666666666 0.01 0.015
