5 0.49833333333333335 0.6958333333333333 0.023333333333333334 0.02
5 0.7275 0.9316666666666666 0.01 0.008333333333333333
5 0.7083333333333334 0.23083333333333333 0.006666666666666667 0.006666666666666667
5 0.31833333333333336 0.8325 0.01 0.01
5 0.39416666666666667 0.9583333333333334 0.013333333333333334 0.015
5 0.09416666666666666 0.6816666666666666 0.016666666666666666 0.015
5 0.021666666666666667 0.24083333333333334 0.011666666666666667 0.01
5 0.5983333333333334 0.41 0.011666666666666667 0.011666666666666667
5 0.6733333333333333 0.37666666666666665 0.015 0.013333333333333334
5 0.33916666666666667 0.8158333333333333 0.016666666666666666 0.015
5 0.41833333333333333 0.12416666666666666 0.01 0.01
5 0.08 0.0675 0.008333333333333333 0.008333333333333333
5 0.6 0.9075 0.008333333333333333 0.008333333333333333
5 0.8241666666666667 0.006666666666666667 0.01 0.01
5 0.19833333333333333 0.21 0.01 0.008333333333333333
5 0.38916666666666666 0.21583333333333332 0.021666666666666667 0.02
5 0.6933333333333334 0.6125 0.0033333333333333335 0.005
5 0.3175 0.8916666666666667 0.013333333333333334 0.015
0 0.08333333333333333 0.21583333333333332 0.02 0.021666666666666667
0 0.9108333333333334 0.6616666666666666 0.03333333333333333 0.03333333333333333
0 0.815 0.4825 0.015 0.016666666666666666
0 0.15833333333333333 0.8641666666666666 0.03 0.028333333333333332
0 0.25583333333333336 0.42333333333333334 0.016666666666666666 0.015
6 0.5108333333333334 0.15166666666666667 0.02666666666666667 0.07333333333333333
6 0.9325 0.7708333333333334 0.02 0.03333333333333333
6 0.6466666666666666 0.8116666666666666 0.03666666666666667 0.07833333333333334
