5 0.8483333333333334 0.7408333333333333 0.016666666666666666 0.015
5 0.1125 0.09916666666666667 0.01 0.01
5 0.635 0.26166666666666666 0.006666666666666667 0.006666666666666667
5 0.16333333333333333 0.18666666666666668 0.01 0.011666666666666667
5 0.34 0.2991666666666667 0.008333333333333333 0.01
5 0.8308333333333333 0.9833333333333333 0.018333333333333333 0.016666666666666666
5 0.9658333333333333 0.91 0.015 0.015
5 0.075 0.125 0.011666666666666667 0.01
5 0.6825 0.7941666666666667 0.023333333333333334 0.02
5 0.6291666666666667 0.24 0.008333333333333333 0.008333333333333333
5 0.20416666666666666 0.13666666666666666 0.01 0.011666666666666667
5 0.5533333333333333 0.6166666666666667 0.015 0.013333333333333334
0 0.5425 0.8733333333333333 0.016666666666666666 0.018333333333333333
0 0.3283333333333333 0.7191666666666666 0.013333333333333334 0.015
0 0.8341666666666666 0.10583333333333333 0.02666666666666667 0.021666666666666667
0 0.07083333333333333 0.815 0.028333333333333332 0.025
0 0.04833333333333333 0.5383333333333333 0.02 0.02
0 0.11166666666666666 0.041666666666666664 0.01 0.011666666666666667
0 0.4625 0.365 0.03 0.02
