5 0.8258333333333333 0.7941666666666667 0.006666666666666667 0.006666666666666667
5 0.9841666666666666 0.9616666666666667 0.011666666666666667 0.011666666666666667
5 0.8158333333333333 0.24583333333333332 0.011666666666666667 0.01
5 0.6866666666666666 0.9241666666666667 0.006666666666666667 0.006666666666666667
5 0.6341666666666667 0.5475 0.008333333333333333 0.008333333333333333
5 0.6508333333333334 0.5708333333333333 0.016666666666666666 0.035
5 0.65 0.10333333333333333 0.016666666666666666 0.015
5 0.18166666666666667 0.29333333333333333 0.006666666666666667 0.006666666666666667
5 0.015 0.028333333333333332 0.015 0.011666666666666667
5 0.8725 0.9075 0.015 0.018333333333333333
5 0.3258333333333333 0.32 0.006666666666666667 0.006666666666666667
5 0.03 0.335 0.01 0.01
