2.0 0.09951612903225807 0.15640582959641255 0.15064516129032257 0.056798206278026904
2.0 0.8692831541218637 0.2169439461883408 0.10416666666666667 0.07623318385650224
2.0 0.27348566308243727 0.7244237668161435 0.06548387096774193 0.10762331838565023
5 0.18166666666666667 0.2475 0.015 0.016666666666666666
5 0.5633333333333334 0.32666666666666666 0.011666666666666667 0.008333333333333333
5 0.14416666666666667 0.8983333333333333 0.01 0.01
5 0.5458333333333333 0.8433333333333334 0.008333333333333333 0.008333333333333333
5 0.8583333333333333 0.018333333333333333 0.011666666666666667 0.01
5 0.47 0.8991666666666667 0.006666666666666667 0.006666666666666667
5 0.4875 0.3 0.015 0.016666666666666666
0 0.5775 0.3541666666666667 0.015 0.016666666666666666
0 0.565 0.15416666666666667 0.016666666666666666 0.016666666666666666
0 0.4425 0.7866666666666666 0.025 0.023333333333333334
3 0.7291666666666666 0.5108333333333334 0.05 0.020833333333333332
