5 0.20833333333333334 0.44416666666666665 0.008333333333333333 0.008333333333333333
5 0.5758333333333333 0.5208333333333334 0.008333333333333333 0.008333333333333333
5 0.22833333333333333 0.2658333333333333 0.02 0.016666666666666666
5 0.8108333333333333 0.7916666666666666 0.008333333333333333 0.008333333333333333
5 0.8941666666666667 0.32416666666666666 0.015 0.013333333333333334
5 0.8825 0.38333333333333336 0.023333333333333334 0.021666666666666667
5 0.8633333333333333 0.5141666666666667 0.008333333333333333 0.008333333333333333
5 0.6575 0.41 0.013333333333333334 0.016666666666666666
5 0.9541666666666667 0.43833333333333335 0.008333333333333333 0.008333333333333333
5 0.895 0.5958333333333333 0.008333333333333333 0.008333333333333333
5 0.6741666666666667 0.5391666666666667 0.008333333333333333 0.008333333333333333
5 0.4175 0.5833333333333334 0.01 0.01
6 0.31083333333333335 0.6933333333333334 0.051666666666666666 0.22166666666666668
6 0.6216666666666667 0.7041666666666667 0.07666666666666666 0.31333333333333335
