5 0.6033333333333334 0.48833333333333334 0.006666666666666667 0.006666666666666667
5 0.49666666666666665 0.7691666666666667 0.011666666666666667 0.01
5 0.575 0.4075 0.011666666666666667 0.011666666666666667
5 0.4975 0.53 0.006666666666666667 0.006666666666666667
5 0.12166666666666667 0.3725 0.008333333333333333 0.008333333333333333
5 0.8216666666666667 0.8683333333333333 0.013333333333333334 0.013333333333333334
5 0.8975 0.7758333333333334 0.01 0.01
5 0.6691666666666667 0.8541666666666666 0.01 0.01
5 0.030833333333333334 0.4116666666666667 0.016666666666666666 0.016666666666666666
5 0.09833333333333333 0.2275 0.008333333333333333 0.008333333333333333
5 0.13916666666666666 0.7666666666666667 0.008333333333333333 0.01
5 0.6908333333333333 0.8366666666666667 0.008333333333333333 0.008333333333333333
5 0.6441666666666667 0.9791666666666666 0.008333333333333333 0.008333333333333333
5 0.21166666666666667 0.42333333333333334 0.006666666666666667 0.008333333333333333
5 0.26666666666666666 0.041666666666666664 0.008333333333333333 0.008333333333333333
5 0.10666666666666667 0.9116666666666666 0.015 0.013333333333333334
5 0.1 0.6666666666666666 0.013333333333333334 0.015
5 0.8891666666666667 0.9466666666666667 0.008333333333333333 0.008333333333333333
