5 0.17666666666666667 0.8591666666666666 0.008333333333333333 0.008333333333333333
5 0.03333333333333333 0.051666666666666666 0.011666666666666667 0.011666666666666667
5 0.025833333333333333 0.5941666666666666 0.016666666666666666 0.015
5 0.7541666666666667 0.8133333333333334 0.015 0.021666666666666667
5 0.6416666666666667 0.6925 0.008333333333333333 0.008333333333333333
5 0.6225 0.5475 0.01 0.011666666666666667
5 0.33666666666666667 0.27666666666666667 0.013333333333333334 0.013333333333333334
5 0.9658333333333333 0.4525 0.011666666666666667 0.011666666666666667
5 0.019166666666666665 0.8166666666666667 0.008333333333333333 0.01
5 0.5433333333333333 0.7375 0.01 0.011666666666666667
5 0.3566666666666667 0.8875 0.008333333333333333 0.008333333333333333
5 0.16666666666666666 0.4425 0.006666666666666667 0.008333333333333333
5 0.7658333333333334 0.8575 0.013333333333333334 0.013333333333333334
5 0.12333333333333334 0.6933333333333334 0.008333333333333333 0.008333333333333333
5 0.8458333333333333 0.2875 0.013333333333333334 0.011666666666666667
5 0.08 0.16333333333333333 0.013333333333333334 0.013333333333333334
0 0.056666666666666664 0.22083333333333333 0.013333333333333334 0.011666666666666667
0 0.9891666666666666 0.24916666666666668 0.016666666666666666 0.013333333333333334
