5 0.7641666666666667 0.7441666666666666 0.015 0.016666666666666666
5 0.4558333333333333 0.07666666666666666 0.01 0.011666666666666667
5 0.32916666666666666 0.5616666666666666 0.011666666666666667 0.01
5 0.5191666666666667 0.84 0.02 0.021666666666666667
5 0.5666666666666667 0.37166666666666665 0.008333333333333333 0.008333333333333333
5 0.7566666666666667 0.165 0.008333333333333333 0.008333333333333333
5 0.0475 0.46 0.008333333333333333 0.008333333333333333
5 0.38333333333333336 0.66 0.008333333333333333 0.008333333333333333
5 0.4041666666666667 0.5225 0.01 0.01
5 0.7325 0.9866666666666667 0.01 0.01
5 0.8666666666666667 0.43166666666666664 0.008333333333333333 0.008333333333333333
5 0.555 0.9208333333333333 0.008333333333333333 0.008333333333333333
5 0.19666666666666666 0.15583333333333332 0.006666666666666667 0.006666666666666667
5 0.41083333333333333 0.09083333333333334 0.008333333333333333 0.006666666666666667
5 0.03166666666666667 0.19416666666666665 0.015 0.013333333333333334
5 0.5266666666666666 0.2841666666666667 0.008333333333333333 0.008333333333333333
5 0.17 0.12333333333333334 0.01 0.011666666666666667
0 0.5966666666666667 0.7566666666666667 0.016666666666666666 0.018333333333333333
0 0.92 0.245 0.03 0.035
0 0.13333333333333333 0.8133333333333334 0.011666666666666667 0.013333333333333334
0 0.7041666666666667 0.7641666666666667 0.021666666666666667 0.025
0 0.96 0.21916666666666668 0.021666666666666667 0.023333333333333334
0 0.35333333333333333 0.03333333333333333 0.021666666666666667 0.025
0 0.35833333333333334 0.3925 0.015 0.023333333333333334
