5 0.8016666666666666 0.5616666666666666 0.008333333333333333 0.008333333333333333
5 0.44083333333333335 0.5808333333333333 0.01 0.01
5 0.9333333333333333 0.4191666666666667 0.006666666666666667 0.008333333333333333
5 0.6566666666666666 0.94 0.015 0.011666666666666667
5 0.48833333333333334 0.38333333333333336 0.011666666666666667 0.011666666666666667
5 0.40166666666666667 0.5375 0.013333333333333334 0.013333333333333334
5 0.1675 0.12083333333333333 0.013333333333333334 0.013333333333333334
5 0.7866666666666666 0.3308333333333333 0.013333333333333334 0.013333333333333334
5 0.41083333333333333 0.3383333333333333 0.011666666666666667 0.011666666666666667
5 0.42333333333333334 0.38083333333333336 0.01 0.011666666666666667
5 0.20416666666666666 0.98 0.013333333333333334 0.013333333333333334
5 0.45166666666666666 0.3333333333333333 0.006666666666666667 0.006666666666666667
5 0.915 0.6891666666666667 0.021666666666666667 0.02
5 0.37333333333333335 0.9316666666666666 0.013333333333333334 0.011666666666666667
5 0.24916666666666668 0.7625 0.011666666666666667 0.011666666666666667
5 0.6583333333333333 0.6008333333333333 0.008333333333333333 0.008333333333333333
5 0.14083333333333334 0.9616666666666667 0.01 0.011666666666666667
5 0.9466666666666667 0.21666666666666667 0.008333333333333333 0.01
