5 0.925 0.125 0.008333333333333333 0.01
5 0.02 0.03916666666666667 0.006666666666666667 0.006666666666666667
5 0.6708333333333333 0.4241666666666667 0.01 0.01
5 0.8433333333333334 0.38416666666666666 0.018333333333333333 0.025
5 0.0875 0.043333333333333335 0.01 0.01
5 0.29833333333333334 0.7283333333333334 0.008333333333333333 0.008333333333333333
5 0.91 0.27416666666666667 0.008333333333333333 0.005
5 0.12666666666666668 0.8208333333333333 0.015 0.016666666666666666
5 0.6958333333333333 0.7041666666666667 0.006666666666666667 0.008333333333333333
5 0.7066666666666667 0.6133333333333333 0.006666666666666667 0.005
5 0.01 0.9266666666666666 0.015 0.013333333333333334
5 0.10666666666666667 0.025833333333333333 0.008333333333333333 0.008333333333333333
5 0.6058333333333333 0.8741666666666666 0.008333333333333333 0.008333333333333333
0 0.9866666666666667 0.33 0.01 0.013333333333333334
0 0.9108333333333334 0.20833333333333334 0.011666666666666667 0.01
