5 0.3025 0.5541666666666667 0.011666666666666667 0.011666666666666667
5 0.5691666666666667 0.6808333333333333 0.008333333333333333 0.008333333333333333
5 0.27416666666666667 0.4658333333333333 0.011666666666666667 0.011666666666666667
5 0.35 0.595 0.008333333333333333 0.008333333333333333
5 0.5516666666666666 0.405 0.006666666666666667 0.006666666666666667
5 0.30333333333333334 0.041666666666666664 0.01 0.01
5 0.7258333333333333 0.1725 0.008333333333333333 0.006666666666666667
5 0.43916666666666665 0.0575 0.008333333333333333 0.008333333333333333
5 0.019166666666666665 0.4725 0.01 0.011666666666666667
5 0.935 0.19416666666666665 0.013333333333333334 0.016666666666666666
5 0.23166666666666666 0.825 0.008333333333333333 0.008333333333333333
5 0.6483333333333333 0.145 0.016666666666666666 0.02
5 0.8883333333333333 0.925 0.016666666666666666 0.015
5 0.5875 0.015 0.011666666666666667 0.011666666666666667
