5 0.9316666666666666 0.08916666666666667 0.015 0.013333333333333334
5 0.49 0.72 0.02 0.018333333333333333
5 0.7516666666666667 0.6775 0.008333333333333333 0.01
5 0.45416666666666666 0.6225 0.015 0.016666666666666666
0 0.02 0.07583333333333334 0.015 0.02
0 0.08916666666666667 0.4791666666666667 0.018333333333333333 0.016666666666666666
0 0.30583333333333335 0.4708333333333333 0.013333333333333334 0.015
0 0.3491666666666667 0.5141666666666667 0.01 0.01
0 0.6825 0.6358333333333334 0.011666666666666667 0.015
0 0.6266666666666667 0.08666666666666667 0.016666666666666666 0.03
