5 0.25833333333333336 0.041666666666666664 0.015 0.018333333333333333
5 0.6483333333333333 0.3566666666666667 0.008333333333333333 0.008333333333333333
5 0.3016666666666667 0.5441666666666667 0.013333333333333334 0.025
5 0.2733333333333333 0.32666666666666666 0.01 0.01
5 0.2833333333333333 0.30833333333333335 0.01 0.008333333333333333
5 0.7775 0.3441666666666667 0.008333333333333333 0.008333333333333333
5 0.58 0.10333333333333333 0.011666666666666667 0.011666666666666667
5 0.325 0.9225 0.01 0.01
5 0.30583333333333335 0.6166666666666667 0.015 0.021666666666666667
5 0.5133333333333333 0.9891666666666666 0.008333333333333333 0.01
5 0.4141666666666667 0.8425 0.008333333333333333 0.008333333333333333
5 0.6883333333333334 0.5416666666666666 0.01 0.01
5 0.2916666666666667 0.10166666666666667 0.013333333333333334 0.013333333333333334
5 0.5458333333333333 0.44333333333333336 0.006666666666666667 0.006666666666666667
5 0.9741666666666666 0.8541666666666666 0.005 0.006666666666666667
5 0.43 0.9408333333333333 0.013333333333333334 0.011666666666666667
5 0.8741666666666666 0.9375 0.011666666666666667 0.01
5 0.6141666666666666 0.9141666666666667 0.008333333333333333 0.006666666666666667
5 0.21333333333333335 0.2791666666666667 0.011666666666666667 0.011666666666666667
0 0.7225 0.6383333333333333 0.021666666666666667 0.028333333333333332
0 0.48583333333333334 0.14083333333333334 0.008333333333333333 0.008333333333333333
0 0.31 0.4525 0.023333333333333334 0.02666666666666667
0 0.565 0.035833333333333335 0.015 0.016666666666666666
0 0.67 0.8983333333333333 0.016666666666666666 0.015
0 0.5466666666666666 0.65 0.023333333333333334 0.02666666666666667
0 0.8066666666666666 0.7675 0.023333333333333334 0.021666666666666667
0 0.755 0.0825 0.011666666666666667 0.011666666666666667
0 0.165 0.25 0.013333333333333334 0.015
