5 0.2608333333333333 0.034166666666666665 0.008333333333333333 0.008333333333333333
5 0.9116666666666666 0.7891666666666667 0.016666666666666666 0.015
5 0.5216666666666666 0.9608333333333333 0.008333333333333333 0.008333333333333333
5 0.345 0.1925 0.013333333333333334 0.016666666666666666
5 0.7341666666666666 0.7133333333333334 0.011666666666666667 0.011666666666666667
5 0.21916666666666668 0.12166666666666667 0.013333333333333334 0.013333333333333334
5 0.09666666666666666 0.2866666666666667 0.01 0.008333333333333333
5 0.31166666666666665 0.555 0.008333333333333333 0.008333333333333333
5 0.575 0.12333333333333334 0.015 0.013333333333333334
5 0.3375 0.9866666666666667 0.006666666666666667 0.005
5 0.335 0.3383333333333333 0.016666666666666666 0.015
5 0.5916666666666667 0.9716666666666667 0.018333333333333333 0.021666666666666667
