5 0.7191666666666666 0.365 0.01 0.01
5 0.25333333333333335 0.5933333333333334 0.01 0.01
5 0.9366666666666666 0.8841666666666667 0.018333333333333333 0.016666666666666666
5 0.7075 0.17 0.011666666666666667 0.011666666666666667
5 0.225 0.11666666666666667 0.006666666666666667 0.008333333333333333
5 0.8416666666666667 0.7025 0.013333333333333334 0.015
5 0.8108333333333333 0.5183333333333333 0.008333333333333333 0.008333333333333333
5 0.7583333333333333 0.8808333333333334 0.008333333333333333 0.01
5 0.07833333333333334 0.7941666666666667 0.015 0.018333333333333333
5 0.7183333333333334 0.07416666666666667 0.013333333333333334 0.011666666666666667
5 0.3408333333333333 0.7241666666666666 0.006666666666666667 0.006666666666666667
5 0.9391666666666667 0.7525 0.016666666666666666 0.018333333333333333
5 0.12416666666666666 0.5175 0.018333333333333333 0.021666666666666667
5 0.5016666666666667 0.5075 0.023333333333333334 0.021666666666666667
5 0.07666666666666666 0.8791666666666667 0.006666666666666667 0.005
5 0.06833333333333333 0.9766666666666667 0.01 0.01
5 0.20666666666666667 0.0275 0.008333333333333333 0.008333333333333333
5 0.8158333333333333 0.7866666666666666 0.01 0.01
