5 0.7791666666666667 0.02 0.006666666666666667 0.006666666666666667
5 0.2991666666666667 0.6366666666666667 0.01 0.01
5 0.8333333333333334 0.43916666666666665 0.006666666666666667 0.006666666666666667
5 0.6425 0.8675 0.016666666666666666 0.015
5 0.9483333333333334 0.325 0.013333333333333334 0.013333333333333334
5 0.20833333333333334 0.5175 0.013333333333333334 0.013333333333333334
5 0.1925 0.021666666666666667 0.006666666666666667 0.006666666666666667
5 0.38 0.9066666666666666 0.011666666666666667 0.01
5 0.3775 0.8583333333333333 0.008333333333333333 0.006666666666666667
5 0.7108333333333333 0.135 0.008333333333333333 0.008333333333333333
5 0.013333333333333334 0.9716666666666667 0.008333333333333333 0.008333333333333333
5 0.6516666666666666 0.15333333333333332 0.01 0.01
5 0.060833333333333336 0.7633333333333333 0.006666666666666667 0.006666666666666667
5 0.07333333333333333 0.5725 0.015 0.013333333333333334
5 0.4191666666666667 0.4775 0.008333333333333333 0.008333333333333333
0 0.2733333333333333 0.8641666666666666 0.021666666666666667 0.016666666666666666
0 0.23 0.20416666666666666 0.011666666666666667 0.013333333333333334
0 0.6291666666666667 0.17166666666666666 0.013333333333333334 0.013333333333333334
0 0.3283333333333333 0.055 0.008333333333333333 0.01
0 0.059166666666666666 0.43916666666666665 0.015 0.013333333333333334
0 0.2833333333333333 0.6658333333333334 0.02 0.021666666666666667
