5 0.15833333333333333 0.005 0.008333333333333333 0.006666666666666667
5 0.7625 0.23166666666666666 0.01 0.011666666666666667
5 0.33916666666666667 0.7725 0.01 0.008333333333333333
5 0.15916666666666668 0.445 0.008333333333333333 0.008333333333333333
5 0.4375 0.6466666666666666 0.008333333333333333 0.008333333333333333
5 0.8708333333333333 0.38333333333333336 0.011666666666666667 0.01
5 0.7866666666666666 0.5875 0.006666666666666667 0.006666666666666667
5 0.23833333333333334 0.5041666666666667 0.013333333333333334 0.011666666666666667
5 0.9066666666666666 0.49833333333333335 0.008333333333333333 0.01
5 0.5908333333333333 0.8541666666666666 0.021666666666666667 0.021666666666666667
5 0.029166666666666667 0.29583333333333334 0.008333333333333333 0.008333333333333333
5 0.8041666666666667 0.6658333333333334 0.01 0.008333333333333333
5 0.041666666666666664 0.9091666666666667 0.008333333333333333 0.008333333333333333
5 0.30916666666666665 0.09666666666666666 0.006666666666666667 0.006666666666666667
5 0.23 0.8383333333333334 0.013333333333333334 0.013333333333333334
5 0.4625 0.2375 0.006666666666666667 0.006666666666666667
5 0.25583333333333336 0.9925 0.013333333333333334 0.015
