2.0 0.466625 0.27216291353906036 0.06225 0.07228523769808173
2.0 0.2208166666666667 0.7969085348901863 0.06508333333333333 0.07089241034195162
2.0 0.947125 0.8782262996941896 0.07602500000000001 0.0750625521267723
5 0.3466666666666667 0.09333333333333334 0.011666666666666667 0.01
5 0.25666666666666665 0.9883333333333333 0.006666666666666667 0.008333333333333333
5 0.9933333333333333 0.4066666666666667 0.008333333333333333 0.01
5 0.12416666666666666 0.3475 0.016666666666666666 0.015
5 0.4166666666666667 0.8425 0.01 0.011666666666666667
5 0.495 0.6466666666666666 0.013333333333333334 0.011666666666666667
5 0.135 0.44666666666666666 0.015 0.013333333333333334
5 0.8341666666666666 0.03666666666666667 0.02 0.018333333333333333
5 0.78 0.5208333333333334 0.013333333333333334 0.013333333333333334
5 0.10416666666666667 0.04083333333333333 0.008333333333333333 0.008333333333333333
