2.0 0.16683060109289616 0.044462659380692174 0.08327868852459017 0.07589253187613844
2.0 0.6654098360655738 0.5241256830601093 0.045218579234972675 0.0546448087431694
2.0 0.2131238615664845 0.8337795992714025 0.08478142076502733 0.08804189435336976
5 0.6666666666666666 0.31 0.005 0.005
0 0.7925 0.16416666666666666 0.013333333333333334 0.013333333333333334
0 0.4575 0.5341666666666667 0.013333333333333334 0.011666666666666667
0 0.9583333333333334 0.9833333333333333 0.01 0.01
0 0.9683333333333334 0.7983333333333333 0.016666666666666666 0.015
0 0.6775 0.8008333333333333 0.008333333333333333 0.008333333333333333
0 0.5283333333333333 0.45 0.011666666666666667 0.013333333333333334
0 0.16583333333333333 0.815 0.013333333333333334 0.011666666666666667
0 0.25416666666666665 0.09166666666666666 0.02666666666666667 0.021666666666666667
