5.0 0.5051249999999999 0.8053416666666667 0.016050000000000002 0.015341666666666667
1.0 0.9531499999999999 0.8778333333333335 0.03826666666666667 0.038
1.0 0.1114833333333333 0.1391333333333334 0.044675 0.045625
5.0 0.1714416666666666 0.1797916666666667 0.015075 0.0158
5 0.0825 0.4008333333333333 0.006666666666666667 0.006666666666666667
5 0.9883333333333333 0.5283333333333333 0.006666666666666667 0.006666666666666667
5 0.7766666666666666 0.6758333333333333 0.01 0.01
5 0.625 0.11 0.008333333333333333 0.01
5 0.009166666666666667 0.895 0.013333333333333334 0.011666666666666667
5 0.3258333333333333 0.15833333333333333 0.011666666666666667 0.011666666666666667
5 0.9641666666666666 0.5858333333333333 0.006666666666666667 0.005
5 0.355 0.5208333333333334 0.006666666666666667 0.008333333333333333
5 0.17083333333333334 0.24416666666666667 0.015 0.016666666666666666
