2.0 0.8986583333333334 0.30930833333333335 0.046875 0.10972499999999999
2.0 0.2910916666666667 0.8738916666666667 0.10118333333333333 0.052774999999999996
2.0 0.15846666666666667 0.08291666666666667 0.04705 0.0625
5.0 0.5264833333333333 0.842275 0.016408333333333334 0.019441666666666666
5 0.7183333333333334 0.3516666666666667 0.008333333333333333 0.006666666666666667
5 0.030833333333333334 0.8283333333333334 0.016666666666666666 0.016666666666666666
5 0.6458333333333334 0.9366666666666666 0.011666666666666667 0.013333333333333334
5 0.050833333333333335 0.17583333333333334 0.011666666666666667 0.011666666666666667
5 0.39 0.61 0.016666666666666666 0.018333333333333333
5 0.9475 0.0375 0.013333333333333334 0.016666666666666666
5 0.9925 0.77 0.014166666666666666 0.011666666666666667
5 0.3441666666666667 0.37083333333333335 0.015 0.015
5 0.0475 0.99 0.015 0.015
5 0.885 0.5741666666666667 0.018333333333333333 0.016666666666666666
5 0.7908333333333334 0.025 0.008333333333333333 0.008333333333333333
5 0.2941666666666667 0.5391666666666667 0.008333333333333333 0.01
5 0.9725 0.8175 0.01 0.011666666666666667
5 0.17333333333333334 0.095 0.008333333333333333 0.008333333333333333
5 0.6091666666666666 0.115 0.006666666666666667 0.008333333333333333
5 0.5025 0.6141666666666666 0.006666666666666667 0.006666666666666667
5 0.6991666666666667 0.7716666666666666 0.018333333333333333 0.021666666666666667
