5 0.8758333333333334 0.37666666666666665 0.011666666666666667 0.013333333333333334
5 0.7716666666666666 0.9016666666666666 0.015 0.013333333333333334
5 0.27416666666666667 0.18666666666666668 0.006666666666666667 0.005
5 0.010833333333333334 0.2683333333333333 0.008333333333333333 0.008333333333333333
5 0.4841666666666667 0.2075 0.013333333333333334 0.013333333333333334
5 0.105 0.2525 0.018333333333333333 0.016666666666666666
5 0.445 0.24 0.008333333333333333 0.008333333333333333
5 0.58 0.8341666666666666 0.018333333333333333 0.016666666666666666
5 0.045 0.17583333333333334 0.01 0.01
5 0.07916666666666666 0.21416666666666667 0.01 0.01
5 0.39416666666666667 0.4266666666666667 0.016666666666666666 0.015
5 0.5383333333333333 0.5408333333333334 0.01 0.011666666666666667
5 0.985 0.7716666666666666 0.015 0.013333333333333334
5 0.24166666666666667 0.9708333333333333 0.013333333333333334 0.015
5 0.30833333333333335 0.28 0.006666666666666667 0.005
5 0.8441666666666666 0.9466666666666667 0.01 0.01
5 0.7383333333333333 0.5091666666666667 0.015 0.021666666666666667
