2.0 0.14915833333333334 0.21878787878787875 0.13731666666666667 0.05281901584653878
2.0 0.8692166666666666 0.2792549346677787 0.10520833333333333 0.07089241034195162
2.0 0.3088666666666666 0.7414484292465944 0.06229166666666667 0.09174311926605505
5 0.1475 0.2825 0.008333333333333333 0.006666666666666667
5 0.29583333333333334 0.49083333333333334 0.015 0.011666666666666667
5 0.05333333333333334 0.095 0.008333333333333333 0.008333333333333333
5 0.9725 0.9041666666666667 0.011666666666666667 0.011666666666666667
5 0.11583333333333333 0.18833333333333332 0.013333333333333334 0.011666666666666667
5 0.7041666666666667 0.17666666666666667 0.015 0.011666666666666667
5 0.5816666666666667 0.5675 0.011666666666666667 0.011666666666666667
5 0.8433333333333334 0.5733333333333334 0.013333333333333334 0.013333333333333334
5 0.22333333333333333 0.7 0.015 0.015
5 0.5491666666666667 0.9166666666666666 0.013333333333333334 0.01
5 0.49583333333333335 0.41583333333333333 0.016666666666666666 0.015
0 0.8925 0.2875 0.013333333333333334 0.011666666666666667
