5 0.6866666666666666 0.09083333333333334 0.015 0.013333333333333334
5 0.8341666666666666 0.6566666666666666 0.013333333333333334 0.013333333333333334
5 0.14416666666666667 0.1175 0.008333333333333333 0.01
5 0.37833333333333335 0.3275 0.01 0.011666666666666667
5 0.29333333333333333 0.24 0.013333333333333334 0.011666666666666667
5 0.1225 0.25916666666666666 0.015 0.016666666666666666
5 0.5866666666666667 0.8933333333333333 0.008333333333333333 0.01
5 0.42833333333333334 0.49666666666666665 0.016666666666666666 0.015
5 0.7341666666666666 0.25083333333333335 0.008333333333333333 0.008333333333333333
5 0.095 0.9766666666666667 0.008333333333333333 0.008333333333333333
5 0.06 0.24166666666666667 0.013333333333333334 0.011666666666666667
