5 0.4191666666666667 0.6433333333333333 0.006666666666666667 0.008333333333333333
5 0.6608333333333334 0.29583333333333334 0.01 0.011666666666666667
5 0.020833333333333332 0.615 0.015 0.013333333333333334
5 0.6333333333333333 0.6316666666666667 0.011666666666666667 0.01
5 0.4083333333333333 0.8475 0.015 0.011666666666666667
5 0.6783333333333333 0.6716666666666666 0.008333333333333333 0.008333333333333333
5 0.6133333333333333 0.7716666666666666 0.008333333333333333 0.008333333333333333
5 0.1075 0.5666666666666667 0.015 0.013333333333333334
5 0.9508333333333333 0.6775 0.015 0.011666666666666667
5 0.7425 0.38333333333333336 0.013333333333333334 0.011666666666666667
5 0.5858333333333333 0.7525 0.01 0.01
5 0.8608333333333333 0.8633333333333333 0.013333333333333334 0.013333333333333334
5 0.585 0.2825 0.011666666666666667 0.011666666666666667
5 0.028333333333333332 0.8516666666666667 0.011666666666666667 0.011666666666666667
5 0.6858333333333333 0.5958333333333333 0.01 0.01
5 0.023333333333333334 0.91 0.008333333333333333 0.008333333333333333
5 0.3433333333333333 0.6083333333333333 0.01 0.01
