5 0.6141666666666666 0.08916666666666667 0.006666666666666667 0.005
5 0.38 0.36583333333333334 0.011666666666666667 0.011666666666666667
5 0.45916666666666667 0.9066666666666666 0.008333333333333333 0.008333333333333333
5 0.051666666666666666 0.14416666666666667 0.015 0.015
5 0.8641666666666666 0.2725 0.013333333333333334 0.011666666666666667
5 0.895 0.215 0.01 0.01
5 0.37833333333333335 0.36666666666666664 0.008333333333333333 0.008333333333333333
5 0.8525 0.675 0.01 0.008333333333333333
5 0.6058333333333333 0.545 0.011666666666666667 0.01
5 0.56 0.13333333333333333 0.011666666666666667 0.011666666666666667
5 0.14 0.5858333333333333 0.013333333333333334 0.013333333333333334
5 0.9366666666666666 0.36 0.011666666666666667 0.011666666666666667
5 0.8583333333333333 0.6183333333333333 0.01 0.01
5 0.33 0.04083333333333333 0.015 0.011666666666666667
5 0.925 0.26916666666666667 0.008333333333333333 0.008333333333333333
5 0.29833333333333334 0.4841666666666667 0.008333333333333333 0.008333333333333333
5 0.5275 0.14666666666666667 0.008333333333333333 0.008333333333333333
5 0.1675 0.8258333333333333 0.008333333333333333 0.006666666666666667
