5 0.5125 0.34 0.013333333333333334 0.013333333333333334
5 0.44166666666666665 0.019166666666666665 0.021666666666666667 0.02
5 0.3408333333333333 0.8466666666666667 0.01 0.01
5 0.4266666666666667 0.9075 0.01 0.011666666666666667
0 0.0825 0.56 0.015 0.015
0 0.12 0.865 0.016666666666666666 0.015
0 0.060833333333333336 0.26166666666666666 0.015 0.015
0 0.35583333333333333 0.7825 0.016666666666666666 0.015
0 0.9233333333333333 0.09 0.016666666666666666 0.016666666666666666
0 0.12166666666666667 0.8783333333333333 0.028333333333333332 0.025
