5.0 0.14015 0.5631833333333334 0.009491666666666667 0.009266666666666666
4.0 0.1777 0.8081 0.11546666666666666 0.05693333333333333
4.0 0.34550000000000003 0.40559166666666663 0.05374166666666666 0.11603333333333334
4.0 0.834525 0.12739999999999999 0.11181666666666668 0.055358333333333336
5.0 0.621925 0.75315 0.010708333333333334 0.010125
0 0.9883333333333333 0.215 0.018333333333333333 0.013333333333333334
0 0.9391666666666667 0.9383333333333334 0.016666666666666666 0.015
0 0.3775 0.12833333333333333 0.016666666666666666 0.018333333333333333
0 0.24583333333333332 0.3958333333333333 0.016666666666666666 0.013333333333333334
0 0.12583333333333332 0.36666666666666664 0.035 0.04
0 0.19416666666666665 0.9566666666666667 0.013333333333333334 0.015
0 0.8125 0.17416666666666666 0.025 0.02
