5 0.8 0.8258333333333333 0.008333333333333333 0.008333333333333333
5 0.7866666666666666 0.7733333333333333 0.008333333333333333 0.01
5 0.22666666666666666 0.7 0.006666666666666667 0.006666666666666667
5 0.37666666666666665 0.8608333333333333 0.008333333333333333 0.008333333333333333
5 0.3358333333333333 0.2925 0.008333333333333333 0.008333333333333333
5 0.045 0.8166666666666667 0.01 0.01
5 0.36916666666666664 0.075 0.021666666666666667 0.021666666666666667
5 0.655 0.7391666666666666 0.011666666666666667 0.015
5 0.0075 0.39916666666666667 0.015 0.016666666666666666
5 0.7858333333333334 0.5258333333333334 0.008333333333333333 0.01
5 0.275 0.5008333333333334 0.008333333333333333 0.005
5 0.6991666666666667 0.7066666666666667 0.013333333333333334 0.011666666666666667
0 0.0775 0.49916666666666665 0.016666666666666666 0.016666666666666666
0 0.32166666666666666 0.04583333333333333 0.016666666666666666 0.018333333333333333
0 0.7533333333333333 0.015833333333333335 0.018333333333333333 0.016666666666666666
0 0.0375 0.37 0.021666666666666667 0.023333333333333334
0 0.3358333333333333 0.4241666666666667 0.023333333333333334 0.021666666666666667
0 0.705 0.13666666666666666 0.013333333333333334 0.015
0 0.9375 0.305 0.013333333333333334 0.015
0 0.5541666666666667 0.8675 0.013333333333333334 0.015
0 0.6091666666666666 0.23166666666666666 0.008333333333333333 0.015
