5 0.49 0.37333333333333335 0.006666666666666667 0.006666666666666667
5 0.5608333333333333 0.8391666666666666 0.011666666666666667 0.011666666666666667
5 0.06916666666666667 0.7991666666666667 0.008333333333333333 0.008333333333333333
5 0.9033333333333333 0.5433333333333333 0.016666666666666666 0.02
5 0.7783333333333333 0.7825 0.016666666666666666 0.02
5 0.9741666666666666 0.36833333333333335 0.02 0.018333333333333333
5 0.21 0.035833333333333335 0.011666666666666667 0.01
5 0.32083333333333336 0.8525 0.006666666666666667 0.006666666666666667
5 0.77 0.2 0.011666666666666667 0.01
5 0.2783333333333333 0.6516666666666666 0.023333333333333334 0.021666666666666667
5 0.0725 0.8016666666666666 0.015 0.013333333333333334
5 0.7916666666666666 0.22666666666666666 0.006666666666666667 0.006666666666666667
5 0.5291666666666667 0.04 0.011666666666666667 0.013333333333333334
5 0.7625 0.9233333333333333 0.008333333333333333 0.008333333333333333
5 0.2941666666666667 0.9233333333333333 0.013333333333333334 0.011666666666666667
5 0.7675 0.20583333333333334 0.011666666666666667 0.011666666666666667
0 0.4325 0.5675 0.02 0.021666666666666667
0 0.8775 0.445 0.02 0.018333333333333333
0 0.195 0.07916666666666666 0.023333333333333334 0.021666666666666667
0 0.7275 0.7775 0.028333333333333332 0.03166666666666667
0 0.5708333333333333 0.6183333333333333 0.023333333333333334 0.02666666666666667
0 0.5058333333333334 0.19916666666666666 0.013333333333333334 0.015
6 0.7683333333333333 0.8158333333333333 0.02 0.028333333333333332
6 0.56 0.5133333333333333 0.08 0.3933333333333333
6 0.7666666666666667 0.85 0.03666666666666667 0.07833333333333334
