5 0.37 0.3075 0.008333333333333333 0.008333333333333333
5 0.295 0.5166666666666667 0.011666666666666667 0.01
5 0.72 0.5941666666666666 0.01 0.01
5 0.5908333333333333 0.9616666666666667 0.008333333333333333 0.008333333333333333
5 0.07333333333333333 0.8783333333333333 0.006666666666666667 0.008333333333333333
5 0.9241666666666667 0.21666666666666667 0.013333333333333334 0.01
5 0.31083333333333335 0.24666666666666667 0.006666666666666667 0.008333333333333333
5 0.5941666666666666 0.13 0.01 0.01
5 0.20333333333333334 0.14583333333333334 0.01 0.01
5 0.8583333333333333 0.035833333333333335 0.008333333333333333 0.008333333333333333
5 0.9591666666666666 0.06583333333333333 0.013333333333333334 0.01
0 0.3425 0.5033333333333333 0.02666666666666667 0.03333333333333333
0 0.7658333333333334 0.9141666666666667 0.016666666666666666 0.016666666666666666
0 0.6075 0.2891666666666667 0.011666666666666667 0.013333333333333334
0 0.5383333333333333 0.3225 0.008333333333333333 0.008333333333333333
0 0.0075 0.36666666666666664 0.015 0.013333333333333334
0 0.78 0.6566666666666666 0.02 0.018333333333333333
0 0.37083333333333335 0.125 0.008333333333333333 0.008333333333333333
0 0.43416666666666665 0.7191666666666666 0.015 0.015
