5 0.6416666666666667 0.22666666666666666 0.01 0.01
5 0.34 0.24166666666666667 0.0033333333333333335 0.005
5 0.025 0.9358333333333333 0.01 0.01
5 0.6558333333333334 0.03333333333333333 0.006666666666666667 0.006666666666666667
5 0.92 0.23333333333333334 0.015 0.021666666666666667
5 0.9666666666666667 0.5641666666666667 0.011666666666666667 0.013333333333333334
5 0.7791666666666667 0.03916666666666667 0.013333333333333334 0.013333333333333334
5 0.5558333333333333 0.18083333333333335 0.015 0.015
5 0.7791666666666667 0.285 0.018333333333333333 0.018333333333333333
5 0.6091666666666666 0.02666666666666667 0.013333333333333334 0.013333333333333334
5 0.03833333333333333 0.4508333333333333 0.013333333333333334 0.013333333333333334
5 0.30833333333333335 0.5358333333333334 0.016666666666666666 0.018333333333333333
5 0.5291666666666667 0.8458333333333333 0.008333333333333333 0.008333333333333333
5 0.5391666666666667 0.9025 0.008333333333333333 0.008333333333333333
5 0.6933333333333334 0.7166666666666667 0.013333333333333334 0.013333333333333334
5 0.24916666666666668 0.7033333333333334 0.01 0.01
5 0.465 0.6825 0.01 0.011666666666666667
5 0.21083333333333334 0.27666666666666667 0.015 0.011666666666666667
5 0.885 0.9233333333333333 0.008333333333333333 0.008333333333333333
