8.0 0.19774444444444447 0.5563955555555556 0.27585777777777776 0.6886844444444444
8.0 0.5163933333333334 0.6755866666666667 0.3336 0.2627911111111111
5 0.4775 0.9508333333333333 0.011666666666666667 0.011666666666666667
5 0.2808333333333333 0.010833333333333334 0.02 0.021666666666666667
5 0.1675 0.07666666666666666 0.008333333333333333 0.008333333333333333
5 0.8616666666666667 0.19583333333333333 0.013333333333333334 0.013333333333333334
5 0.7083333333333334 0.7883333333333333 0.011666666666666667 0.011666666666666667
5 0.7041666666666667 0.5825 0.01 0.011666666666666667
5 0.25416666666666665 0.3466666666666667 0.006666666666666667 0.006666666666666667
5 0.365 0.15916666666666668 0.006666666666666667 0.008333333333333333
5 0.36916666666666664 0.6108333333333333 0.006666666666666667 0.008333333333333333
5 0.8491666666666666 0.2625 0.008333333333333333 0.008333333333333333
5 0.5016666666666667 0.5958333333333333 0.015 0.013333333333333334
5 0.8141666666666667 0.31166666666666665 0.008333333333333333 0.01
5 0.12833333333333333 0.7283333333333334 0.018333333333333333 0.021666666666666667
5 0.2125 0.8791666666666667 0.013333333333333334 0.013333333333333334
5 0.37666666666666665 0.9033333333333333 0.013333333333333334 0.013333333333333334
5 0.94 0.10666666666666667 0.011666666666666667 0.011666666666666667
5 0.6758333333333333 0.785 0.01 0.01
0 0.32666666666666666 0.7741666666666667 0.023333333333333334 0.018333333333333333
0 0.6741666666666667 0.0275 0.02 0.015
0 0.4483333333333333 0.5425 0.023333333333333334 0.03166666666666667
