5 0.8941666666666667 0.43083333333333335 0.015 0.015
5 0.9566666666666667 0.3383333333333333 0.011666666666666667 0.01
5 0.19833333333333333 0.6883333333333334 0.008333333333333333 0.008333333333333333
5 0.12583333333333332 0.625 0.013333333333333334 0.013333333333333334
5 0.35583333333333333 0.4483333333333333 0.016666666666666666 0.02
5 0.30083333333333334 0.2816666666666667 0.006666666666666667 0.006666666666666667
5 0.5541666666666667 0.45916666666666667 0.01 0.01
5 0.105 0.24833333333333332 0.008333333333333333 0.008333333333333333
5 0.7641666666666667 0.004166666666666667 0.008333333333333333 0.008333333333333333
5 0.8175 0.5825 0.008333333333333333 0.008333333333333333
