5 0.9633333333333334 0.13333333333333333 0.008333333333333333 0.008333333333333333
5 0.5158333333333334 0.17083333333333334 0.016666666666666666 0.016666666666666666
5 0.30083333333333334 0.5916666666666667 0.016666666666666666 0.02
5 0.0375 0.9908333333333333 0.011666666666666667 0.011666666666666667
5 0.21916666666666668 0.06833333333333333 0.008333333333333333 0.008333333333333333
5 0.8941666666666667 0.9025 0.016666666666666666 0.018333333333333333
5 0.13666666666666666 0.985 0.013333333333333334 0.013333333333333334
5 0.44083333333333335 0.86 0.006666666666666667 0.006666666666666667
5 0.8558333333333333 0.8083333333333333 0.01 0.01
5 0.20083333333333334 0.8608333333333333 0.013333333333333334 0.013333333333333334
5 0.9458333333333333 0.3541666666666667 0.008333333333333333 0.008333333333333333
5 0.845 0.11 0.01 0.008333333333333333
5 0.6458333333333334 0.15083333333333335 0.013333333333333334 0.013333333333333334
5 0.5575 0.6916666666666667 0.016666666666666666 0.015
5 0.21416666666666667 0.45666666666666667 0.008333333333333333 0.008333333333333333
5 0.445 0.6491666666666667 0.01 0.011666666666666667
5 0.4791666666666667 0.06166666666666667 0.013333333333333334 0.013333333333333334
5 0.2791666666666667 0.2791666666666667 0.0033333333333333335 0.005
5 0.15666666666666668 0.43916666666666665 0.008333333333333333 0.01
