5 0.14333333333333334 0.18416666666666667 0.013333333333333334 0.016666666666666666
5 0.81 0.7133333333333334 0.013333333333333334 0.013333333333333334
5 0.16916666666666666 0.6025 0.006666666666666667 0.008333333333333333
5 0.625 0.059166666666666666 0.008333333333333333 0.008333333333333333
5 0.6841666666666667 0.5658333333333333 0.008333333333333333 0.008333333333333333
5 0.050833333333333335 0.95 0.011666666666666667 0.011666666666666667
5 0.6991666666666667 0.9658333333333333 0.015 0.013333333333333334
5 0.9208333333333333 0.24 0.015 0.018333333333333333
5 0.3308333333333333 0.6916666666666667 0.008333333333333333 0.008333333333333333
5 0.0175 0.6375 0.016666666666666666 0.035
5 0.16916666666666666 0.34833333333333333 0.006666666666666667 0.006666666666666667
5 0.24083333333333334 0.07083333333333333 0.013333333333333334 0.015
5 0.8983333333333333 0.575 0.006666666666666667 0.006666666666666667
5 0.3025 0.3641666666666667 0.015 0.011666666666666667
5 0.006666666666666667 0.051666666666666666 0.013333333333333334 0.015
5 0.38916666666666666 0.115 0.008333333333333333 0.008333333333333333
