5 0.7108333333333333 0.2791666666666667 0.008333333333333333 0.008333333333333333
5 0.7383333333333333 0.975 0.01 0.011666666666666667
5 0.32666666666666666 0.7175 0.011666666666666667 0.011666666666666667
5 0.09416666666666666 0.25 0.013333333333333334 0.011666666666666667
5 0.19666666666666666 0.5758333333333333 0.008333333333333333 0.01
5 0.6025 0.9183333333333333 0.006666666666666667 0.008333333333333333
5 0.9508333333333333 0.024166666666666666 0.02 0.015
5 0.47833333333333333 0.9358333333333333 0.011666666666666667 0.01
5 0.7766666666666666 0.3575 0.006666666666666667 0.008333333333333333
5 0.8758333333333334 0.7966666666666666 0.01 0.01
5 0.0175 0.235 0.01 0.01
0 0.4675 0.63 0.013333333333333334 0.015
0 0.7916666666666666 0.2425 0.016666666666666666 0.015
0 0.5383333333333333 0.8766666666666667 0.018333333333333333 0.015
0 0.4841666666666667 0.4866666666666667 0.01 0.01
0 0.10166666666666667 0.5566666666666666 0.013333333333333334 0.013333333333333334
0 0.44 0.9791666666666666 0.021666666666666667 0.02
