5 0.7508333333333334 0.4716666666666667 0.016666666666666666 0.015
5 0.7983333333333333 0.42583333333333334 0.013333333333333334 0.013333333333333334
5 0.5941666666666666 0.8091666666666667 0.011666666666666667 0.01
5 0.9591666666666666 0.4508333333333333 0.01 0.01
5 0.94 0.875 0.016666666666666666 0.015
5 0.24666666666666667 0.3016666666666667 0.008333333333333333 0.008333333333333333
5 0.2575 0.6925 0.015 0.013333333333333334
5 0.9141666666666667 0.465 0.011666666666666667 0.011666666666666667
5 0.4675 0.9666666666666667 0.011666666666666667 0.011666666666666667
5 0.1675 0.22833333333333333 0.011666666666666667 0.011666666666666667
5 0.095 0.1325 0.008333333333333333 0.008333333333333333
5 0.1 0.45666666666666667 0.013333333333333334 0.015
5 0.48833333333333334 0.6466666666666666 0.013333333333333334 0.013333333333333334
5 0.021666666666666667 0.20416666666666666 0.008333333333333333 0.006666666666666667
5 0.43583333333333335 0.04583333333333333 0.013333333333333334 0.016666666666666666
5 0.18916666666666668 0.13083333333333333 0.008333333333333333 0.008333333333333333
5 0.795 0.3425 0.015 0.016666666666666666
5 0.49916666666666665 0.8566666666666667 0.018333333333333333 0.021666666666666667
0 0.425 0.49416666666666664 0.011666666666666667 0.013333333333333334
0 0.7083333333333334 0.13083333333333333 0.023333333333333334 0.018333333333333333
0 0.69 0.8216666666666667 0.016666666666666666 0.015
0 0.3475 0.495 0.016666666666666666 0.023333333333333334
0 0.9008333333333334 0.3258333333333333 0.021666666666666667 0.025
0 0.665 0.6241666666666666 0.016666666666666666 0.016666666666666666
