2.0 0.1472540288379983 0.03801102629346903 0.059194232400339275 0.06361323155216285
2.0 0.2751759966072943 0.8416581849024597 0.11429177268871925 0.05371501272264631
2.0 0.8942684478371501 0.2726759966072943 0.04629346904156064 0.12016115351993213
5.0 0.18014631043256996 0.19974978795589482 0.009567430025445292 0.010390161153519931
5 0.14083333333333334 0.605 0.013333333333333334 0.01
5 0.6966666666666667 0.31333333333333335 0.02 0.021666666666666667
5 0.6116666666666667 0.3908333333333333 0.016666666666666666 0.015
0 0.10333333333333333 0.21 0.015 0.02
0 0.5875 0.07083333333333333 0.02 0.021666666666666667
0 0.2925 0.8541666666666666 0.016666666666666666 0.015
