8.0 0.20024444444444442 0.5447288888888889 0.27585777777777776 0.6886844444444444
8.0 0.5188933333333333 0.66392 0.3336 0.2627911111111111
0 0.6408333333333334 0.01 0.011666666666666667 0.013333333333333334
0 0.7675 0.87 0.021666666666666667 0.021666666666666667
0 0.11333333333333333 0.985 0.023333333333333334 0.023333333333333334
0 0.37166666666666665 0.8291666666666667 0.015 0.016666666666666666
0 0.07083333333333333 0.08166666666666667 0.016666666666666666 0.013333333333333334
0 0.67 0.69 0.011666666666666667 0.013333333333333334
0 0.06333333333333334 0.6508333333333334 0.01 0.011666666666666667
0 0.735 0.1275 0.025 0.02
