5 0.4608333333333333 0.5033333333333333 0.013333333333333334 0.013333333333333334
5 0.30666666666666664 0.013333333333333334 0.018333333333333333 0.021666666666666667
5 0.36583333333333334 0.49666666666666665 0.013333333333333334 0.011666666666666667
5 0.9016666666666666 0.14666666666666667 0.008333333333333333 0.008333333333333333
5 0.4075 0.595 0.013333333333333334 0.011666666666666667
5 0.2758333333333333 0.22916666666666666 0.01 0.016666666666666666
5 0.28833333333333333 0.245 0.013333333333333334 0.013333333333333334
5 0.04833333333333333 0.9908333333333333 0.011666666666666667 0.011666666666666667
5 0.895 0.11166666666666666 0.015 0.018333333333333333
5 0.235 0.24666666666666667 0.013333333333333334 0.013333333333333334
5 0.0925 0.365 0.016666666666666666 0.015
5 0.6175 0.7666666666666667 0.013333333333333334 0.013333333333333334
5 0.3641666666666667 0.6975 0.006666666666666667 0.006666666666666667
5 0.2816666666666667 0.6758333333333333 0.0033333333333333335 0.005
5 0.7083333333333334 0.6291666666666667 0.006666666666666667 0.006666666666666667
5 0.9741666666666666 0.9433333333333334 0.006666666666666667 0.006666666666666667
5 0.5475 0.6483333333333333 0.013333333333333334 0.013333333333333334
