5 0.8358333333333333 0.4625 0.013333333333333334 0.013333333333333334
5 0.0625 0.6758333333333333 0.008333333333333333 0.008333333333333333
5 0.8633333333333333 0.13583333333333333 0.016666666666666666 0.015
5 0.43833333333333335 0.8883333333333333 0.015 0.016666666666666666
5 0.0625 0.38416666666666666 0.015 0.013333333333333334
5 0.09166666666666666 0.6258333333333334 0.008333333333333333 0.008333333333333333
5 0.8066666666666666 0.3025 0.01 0.01
5 0.3875 0.9225 0.01 0.01
5 0.8508333333333333 0.29833333333333334 0.015 0.015
5 0.8983333333333333 0.5816666666666667 0.02 0.018333333333333333
