5 0.8925 0.7183333333333334 0.01 0.008333333333333333
5 0.8825 0.056666666666666664 0.018333333333333333 0.016666666666666666
5 0.5775 0.13833333333333334 0.013333333333333334 0.013333333333333334
5 0.9791666666666666 0.2475 0.011666666666666667 0.01
5 0.39666666666666667 0.2658333333333333 0.006666666666666667 0.005
5 0.24083333333333334 0.21666666666666667 0.008333333333333333 0.008333333333333333
5 0.3908333333333333 0.4725 0.01 0.011666666666666667
5 0.8191666666666667 0.1075 0.011666666666666667 0.015
5 0.20583333333333334 0.10333333333333333 0.018333333333333333 0.016666666666666666
5 0.44666666666666666 0.6016666666666667 0.008333333333333333 0.008333333333333333
0 0.26916666666666667 0.5991666666666666 0.016666666666666666 0.015
0 0.78 0.8183333333333334 0.016666666666666666 0.011666666666666667
0 0.5425 0.3675 0.008333333333333333 0.013333333333333334
0 0.4775 0.5858333333333333 0.008333333333333333 0.011666666666666667
3 0.5833333333333334 0.18666666666666668 0.0375 0.03333333333333333
