8.0 0.2832583333333334 0.5480455935501807 0.3353 0.6538782318598833
5 0.5 0.14666666666666667 0.011666666666666667 0.011666666666666667
5 0.19083333333333333 0.9583333333333334 0.016666666666666666 0.011666666666666667
5 0.445 0.8533333333333334 0.008333333333333333 0.008333333333333333
5 0.051666666666666666 0.4716666666666667 0.016666666666666666 0.015
5 0.9466666666666667 0.5508333333333333 0.013333333333333334 0.015
5 0.059166666666666666 0.6216666666666667 0.008333333333333333 0.008333333333333333
5 0.6791666666666667 0.1975 0.008333333333333333 0.008333333333333333
5 0.8416666666666667 0.6633333333333333 0.011666666666666667 0.01
5 0.5425 0.3933333333333333 0.006666666666666667 0.006666666666666667
5 0.92 0.0475 0.013333333333333334 0.015
5 0.5633333333333334 0.7491666666666666 0.008333333333333333 0.008333333333333333
