5.0 0.8987916666666667 0.5284431470670004 0.009183333333333333 0.009199332777314427
4.0 0.21471666666666667 0.8158242980261329 0.12654166666666666 0.05699749791492911
4.0 0.37095833333333333 0.4154906866833472 0.058533333333333326 0.11537114261884905
4.0 0.8576916666666667 0.1277592438142897 0.11215000000000001 0.06532944120100083
5.0 0.655675 0.5100695023630804 0.009266666666666666 0.00909090909090909
5 0.08583333333333333 0.13666666666666666 0.021666666666666667 0.02
5 0.5783333333333334 0.7608333333333334 0.006666666666666667 0.008333333333333333
5 0.20166666666666666 0.16416666666666666 0.015 0.015
5 0.89 0.9708333333333333 0.016666666666666666 0.015
5 0.32083333333333336 0.01 0.006666666666666667 0.006666666666666667
5 0.8708333333333333 0.49583333333333335 0.016666666666666666 0.015
5 0.6175 0.7283333333333334 0.018333333333333333 0.016666666666666666
5 0.08666666666666667 0.7816666666666666 0.013333333333333334 0.013333333333333334
5 0.895 0.7683333333333333 0.011666666666666667 0.011666666666666667
5 0.6908333333333333 0.22833333333333333 0.008333333333333333 0.008333333333333333
5 0.6825 0.31916666666666665 0.008333333333333333 0.008333333333333333
5 0.41583333333333333 0.19916666666666666 0.01 0.01
5 0.5333333333333333 0.19833333333333333 0.016666666666666666 0.015
5 0.025833333333333333 0.35583333333333333 0.006666666666666667 0.008333333333333333
5 0.7425 0.7025 0.013333333333333334 0.025
5 0.015833333333333335 0.795 0.013333333333333334 0.013333333333333334
5 0.19333333333333333 0.6833333333333333 0.016666666666666666 0.015
5 0.4191666666666667 0.275 0.02 0.016666666666666666
