2.0 0.11707499999999998 0.1934862385321101 0.13593333333333335 0.058381984987489574
2.0 0.8371333333333333 0.2483903252710592 0.08993333333333334 0.06255212677231026
2.0 0.2767833333333333 0.7175312760633862 0.07201666666666667 0.09730608840700584
5 0.019166666666666665 0.58 0.015 0.011666666666666667
5 0.5566666666666666 0.9558333333333333 0.01 0.01
5 0.5608333333333333 0.4608333333333333 0.008333333333333333 0.008333333333333333
5 0.6758333333333333 0.905 0.018333333333333333 0.021666666666666667
5 0.07 0.54 0.018333333333333333 0.016666666666666666
0 0.13916666666666666 0.45166666666666666 0.013333333333333334 0.01
0 0.13916666666666666 0.9508333333333333 0.021666666666666667 0.025
0 0.8708333333333333 0.024166666666666666 0.016666666666666666 0.011666666666666667
