8.0 0.31327842646649984 0.509576923076923 0.25005004170141787 0.7171880341880342
5 0.6041666666666666 0.695 0.006666666666666667 0.006666666666666667
5 0.36083333333333334 0.04833333333333333 0.016666666666666666 0.015
5 0.23416666666666666 0.31583333333333335 0.006666666666666667 0.008333333333333333
5 0.8966666666666666 0.6633333333333333 0.011666666666666667 0.015
5 0.06416666666666666 0.5283333333333333 0.008333333333333333 0.008333333333333333
5 0.6591666666666667 0.32916666666666666 0.008333333333333333 0.008333333333333333
5 0.26666666666666666 0.8808333333333334 0.015 0.016666666666666666
5 0.1875 0.15 0.018333333333333333 0.016666666666666666
5 0.745 0.7258333333333333 0.015 0.013333333333333334
5 0.17333333333333334 0.5325 0.013333333333333334 0.011666666666666667
5 0.4741666666666667 0.049166666666666664 0.008333333333333333 0.008333333333333333
5 0.5266666666666666 0.19333333333333333 0.008333333333333333 0.008333333333333333
