5 0.14666666666666667 0.7875 0.006666666666666667 0.006666666666666667
5 0.795 0.79 0.02 0.018333333333333333
5 0.9366666666666666 0.785 0.008333333333333333 0.008333333333333333
5 0.4691666666666667 0.7341666666666666 0.015 0.013333333333333334
5 0.8566666666666667 0.92 0.006666666666666667 0.006666666666666667
5 0.8166666666666667 0.21833333333333332 0.01 0.01
5 0.6658333333333334 0.4608333333333333 0.015 0.015
5 0.7933333333333333 0.6275 0.01 0.01
5 0.3983333333333333 0.74 0.013333333333333334 0.013333333333333334
5 0.13416666666666666 0.4608333333333333 0.008333333333333333 0.008333333333333333
5 0.28 0.4266666666666667 0.008333333333333333 0.008333333333333333
5 0.8508333333333333 0.05416666666666667 0.008333333333333333 0.008333333333333333
5 0.8466666666666667 0.0375 0.01 0.008333333333333333
5 0.9158333333333334 0.5108333333333334 0.01 0.01
5 0.9766666666666667 0.915 0.008333333333333333 0.01
