5 0.13916666666666666 0.8225 0.006666666666666667 0.006666666666666667
5 0.865 0.4666666666666667 0.01 0.011666666666666667
5 0.25916666666666666 0.9525 0.008333333333333333 0.008333333333333333
5 0.4558333333333333 0.12416666666666666 0.015 0.015
5 0.1475 0.7866666666666666 0.018333333333333333 0.016666666666666666
5 0.6133333333333333 0.6 0.008333333333333333 0.01
5 0.6166666666666667 0.9175 0.008333333333333333 0.006666666666666667
5 0.5308333333333334 0.39416666666666667 0.01 0.011666666666666667
5 0.8425 0.7416666666666667 0.011666666666666667 0.011666666666666667
5 0.6616666666666666 0.265 0.01 0.01
5 0.7425 0.4791666666666667 0.013333333333333334 0.016666666666666666
5 0.9491666666666667 0.6458333333333334 0.01 0.008333333333333333
5 0.38666666666666666 0.010833333333333334 0.006666666666666667 0.008333333333333333
5 0.5766666666666667 0.8316666666666667 0.011666666666666667 0.011666666666666667
5 0.0075 0.3358333333333333 0.008333333333333333 0.008333333333333333
5 0.5283333333333333 0.05583333333333333 0.008333333333333333 0.008333333333333333
5 0.455 0.3983333333333333 0.011666666666666667 0.011666666666666667
5 0.5341666666666667 0.8225 0.006666666666666667 0.006666666666666667
