5 0.5058333333333334 0.8575 0.013333333333333334 0.013333333333333334
5 0.30583333333333335 0.2775 0.01 0.01
5 0.19666666666666666 0.5516666666666666 0.016666666666666666 0.018333333333333333
5 0.1525 0.6016666666666667 0.011666666666666667 0.013333333333333334
5 0.39166666666666666 0.6816666666666666 0.008333333333333333 0.01
5 0.9558333333333333 0.8691666666666666 0.008333333333333333 0.008333333333333333
5 0.335 0.9683333333333334 0.016666666666666666 0.015
5 0.9458333333333333 0.5233333333333333 0.016666666666666666 0.035
5 0.7375 0.785 0.018333333333333333 0.021666666666666667
5 0.66 0.5008333333333334 0.008333333333333333 0.008333333333333333
5 0.6908333333333333 0.14166666666666666 0.005 0.005
5 0.7741666666666667 0.0675 0.006666666666666667 0.006666666666666667
0 0.9625 0.8966666666666666 0.01 0.013333333333333334
0 0.7716666666666666 0.8608333333333333 0.023333333333333334 0.023333333333333334
0 0.9408333333333333 0.825 0.02 0.02
0 0.9708333333333333 0.9416666666666667 0.025 0.02
0 0.6558333333333334 0.18583333333333332 0.016666666666666666 0.018333333333333333
0 0.6183333333333333 0.6266666666666667 0.011666666666666667 0.011666666666666667
0 0.22416666666666665 0.5516666666666666 0.015 0.02
