5 0.8958333333333334 0.9108333333333334 0.006666666666666667 0.01
5 0.5166666666666667 0.24083333333333334 0.01 0.01
5 0.26916666666666667 0.18416666666666667 0.006666666666666667 0.008333333333333333
5 0.35583333333333333 0.8791666666666667 0.018333333333333333 0.016666666666666666
5 0.8833333333333333 0.5466666666666666 0.008333333333333333 0.008333333333333333
5 0.5233333333333333 0.815 0.015 0.011666666666666667
5 0.25666666666666665 0.04666666666666667 0.01 0.008333333333333333
5 0.4716666666666667 0.6025 0.008333333333333333 0.008333333333333333
5 0.1775 0.78 0.008333333333333333 0.008333333333333333
5 0.9516666666666667 0.058333333333333334 0.008333333333333333 0.008333333333333333
5 0.9383333333333334 0.9916666666666667 0.008333333333333333 0.008333333333333333
5 0.12 0.17583333333333334 0.015 0.015
5 0.7825 0.45416666666666666 0.023333333333333334 0.021666666666666667
5 0.9925 0.6441666666666667 0.013333333333333334 0.011666666666666667
5 0.5308333333333334 0.8733333333333333 0.015 0.013333333333333334
5 0.6125 0.0625 0.021666666666666667 0.021666666666666667
5 0.5358333333333334 0.6266666666666667 0.008333333333333333 0.008333333333333333
5 0.10666666666666667 0.7166666666666667 0.016666666666666666 0.015
5 0.28833333333333333 0.82 0.006666666666666667 0.006666666666666667
6 0.36666666666666664 0.20666666666666667 0.04833333333333333 0.17
6 0.19666666666666666 0.42333333333333334 0.01 0.018333333333333333
6 0.31083333333333335 0.8641666666666666 0.051666666666666666 0.025
