5 0.11583333333333333 0.18833333333333332 0.008333333333333333 0.006666666666666667
5 0.49583333333333335 0.03333333333333333 0.013333333333333334 0.013333333333333334
5 0.28583333333333333 0.9583333333333334 0.006666666666666667 0.008333333333333333
5 0.7783333333333333 0.09083333333333334 0.006666666666666667 0.006666666666666667
5 0.7266666666666667 0.6833333333333333 0.006666666666666667 0.008333333333333333
5 0.6208333333333333 0.13416666666666666 0.01 0.011666666666666667
5 0.059166666666666666 0.47583333333333333 0.016666666666666666 0.016666666666666666
5 0.13333333333333333 0.31416666666666665 0.006666666666666667 0.006666666666666667
5 0.46 0.19083333333333333 0.01 0.008333333333333333
5 0.6858333333333333 0.058333333333333334 0.006666666666666667 0.008333333333333333
5 0.9725 0.7783333333333333 0.008333333333333333 0.008333333333333333
5 0.48333333333333334 0.13166666666666665 0.015 0.015
5 0.38083333333333336 0.7275 0.013333333333333334 0.013333333333333334
5 0.07416666666666667 0.5241666666666667 0.006666666666666667 0.008333333333333333
5 0.6233333333333333 0.28 0.016666666666666666 0.015
