5 0.8775 0.485 0.015 0.013333333333333334
5 0.5441666666666667 0.1275 0.01 0.01
5 0.7225 0.30916666666666665 0.006666666666666667 0.006666666666666667
5 0.5925 0.19916666666666666 0.018333333333333333 0.021666666666666667
5 0.4691666666666667 0.014166666666666666 0.015 0.015
5 0.6016666666666667 0.20083333333333334 0.021666666666666667 0.021666666666666667
5 0.8575 0.07666666666666666 0.015 0.016666666666666666
5 0.7233333333333334 0.775 0.013333333333333334 0.015
5 0.9025 0.3675 0.01 0.008333333333333333
5 0.0175 0.825 0.006666666666666667 0.006666666666666667
5 0.3958333333333333 0.3983333333333333 0.008333333333333333 0.008333333333333333
5 0.7433333333333333 0.5816666666666667 0.011666666666666667 0.01
5 0.6458333333333334 0.325 0.006666666666666667 0.005
0 0.9766666666666667 0.4725 0.015 0.015
0 0.12833333333333333 0.88 0.023333333333333334 0.021666666666666667
0 0.6183333333333333 0.065 0.018333333333333333 0.016666666666666666
0 0.9433333333333334 0.09416666666666666 0.01 0.008333333333333333
0 0.8825 0.7708333333333334 0.02 0.018333333333333333
0 0.3908333333333333 0.6066666666666667 0.006666666666666667 0.01
