5 0.07666666666666666 0.4216666666666667 0.011666666666666667 0.011666666666666667
5 0.38916666666666666 0.13 0.01 0.01
5 0.66 0.4375 0.013333333333333334 0.011666666666666667
5 0.5733333333333334 0.23916666666666667 0.008333333333333333 0.008333333333333333
5 0.0875 0.0175 0.006666666666666667 0.006666666666666667
5 0.6791666666666667 0.059166666666666666 0.008333333333333333 0.008333333333333333
5 0.5075 0.895 0.023333333333333334 0.02
5 0.29083333333333333 0.9341666666666667 0.01 0.011666666666666667
5 0.06333333333333334 0.555 0.015 0.013333333333333334
5 0.7033333333333334 0.8216666666666667 0.018333333333333333 0.016666666666666666
5 0.82 0.6508333333333334 0.013333333333333334 0.016666666666666666
5 0.2225 0.23083333333333333 0.011666666666666667 0.011666666666666667
5 0.9575 0.5616666666666666 0.013333333333333334 0.015
5 0.46416666666666667 0.7908333333333334 0.015 0.013333333333333334
5 0.9108333333333334 0.88 0.008333333333333333 0.008333333333333333
5 0.21166666666666667 0.9933333333333333 0.011666666666666667 0.011666666666666667
5 0.92 0.31666666666666665 0.01 0.01
5 0.69 0.37416666666666665 0.008333333333333333 0.008333333333333333
0 0.11 0.7625 0.02666666666666667 0.028333333333333332
0 0.615 0.7516666666666667 0.028333333333333332 0.023333333333333334
0 0.825 0.25166666666666665 0.013333333333333334 0.018333333333333333
