2.0 0.17096666666666666 0.09564289685849317 0.07759166666666667 0.06949958298582151
2.0 0.2147083333333333 0.818461912705032 0.078975 0.06672226855713094
2.0 0.6264666666666666 0.5355928551570753 0.0386 0.045871559633027525
5 0.7008333333333333 0.0725 0.011666666666666667 0.011666666666666667
5 0.9608333333333333 0.6791666666666667 0.02 0.018333333333333333
5 0.3408333333333333 0.9558333333333333 0.01 0.008333333333333333
5 0.15333333333333332 0.3925 0.008333333333333333 0.006666666666666667
5 0.275 0.11083333333333334 0.008333333333333333 0.01
5 0.5958333333333333 0.6883333333333334 0.013333333333333334 0.013333333333333334
5 0.005 0.765 0.008333333333333333 0.008333333333333333
5 0.9041666666666667 0.4691666666666667 0.008333333333333333 0.008333333333333333
0 0.6391666666666667 0.8525 0.013333333333333334 0.01
0 0.6958333333333333 0.13916666666666666 0.01 0.01
0 0.08416666666666667 0.36 0.021666666666666667 0.02
0 0.6333333333333333 0.8358333333333333 0.01 0.01
0 0.5325 0.18666666666666668 0.023333333333333334 0.023333333333333334
0 0.21916666666666668 0.3908333333333333 0.03666666666666667 0.03833333333333333
0 0.8616666666666667 0.73 0.01 0.01
