5 0.6141666666666666 0.63 0.01 0.008333333333333333
5 0.305 0.43083333333333335 0.008333333333333333 0.006666666666666667
5 0.5866666666666667 0.059166666666666666 0.013333333333333334 0.011666666666666667
5 0.9066666666666666 0.059166666666666666 0.01 0.011666666666666667
5 0.03833333333333333 0.765 0.008333333333333333 0.008333333333333333
5 0.5966666666666667 0.12833333333333333 0.008333333333333333 0.008333333333333333
5 0.9858333333333333 0.041666666666666664 0.01 0.011666666666666667
5 0.043333333333333335 0.2683333333333333 0.01 0.01
5 0.7 0.006666666666666667 0.006666666666666667 0.006666666666666667
5 0.8425 0.20416666666666666 0.006666666666666667 0.006666666666666667
5 0.49833333333333335 0.7708333333333334 0.006666666666666667 0.005
5 0.30916666666666665 0.4725 0.011666666666666667 0.011666666666666667
5 0.6733333333333333 0.36583333333333334 0.015 0.016666666666666666
5 0.09083333333333334 0.11916666666666667 0.015 0.015
