5 0.5558333333333333 0.245 0.006666666666666667 0.006666666666666667
5 0.9008333333333334 0.8966666666666666 0.008333333333333333 0.008333333333333333
5 0.8741666666666666 0.6075 0.008333333333333333 0.006666666666666667
5 0.5516666666666666 0.40166666666666667 0.008333333333333333 0.008333333333333333
5 0.07166666666666667 0.8541666666666666 0.02 0.018333333333333333
5 0.5558333333333333 0.31083333333333335 0.013333333333333334 0.011666666666666667
5 0.7116666666666667 0.17583333333333334 0.008333333333333333 0.008333333333333333
5 0.6508333333333334 0.4891666666666667 0.006666666666666667 0.008333333333333333
5 0.025833333333333333 0.3516666666666667 0.013333333333333334 0.013333333333333334
5 0.7416666666666667 0.865 0.01 0.01
5 0.905 0.4666666666666667 0.01 0.01
5 0.7841666666666667 0.11416666666666667 0.013333333333333334 0.015
5 0.53 0.12833333333333333 0.006666666666666667 0.006666666666666667
