5 0.25666666666666665 0.4716666666666667 0.008333333333333333 0.008333333333333333
5 0.6166666666666667 0.185 0.02 0.018333333333333333
5 0.0275 0.49583333333333335 0.008333333333333333 0.008333333333333333
5 0.9025 0.07416666666666667 0.02 0.016666666666666666
5 0.7083333333333334 0.67 0.006666666666666667 0.006666666666666667
5 0.6533333333333333 0.21833333333333332 0.008333333333333333 0.008333333333333333
5 0.5608333333333333 0.9041666666666667 0.01 0.01
5 0.20666666666666667 0.5158333333333334 0.008333333333333333 0.01
5 0.009166666666666667 0.7166666666666667 0.008333333333333333 0.01
5 0.8566666666666667 0.71 0.015 0.013333333333333334
5 0.2725 0.7566666666666667 0.01 0.008333333333333333
5 0.935 0.895 0.011666666666666667 0.011666666666666667
5 0.05416666666666667 0.31416666666666665 0.011666666666666667 0.015
5 0.1375 0.19666666666666666 0.008333333333333333 0.008333333333333333
5 0.245 0.6016666666666667 0.013333333333333334 0.013333333333333334
5 0.4575 0.8183333333333334 0.01 0.008333333333333333
5 0.07416666666666667 0.36916666666666664 0.015 0.013333333333333334
5 0.125 0.08666666666666667 0.016666666666666666 0.015
5 0.45416666666666666 0.8216666666666667 0.013333333333333334 0.011666666666666667
