5 0.7533333333333333 0.2375 0.008333333333333333 0.008333333333333333
5 0.2625 0.8566666666666667 0.006666666666666667 0.006666666666666667
5 0.04666666666666667 0.8933333333333333 0.01 0.01
5 0.8625 0.6175 0.008333333333333333 0.006666666666666667
5 0.09583333333333334 0.6641666666666667 0.008333333333333333 0.01
5 0.44916666666666666 0.9283333333333333 0.016666666666666666 0.016666666666666666
5 0.0375 0.575 0.008333333333333333 0.008333333333333333
0 0.77 0.5333333333333333 0.018333333333333333 0.013333333333333334
0 0.8158333333333333 0.6108333333333333 0.02 0.023333333333333334
0 0.33416666666666667 0.9233333333333333 0.015 0.015
0 0.155 0.5558333333333333 0.021666666666666667 0.02
0 0.9866666666666667 0.24083333333333334 0.02666666666666667 0.023333333333333334
0 0.7658333333333334 0.405 0.018333333333333333 0.018333333333333333
0 0.31166666666666665 0.25833333333333336 0.011666666666666667 0.011666666666666667
0 0.27666666666666667 0.7358333333333333 0.02 0.02
