5 0.2841666666666667 0.7891666666666667 0.011666666666666667 0.011666666666666667
5 0.8808333333333334 0.1225 0.006666666666666667 0.006666666666666667
5 0.3925 0.7866666666666666 0.013333333333333334 0.011666666666666667
5 0.7558333333333334 0.5283333333333333 0.013333333333333334 0.015
5 0.2608333333333333 0.6983333333333334 0.011666666666666667 0.015
5 0.2791666666666667 0.2675 0.008333333333333333 0.008333333333333333
5 0.13 0.0475 0.006666666666666667 0.006666666666666667
5 0.27166666666666667 0.11666666666666667 0.016666666666666666 0.015
5 0.46 0.8158333333333333 0.013333333333333334 0.013333333333333334
5 0.1375 0.2625 0.01 0.01
5 0.1275 0.2866666666666667 0.018333333333333333 0.025
5 0.49666666666666665 0.0275 0.016666666666666666 0.018333333333333333
5 0.96 0.2633333333333333 0.008333333333333333 0.006666666666666667
5 0.4666666666666667 0.2575 0.008333333333333333 0.01
5 0.16583333333333333 0.8425 0.006666666666666667 0.006666666666666667
0 0.5383333333333333 0.6683333333333333 0.006666666666666667 0.01
0 0.43 0.37333333333333335 0.03 0.028333333333333332
0 0.6233333333333333 0.17916666666666667 0.016666666666666666 0.023333333333333334
0 0.14916666666666667 0.5283333333333333 0.025 0.02
0 0.415 0.7766666666666666 0.025 0.028333333333333332
0 0.175 0.625 0.03 0.028333333333333332
0 0.6891666666666667 0.7741666666666667 0.025 0.028333333333333332
0 0.58 0.14583333333333334 0.016666666666666666 0.015
0 0.7433333333333333 0.9441666666666667 0.01 0.013333333333333334
