5 0.08916666666666667 0.24833333333333332 0.02 0.016666666666666666
5 0.5416666666666666 0.185 0.013333333333333334 0.011666666666666667
5 0.7425 0.7875 0.006666666666666667 0.006666666666666667
5 0.39166666666666666 0.3466666666666667 0.013333333333333334 0.015
5 0.5716666666666667 0.38 0.013333333333333334 0.016666666666666666
5 0.6758333333333333 0.2791666666666667 0.006666666666666667 0.006666666666666667
5 0.8058333333333333 0.7066666666666667 0.016666666666666666 0.018333333333333333
5 0.7 0.8216666666666667 0.01 0.01
5 0.195 0.615 0.011666666666666667 0.015
5 0.7258333333333333 0.12 0.013333333333333334 0.013333333333333334
5 0.008333333333333333 0.165 0.011666666666666667 0.011666666666666667
5 0.09583333333333334 0.7008333333333333 0.013333333333333334 0.01
5 0.44583333333333336 0.0825 0.01 0.008333333333333333
5 0.4575 0.32916666666666666 0.008333333333333333 0.008333333333333333
5 0.5908333333333333 0.755 0.008333333333333333 0.008333333333333333
