5 0.635 0.47 0.01 0.011666666666666667
5 0.4025 0.6583333333333333 0.008333333333333333 0.008333333333333333
5 0.68 0.4083333333333333 0.01 0.011666666666666667
5 0.9058333333333334 0.3125 0.013333333333333334 0.015
5 0.1375 0.4175 0.008333333333333333 0.008333333333333333
5 0.945 0.16916666666666666 0.011666666666666667 0.01
5 0.25666666666666665 0.1825 0.006666666666666667 0.006666666666666667
5 0.17333333333333334 0.215 0.008333333333333333 0.008333333333333333
5 0.9916666666666667 0.1925 0.008333333333333333 0.01
0 0.17333333333333334 0.1775 0.016666666666666666 0.015
0 0.12416666666666666 0.2833333333333333 0.016666666666666666 0.015
