5 0.8791666666666667 0.0125 0.016666666666666666 0.015
5 0.39666666666666667 0.3641666666666667 0.008333333333333333 0.008333333333333333
5 0.31333333333333335 0.9075 0.01 0.01
5 0.6241666666666666 0.9775 0.016666666666666666 0.011666666666666667
5 0.8991666666666667 0.8966666666666666 0.013333333333333334 0.013333333333333334
5 0.9358333333333333 0.935 0.006666666666666667 0.008333333333333333
5 0.2075 0.57 0.008333333333333333 0.008333333333333333
5 0.2625 0.6275 0.011666666666666667 0.011666666666666667
5 0.415 0.3383333333333333 0.02 0.021666666666666667
5 0.39416666666666667 0.06666666666666667 0.008333333333333333 0.008333333333333333
5 0.4266666666666667 0.33666666666666667 0.006666666666666667 0.006666666666666667
