5 0.4116666666666667 0.63 0.01 0.008333333333333333
5 0.8133333333333334 0.41083333333333333 0.016666666666666666 0.015
5 0.0225 0.8125 0.015 0.013333333333333334
5 0.16333333333333333 0.505 0.011666666666666667 0.01
5 0.3933333333333333 0.4558333333333333 0.015 0.013333333333333334
5 0.4575 0.115 0.01 0.011666666666666667
5 0.195 0.7508333333333334 0.01 0.011666666666666667
5 0.9258333333333333 0.19416666666666665 0.01 0.008333333333333333
5 0.4325 0.6708333333333333 0.008333333333333333 0.008333333333333333
5 0.7591666666666667 0.7033333333333334 0.01 0.01
5 0.2808333333333333 0.4891666666666667 0.01 0.01
5 0.17666666666666667 0.13083333333333333 0.011666666666666667 0.01
