1.0 0.17375833333333332 0.35952500000000004 0.026583333333333334 0.028358333333333333
1.0 0.174175 0.7911916666666667 0.03575833333333333 0.0392
1.0 0.8209666666666666 0.19270000000000004 0.03476666666666667 0.03836666666666667
5.0 0.72115 0.19245833333333334 0.007425 0.005908333333333333
5 0.7041666666666667 0.8016666666666666 0.011666666666666667 0.015
5 0.7166666666666667 0.37583333333333335 0.015 0.021666666666666667
5 0.4141666666666667 0.4 0.015 0.013333333333333334
5 0.8783333333333333 0.455 0.01 0.01
5 0.7191666666666666 0.25916666666666666 0.018333333333333333 0.016666666666666666
5 0.8941666666666667 0.7541666666666667 0.013333333333333334 0.015
5 0.9858333333333333 0.5141666666666667 0.013333333333333334 0.013333333333333334
5 0.13666666666666666 0.6866666666666666 0.008333333333333333 0.008333333333333333
5 0.81 0.1875 0.013333333333333334 0.013333333333333334
5 0.845 0.9041666666666667 0.015 0.018333333333333333
5 0.4691666666666667 0.30083333333333334 0.006666666666666667 0.008333333333333333
5 0.135 0.8366666666666667 0.015 0.015
5 0.7266666666666667 0.18333333333333332 0.015 0.013333333333333334
5 0.7491666666666666 0.04083333333333333 0.011666666666666667 0.011666666666666667
5 0.025 0.8625 0.008333333333333333 0.01
