8.0 0.3007784264664998 0.49874358974358973 0.25005004170141787 0.7171880341880342
5 0.64 0.33916666666666667 0.008333333333333333 0.008333333333333333
5 0.0875 0.6066666666666667 0.01 0.011666666666666667
5 0.44 0.6683333333333333 0.008333333333333333 0.008333333333333333
5 0.9483333333333334 0.6708333333333333 0.006666666666666667 0.008333333333333333
5 0.5333333333333333 0.5066666666666667 0.006666666666666667 0.006666666666666667
5 0.7808333333333334 0.565 0.013333333333333334 0.011666666666666667
5 0.5941666666666666 0.7925 0.01 0.01
0 0.056666666666666664 0.6025 0.016666666666666666 0.023333333333333334
0 0.25166666666666665 0.3075 0.01 0.013333333333333334
0 0.5575 0.10333333333333333 0.013333333333333334 0.008333333333333333
0 0.9166666666666666 0.39 0.02666666666666667 0.025
0 0.8833333333333333 0.11833333333333333 0.013333333333333334 0.008333333333333333
