5 0.33 0.37083333333333335 0.011666666666666667 0.011666666666666667
5 0.09166666666666666 0.67 0.013333333333333334 0.013333333333333334
5 0.615 0.4425 0.006666666666666667 0.008333333333333333
5 0.9091666666666667 0.46166666666666667 0.01 0.008333333333333333
5 0.4125 0.009166666666666667 0.011666666666666667 0.011666666666666667
5 0.7141666666666666 0.43416666666666665 0.015 0.011666666666666667
5 0.7975 0.19333333333333333 0.016666666666666666 0.035
5 0.6933333333333334 0.4175 0.01 0.008333333333333333
5 0.3325 0.2625 0.013333333333333334 0.015
5 0.21833333333333332 0.043333333333333335 0.011666666666666667 0.013333333333333334
5 0.25083333333333335 0.7 0.006666666666666667 0.01
5 0.78 0.9375 0.018333333333333333 0.016666666666666666
5 0.9783333333333334 0.65 0.008333333333333333 0.008333333333333333
5 0.365 0.2841666666666667 0.008333333333333333 0.005
5 0.03916666666666667 0.645 0.008333333333333333 0.008333333333333333
0 0.9725 0.9741666666666666 0.016666666666666666 0.016666666666666666
0 0.585 0.12083333333333333 0.018333333333333333 0.02
0 0.13666666666666666 0.8008333333333333 0.02 0.021666666666666667
0 0.88 0.71 0.015 0.018333333333333333
0 0.8125 0.7966666666666666 0.013333333333333334 0.015
