5 0.4741666666666667 0.23 0.011666666666666667 0.013333333333333334
5 0.505 0.7858333333333334 0.013333333333333334 0.013333333333333334
5 0.4775 0.31416666666666665 0.011666666666666667 0.011666666666666667
5 0.7858333333333334 0.2625 0.01 0.01
5 0.325 0.5283333333333333 0.006666666666666667 0.006666666666666667
5 0.3125 0.9858333333333333 0.01 0.01
5 0.37833333333333335 0.8658333333333333 0.013333333333333334 0.013333333333333334
5 0.3408333333333333 0.8908333333333334 0.013333333333333334 0.015
5 0.8416666666666667 0.06416666666666666 0.008333333333333333 0.008333333333333333
5 0.37166666666666665 0.2808333333333333 0.008333333333333333 0.01
5 0.8641666666666666 0.6383333333333333 0.008333333333333333 0.01
5 0.5025 0.5708333333333333 0.011666666666666667 0.01
5 0.13333333333333333 0.4033333333333333 0.008333333333333333 0.008333333333333333
5 0.6866666666666666 0.7 0.016666666666666666 0.015
0 0.5725 0.5683333333333334 0.021666666666666667 0.021666666666666667
0 0.5158333333333334 0.1775 0.021666666666666667 0.025
0 0.9366666666666666 0.9066666666666666 0.01 0.01
0 0.14416666666666667 0.4691666666666667 0.011666666666666667 0.013333333333333334
0 0.8216666666666667 0.21833333333333332 0.02 0.021666666666666667
0 0.6866666666666666 0.195 0.03 0.035
3 0.76 0.755 0.05 0.020833333333333332
3 0.4216666666666667 0.305 0.05 0.020833333333333332
