5 0.1525 0.30666666666666664 0.008333333333333333 0.006666666666666667
5 0.865 0.55 0.015 0.011666666666666667
5 0.23333333333333334 0.095 0.008333333333333333 0.008333333333333333
0 0.8616666666666667 0.5025 0.015 0.011666666666666667
0 0.07416666666666667 0.6983333333333334 0.023333333333333334 0.023333333333333334
0 0.2941666666666667 0.8 0.01 0.011666666666666667
0 0.9433333333333334 0.5783333333333334 0.02 0.03
0 0.2775 0.875 0.016666666666666666 0.016666666666666666
0 0.7791666666666667 0.25166666666666665 0.016666666666666666 0.016666666666666666
0 0.0175 0.7966666666666666 0.011666666666666667 0.015
0 0.2841666666666667 0.08583333333333333 0.021666666666666667 0.025
0 0.6266666666666667 0.8325 0.018333333333333333 0.02
