5 0.5158333333333334 0.1175 0.006666666666666667 0.008333333333333333
5 0.2875 0.22083333333333333 0.005 0.006666666666666667
5 0.14166666666666666 0.04833333333333333 0.008333333333333333 0.01
5 0.12166666666666667 0.4725 0.01 0.01
5 0.0775 0.6291666666666667 0.01 0.01
5 0.38333333333333336 0.0225 0.015 0.011666666666666667
5 0.78 0.5491666666666667 0.008333333333333333 0.008333333333333333
5 0.6 0.40166666666666667 0.02 0.02
5 0.6 0.9883333333333333 0.01 0.01
5 0.20916666666666667 0.5541666666666667 0.008333333333333333 0.01
5 0.2708333333333333 0.09666666666666666 0.011666666666666667 0.013333333333333334
5 0.7975 0.25166666666666665 0.008333333333333333 0.006666666666666667
5 0.37583333333333335 0.6025 0.006666666666666667 0.006666666666666667
5 0.18083333333333335 0.3416666666666667 0.008333333333333333 0.008333333333333333
5 0.9166666666666666 0.5616666666666666 0.015 0.011666666666666667
5 0.4725 0.3775 0.013333333333333334 0.013333333333333334
0 0.38333333333333336 0.8425 0.02 0.021666666666666667
0 0.7833333333333333 0.8533333333333334 0.01 0.015
0 0.455 0.7 0.011666666666666667 0.013333333333333334
0 0.3433333333333333 0.7691666666666667 0.021666666666666667 0.025
0 0.7933333333333333 0.44 0.01 0.013333333333333334
0 0.3 0.15583333333333332 0.025 0.02666666666666667
