5 0.7141666666666666 0.6608333333333334 0.006666666666666667 0.006666666666666667
5 0.7516666666666667 0.8433333333333334 0.013333333333333334 0.011666666666666667
5 0.7875 0.49666666666666665 0.008333333333333333 0.01
5 0.16833333333333333 0.3458333333333333 0.011666666666666667 0.011666666666666667
5 0.6041666666666666 0.7208333333333333 0.0033333333333333335 0.005
5 0.35333333333333333 0.5658333333333333 0.006666666666666667 0.006666666666666667
5 0.4825 0.43583333333333335 0.01 0.011666666666666667
5 0.6125 0.47833333333333333 0.006666666666666667 0.005
5 0.7725 0.7891666666666667 0.008333333333333333 0.008333333333333333
0 0.37416666666666665 0.011666666666666667 0.011666666666666667 0.013333333333333334
0 0.06166666666666667 0.5533333333333333 0.015 0.011666666666666667
0 0.53 0.9783333333333334 0.016666666666666666 0.015
0 0.39916666666666667 0.5108333333333334 0.01 0.01
0 0.12 0.9416666666666667 0.018333333333333333 0.02666666666666667
0 0.5116666666666667 0.6991666666666667 0.015 0.015
0 0.805 0.21833333333333332 0.011666666666666667 0.015
0 0.18166666666666667 0.87 0.021666666666666667 0.028333333333333332
0 0.595 0.6641666666666667 0.008333333333333333 0.011666666666666667
