5 0.74 0.2941666666666667 0.008333333333333333 0.008333333333333333
5 0.8058333333333333 0.8083333333333333 0.015 0.013333333333333334
5 0.33166666666666667 0.6025 0.016666666666666666 0.015
5 0.02666666666666667 0.7325 0.016666666666666666 0.015
5 0.8716666666666667 0.5691666666666667 0.015 0.016666666666666666
5 0.9416666666666667 0.8716666666666667 0.016666666666666666 0.018333333333333333
5 0.4375 0.8966666666666666 0.013333333333333334 0.013333333333333334
5 0.8016666666666666 0.1 0.013333333333333334 0.011666666666666667
5 0.5675 0.7358333333333333 0.008333333333333333 0.01
5 0.20083333333333334 0.93 0.018333333333333333 0.016666666666666666
5 0.3441666666666667 0.845 0.006666666666666667 0.006666666666666667
5 0.2841666666666667 0.9733333333333334 0.01 0.01
5 0.4041666666666667 0.8733333333333333 0.01 0.01
5 0.5033333333333333 0.04583333333333333 0.01 0.01
5 0.6475 0.44583333333333336 0.008333333333333333 0.008333333333333333
