5.0 0.14765 0.5756833333333334 0.009491666666666667 0.009266666666666666
4.0 0.1852 0.8206000000000001 0.11546666666666666 0.05693333333333333
4.0 0.35300000000000004 0.4180916666666667 0.05374166666666666 0.11603333333333334
4.0 0.842025 0.13990000000000005 0.11181666666666668 0.055358333333333336
5.0 0.6294249999999999 0.76565 0.010708333333333334 0.010125
5 0.17416666666666666 0.17583333333333334 0.011666666666666667 0.011666666666666667
5 0.7741666666666667 0.8841666666666667 0.021666666666666667 0.018333333333333333
5 0.26416666666666666 0.43333333333333335 0.01 0.011666666666666667
5 0.42083333333333334 0.5458333333333333 0.013333333333333334 0.013333333333333334
5 0.8883333333333333 0.9691666666666666 0.015 0.013333333333333334
5 0.06833333333333333 0.9033333333333333 0.008333333333333333 0.006666666666666667
