5 0.29333333333333333 0.9533333333333334 0.008333333333333333 0.008333333333333333
5 0.8441666666666666 0.8466666666666667 0.021666666666666667 0.02
5 0.23 0.45416666666666666 0.023333333333333334 0.021666666666666667
5 0.5658333333333333 0.07 0.008333333333333333 0.008333333333333333
5 0.9725 0.2966666666666667 0.015 0.013333333333333334
5 0.4575 0.29 0.006666666666666667 0.006666666666666667
5 0.4816666666666667 0.19916666666666666 0.02 0.02
5 0.8016666666666666 0.3283333333333333 0.02 0.016666666666666666
5 0.1525 0.30416666666666664 0.008333333333333333 0.008333333333333333
5 0.52 0.1175 0.01 0.01
5 0.6083333333333333 0.35583333333333333 0.013333333333333334 0.016666666666666666
5 0.2866666666666667 0.5983333333333334 0.013333333333333334 0.013333333333333334
5 0.08083333333333333 0.5458333333333333 0.013333333333333334 0.013333333333333334
5 0.2325 0.5158333333333334 0.016666666666666666 0.015
5 0.030833333333333334 0.36333333333333334 0.013333333333333334 0.013333333333333334
5 0.37083333333333335 0.8916666666666667 0.01 0.01
