5 0.29583333333333334 0.4375 0.013333333333333334 0.013333333333333334
5 0.2625 0.12 0.013333333333333334 0.015
5 0.775 0.15333333333333332 0.008333333333333333 0.008333333333333333
5 0.57 0.22666666666666666 0.015 0.015
5 0.455 0.04 0.023333333333333334 0.02
5 0.0975 0.7841666666666667 0.018333333333333333 0.016666666666666666
5 0.9091666666666667 0.865 0.01 0.01
5 0.3641666666666667 0.07416666666666667 0.01 0.01
5 0.8275 0.3408333333333333 0.02 0.016666666666666666
5 0.4675 0.5433333333333333 0.015 0.015
5 0.3025 0.4716666666666667 0.008333333333333333 0.008333333333333333
5 0.9308333333333333 0.9091666666666667 0.015 0.013333333333333334
5 0.23916666666666667 0.2575 0.013333333333333334 0.013333333333333334
5 0.4866666666666667 0.2916666666666667 0.016666666666666666 0.011666666666666667
5 0.115 0.3075 0.008333333333333333 0.01
