5 0.07416666666666667 0.0175 0.008333333333333333 0.008333333333333333
5 0.27416666666666667 0.75 0.011666666666666667 0.011666666666666667
5 0.1725 0.27 0.01 0.008333333333333333
5 0.9133333333333333 0.4825 0.011666666666666667 0.01
5 0.9933333333333333 0.7425 0.006666666666666667 0.006666666666666667
5 0.14166666666666666 0.5033333333333333 0.01 0.01
5 0.6408333333333334 0.27166666666666667 0.018333333333333333 0.016666666666666666
5 0.5241666666666667 0.5033333333333333 0.008333333333333333 0.008333333333333333
5 0.4725 0.5725 0.016666666666666666 0.015
5 0.18666666666666668 0.06833333333333333 0.008333333333333333 0.008333333333333333
5 0.7716666666666666 0.25416666666666665 0.011666666666666667 0.011666666666666667
5 0.7933333333333333 0.47833333333333333 0.013333333333333334 0.011666666666666667
5 0.885 0.13583333333333333 0.008333333333333333 0.008333333333333333
6 0.1675 0.6991666666666667 0.01 0.018333333333333333
6 0.155 0.9741666666666666 0.02 0.028333333333333332
6 0.53 0.18666666666666668 0.041666666666666664 0.21
