5 0.6441666666666667 0.5683333333333334 0.011666666666666667 0.01
5 0.7166666666666667 0.9291666666666667 0.011666666666666667 0.011666666666666667
5 0.2633333333333333 0.1925 0.01 0.01
5 0.30333333333333334 0.31 0.008333333333333333 0.008333333333333333
5 0.1875 0.585 0.02 0.015
5 0.7891666666666667 0.6916666666666667 0.016666666666666666 0.015
5 0.7733333333333333 0.44083333333333335 0.008333333333333333 0.008333333333333333
5 0.49666666666666665 0.6458333333333334 0.011666666666666667 0.011666666666666667
5 0.22083333333333333 0.905 0.01 0.011666666666666667
5 0.015 0.5458333333333333 0.008333333333333333 0.008333333333333333
0 0.22166666666666668 0.5566666666666666 0.016666666666666666 0.015
0 0.5766666666666667 0.6983333333333334 0.013333333333333334 0.018333333333333333
