5 0.1025 0.9183333333333333 0.013333333333333334 0.011666666666666667
5 0.9383333333333334 0.049166666666666664 0.008333333333333333 0.008333333333333333
5 0.9775 0.8308333333333333 0.013333333333333334 0.013333333333333334
5 0.15583333333333332 0.8583333333333333 0.01 0.01
5 0.5316666666666666 0.04833333333333333 0.013333333333333334 0.011666666666666667
5 0.5391666666666667 0.21583333333333332 0.02 0.016666666666666666
0 0.5808333333333333 0.51 0.02 0.02
0 0.8475 0.8975 0.01 0.013333333333333334
0 0.7491666666666666 0.535 0.03 0.028333333333333332
0 0.16916666666666666 0.12666666666666668 0.02 0.021666666666666667
0 0.7058333333333333 0.06666666666666667 0.016666666666666666 0.015
0 0.6666666666666666 0.7341666666666666 0.016666666666666666 0.015
0 0.6858333333333333 0.5666666666666667 0.013333333333333334 0.013333333333333334
0 0.8558333333333333 0.5191666666666667 0.023333333333333334 0.023333333333333334
0 0.4483333333333333 0.265 0.01 0.01
