2.0 0.11374166666666669 0.18765290519877675 0.13593333333333335 0.058381984987489574
2.0 0.8337999999999999 0.24255699193772584 0.08993333333333334 0.06255212677231026
2.0 0.27345 0.7116979427300528 0.07201666666666667 0.09730608840700584
5 0.5358333333333334 0.3566666666666667 0.021666666666666667 0.021666666666666667
5 0.6341666666666667 0.0875 0.006666666666666667 0.006666666666666667
5 0.14 0.6366666666666667 0.016666666666666666 0.015
5 0.8183333333333334 0.43833333333333335 0.013333333333333334 0.016666666666666666
5 0.15583333333333332 0.6741666666666667 0.008333333333333333 0.008333333333333333
5 0.7716666666666666 0.32916666666666666 0.015 0.016666666666666666
5 0.26666666666666666 0.2325 0.02 0.015
5 0.46416666666666667 0.10583333333333333 0.01 0.01
5 0.14166666666666666 0.2575 0.016666666666666666 0.018333333333333333
5 0.4583333333333333 0.7433333333333333 0.008333333333333333 0.008333333333333333
5 0.485 0.33166666666666667 0.016666666666666666 0.015
