5 0.39666666666666667 0.3383333333333333 0.018333333333333333 0.016666666666666666
5 0.041666666666666664 0.92 0.01 0.011666666666666667
5 0.2 0.32666666666666666 0.016666666666666666 0.015
5 0.25 0.9091666666666667 0.008333333333333333 0.008333333333333333
5 0.6566666666666666 0.051666666666666666 0.01 0.01
5 0.31333333333333335 0.24166666666666667 0.008333333333333333 0.008333333333333333
5 0.6533333333333333 0.305 0.011666666666666667 0.01
5 0.9591666666666666 0.21583333333333332 0.011666666666666667 0.013333333333333334
5 0.6225 0.8375 0.008333333333333333 0.01
5 0.8933333333333333 0.965 0.008333333333333333 0.008333333333333333
5 0.7775 0.48083333333333333 0.02 0.016666666666666666
5 0.815 0.4 0.013333333333333334 0.013333333333333334
