8.0 0.29659166666666675 0.5647122602168474 0.3353 0.6538782318598833
5 0.5775 0.7225 0.013333333333333334 0.011666666666666667
5 0.9508333333333333 0.56 0.016666666666666666 0.011666666666666667
5 0.6716666666666666 0.9275 0.013333333333333334 0.011666666666666667
5 0.5758333333333333 0.29583333333333334 0.008333333333333333 0.008333333333333333
5 0.029166666666666667 0.8525 0.008333333333333333 0.008333333333333333
5 0.020833333333333332 0.22083333333333333 0.008333333333333333 0.008333333333333333
5 0.965 0.36083333333333334 0.006666666666666667 0.006666666666666667
5 0.7725 0.10333333333333333 0.01 0.011666666666666667
5 0.5033333333333333 0.06166666666666667 0.015 0.013333333333333334
5 0.6508333333333334 0.155 0.016666666666666666 0.015
5 0.7725 0.55 0.005 0.005
5 0.6808333333333333 0.25666666666666665 0.006666666666666667 0.008333333333333333
5 0.7291666666666666 0.1425 0.015 0.013333333333333334
5 0.36916666666666664 0.5491666666666667 0.015 0.011666666666666667
5 0.79 0.9158333333333334 0.016666666666666666 0.015
3 0.98 0.9016666666666666 0.04 0.020833333333333332
3 0.4691666666666667 0.1625 0.10833333333333334 0.041666666666666664
