1.0 0.20590833333333336 0.3755254378648874 0.026591666666666666 0.025904920767306088
1.0 0.7704666666666666 0.7638240200166805 0.025916666666666668 0.025054211843202667
1.0 0.6893250000000001 0.277418682235196 0.03294166666666667 0.034261884904086735
5 0.6883333333333334 0.08 0.006666666666666667 0.006666666666666667
5 0.20833333333333334 0.09083333333333334 0.011666666666666667 0.011666666666666667
5 0.07333333333333333 0.0375 0.016666666666666666 0.011666666666666667
5 0.8025 0.6616666666666666 0.008333333333333333 0.008333333333333333
5 0.3875 0.24333333333333335 0.006666666666666667 0.006666666666666667
5 0.7866666666666666 0.07916666666666666 0.01 0.01
5 0.4791666666666667 0.47 0.015 0.011666666666666667
5 0.7225 0.31333333333333335 0.008333333333333333 0.006666666666666667
5 0.4525 0.9408333333333333 0.008333333333333333 0.008333333333333333
0 0.9375 0.6608333333333334 0.03 0.035
0 0.7783333333333333 0.6633333333333333 0.03333333333333333 0.028333333333333332
0 0.6716666666666666 0.5525 0.015 0.016666666666666666
0 0.9333333333333333 0.10583333333333333 0.03166666666666667 0.02666666666666667
0 0.975 0.9891666666666666 0.016666666666666666 0.013333333333333334
0 0.5441666666666667 0.09 0.018333333333333333 0.016666666666666666
0 0.37583333333333335 0.5433333333333333 0.015 0.023333333333333334
0 0.6533333333333333 0.13083333333333333 0.011666666666666667 0.013333333333333334
