5 0.245 0.9008333333333334 0.013333333333333334 0.011666666666666667
5 0.1325 0.28 0.008333333333333333 0.008333333333333333
5 0.9008333333333334 0.4816666666666667 0.015 0.015
5 0.5925 0.9725 0.006666666666666667 0.008333333333333333
5 0.5175 0.2375 0.018333333333333333 0.016666666666666666
5 0.185 0.10916666666666666 0.011666666666666667 0.011666666666666667
5 0.0175 0.08083333333333333 0.01 0.008333333333333333
5 0.9525 0.8583333333333333 0.008333333333333333 0.006666666666666667
5 0.12083333333333333 0.4025 0.006666666666666667 0.006666666666666667
5 0.005 0.4925 0.008333333333333333 0.006666666666666667
3 0.24166666666666667 0.6033333333333334 0.13333333333333333 0.15833333333333333
3 0.42333333333333334 0.18 0.0875 0.06666666666666667
