5 0.10833333333333334 0.7683333333333333 0.013333333333333334 0.013333333333333334
5 0.5308333333333334 0.9516666666666667 0.013333333333333334 0.011666666666666667
5 0.725 0.325 0.008333333333333333 0.01
5 0.3308333333333333 0.775 0.013333333333333334 0.011666666666666667
0 0.13583333333333333 0.09916666666666667 0.01 0.011666666666666667
0 0.20583333333333334 0.82 0.023333333333333334 0.02
0 0.36583333333333334 0.8733333333333333 0.011666666666666667 0.015
6 0.705 0.6383333333333333 0.03333333333333333 0.06166666666666667
6 0.5708333333333333 0.68 0.02 0.028333333333333332
6 0.57 0.65 0.016666666666666666 0.025
