5 0.05583333333333333 0.1825 0.006666666666666667 0.006666666666666667
5 0.35833333333333334 0.7858333333333334 0.011666666666666667 0.011666666666666667
5 0.5441666666666667 0.9866666666666667 0.008333333333333333 0.008333333333333333
5 0.4658333333333333 0.18 0.006666666666666667 0.006666666666666667
5 0.3383333333333333 0.435 0.011666666666666667 0.01
5 0.6983333333333334 0.12416666666666666 0.013333333333333334 0.013333333333333334
5 0.10083333333333333 0.5383333333333333 0.01 0.01
5 0.29083333333333333 0.6925 0.013333333333333334 0.013333333333333334
5 0.4375 0.6475 0.015 0.013333333333333334
5 0.95 0.5283333333333333 0.01 0.011666666666666667
5 0.13666666666666666 0.9933333333333333 0.01 0.011666666666666667
5 0.3333333333333333 0.41833333333333333 0.011666666666666667 0.01
5 0.6291666666666667 0.4 0.008333333333333333 0.01
5 0.1175 0.15916666666666668 0.008333333333333333 0.01
5 0.705 0.13333333333333333 0.013333333333333334 0.013333333333333334
5 0.7166666666666667 0.9725 0.006666666666666667 0.006666666666666667
5 0.9008333333333334 0.16416666666666666 0.006666666666666667 0.006666666666666667
5 0.4975 0.325 0.013333333333333334 0.013333333333333334
5 0.78 0.25333333333333335 0.011666666666666667 0.011666666666666667
0 0.48333333333333334 0.6641666666666667 0.015 0.013333333333333334
0 0.21416666666666667 0.43583333333333335 0.013333333333333334 0.011666666666666667
0 0.8766666666666667 0.835 0.021666666666666667 0.018333333333333333
0 0.41083333333333333 0.5275 0.016666666666666666 0.016666666666666666
0 0.5766666666666667 0.06 0.018333333333333333 0.018333333333333333
