8.0 0.5505622489959838 0.6808850787766451 0.10860982391102873 0.27134383688600555
8.0 0.22757800432499223 0.5684569045412419 0.2825671918443003 0.7230583873957368
5 0.24083333333333334 0.19 0.01 0.01
5 0.605 0.4241666666666667 0.01 0.008333333333333333
5 0.21 0.7216666666666667 0.011666666666666667 0.011666666666666667
5 0.25083333333333335 0.3641666666666667 0.008333333333333333 0.008333333333333333
5 0.7866666666666666 0.8008333333333333 0.01 0.011666666666666667
5 0.26666666666666666 0.2275 0.008333333333333333 0.008333333333333333
5 0.7233333333333334 0.7133333333333334 0.013333333333333334 0.011666666666666667
5 0.31083333333333335 0.5675 0.01 0.011666666666666667
