1.0 0.18002500000000002 0.4086982207395051 0.025325 0.025404503753127607
1.0 0.663225 0.3115255768696136 0.032433333333333335 0.0334278565471226
1.0 0.7442666666666666 0.7966965526827913 0.0244 0.02585487906588824
5 0.6891666666666667 0.06416666666666666 0.013333333333333334 0.013333333333333334
5 0.31 0.8141666666666667 0.011666666666666667 0.008333333333333333
5 0.8158333333333333 0.14666666666666667 0.013333333333333334 0.013333333333333334
5 0.37583333333333335 0.49416666666666664 0.008333333333333333 0.008333333333333333
5 0.6491666666666667 0.13666666666666666 0.015 0.015
5 0.285 0.7975 0.006666666666666667 0.005
5 0.26416666666666666 0.16166666666666665 0.008333333333333333 0.008333333333333333
5 0.2866666666666667 0.8108333333333333 0.013333333333333334 0.013333333333333334
5 0.7891666666666667 0.14666666666666667 0.01 0.011666666666666667
5 0.7175 0.7325 0.006666666666666667 0.006666666666666667
5 0.15083333333333335 0.6233333333333333 0.011666666666666667 0.011666666666666667
5 0.1025 0.795 0.01 0.008333333333333333
5 0.8125 0.18166666666666667 0.008333333333333333 0.006666666666666667
5 0.8675 0.4008333333333333 0.008333333333333333 0.008333333333333333
5 0.0725 0.4225 0.005 0.005
0 0.1175 0.6233333333333333 0.018333333333333333 0.021666666666666667
0 0.08583333333333333 0.47583333333333333 0.01 0.011666666666666667
0 0.5716666666666667 0.8883333333333333 0.016666666666666666 0.016666666666666666
0 0.49083333333333334 0.9658333333333333 0.018333333333333333 0.021666666666666667
0 0.8783333333333333 0.0475 0.015 0.015
0 0.3525 0.17083333333333334 0.028333333333333332 0.025
