5 0.8083333333333333 0.08083333333333333 0.008333333333333333 0.01
5 0.43166666666666664 0.4675 0.013333333333333334 0.013333333333333334
5 0.4533333333333333 0.9033333333333333 0.016666666666666666 0.018333333333333333
5 0.31416666666666665 0.5508333333333333 0.006666666666666667 0.006666666666666667
5 0.195 0.5591666666666667 0.006666666666666667 0.005
5 0.6141666666666666 0.43833333333333335 0.013333333333333334 0.013333333333333334
5 0.5083333333333333 0.9216666666666666 0.008333333333333333 0.008333333333333333
5 0.3491666666666667 0.6125 0.015 0.011666666666666667
5 0.7058333333333333 0.5741666666666667 0.015 0.015
5 0.58 0.75 0.01 0.008333333333333333
5 0.6533333333333333 0.5633333333333334 0.008333333333333333 0.008333333333333333
5 0.02666666666666667 0.31416666666666665 0.011666666666666667 0.008333333333333333
5 0.215 0.7308333333333333 0.02 0.016666666666666666
5 0.49833333333333335 0.37083333333333335 0.011666666666666667 0.011666666666666667
