5 0.5033333333333333 0.25 0.008333333333333333 0.008333333333333333
5 0.13416666666666666 0.3 0.008333333333333333 0.008333333333333333
5 0.9291666666666667 0.06166666666666667 0.01 0.01
5 0.5741666666666667 0.19583333333333333 0.008333333333333333 0.01
5 0.3858333333333333 0.8175 0.013333333333333334 0.025
5 0.29333333333333333 0.0875 0.016666666666666666 0.018333333333333333
5 0.25 0.84 0.005 0.005
5 0.4083333333333333 0.20166666666666666 0.008333333333333333 0.008333333333333333
5 0.4816666666666667 0.8591666666666666 0.013333333333333334 0.011666666666666667
5 0.12083333333333333 0.44166666666666665 0.008333333333333333 0.008333333333333333
5 0.6358333333333334 0.9658333333333333 0.016666666666666666 0.018333333333333333
5 0.9516666666666667 0.045 0.008333333333333333 0.008333333333333333
5 0.96 0.045 0.008333333333333333 0.008333333333333333
