7.0 0.55355 0.4824951348345844 0.15110833333333334 0.724211843202669
5 0.985 0.6875 0.008333333333333333 0.006666666666666667
5 0.3258333333333333 0.6191666666666666 0.013333333333333334 0.011666666666666667
5 0.7975 0.8533333333333334 0.01 0.01
5 0.6166666666666667 0.09833333333333333 0.01 0.01
5 0.7558333333333334 0.8375 0.01 0.01
5 0.30333333333333334 0.11833333333333333 0.021666666666666667 0.021666666666666667
5 0.9291666666666667 0.755 0.008333333333333333 0.008333333333333333
5 0.49 0.1075 0.006666666666666667 0.006666666666666667
5 0.19583333333333333 0.6508333333333334 0.008333333333333333 0.008333333333333333
5 0.5241666666666667 0.695 0.008333333333333333 0.008333333333333333
5 0.8958333333333334 0.37666666666666665 0.02 0.021666666666666667
5 0.049166666666666664 0.455 0.011666666666666667 0.011666666666666667
5 0.49333333333333335 0.8475 0.008333333333333333 0.01
5 0.23416666666666666 0.1725 0.008333333333333333 0.008333333333333333
5 0.31916666666666665 0.47583333333333333 0.015 0.011666666666666667
5 0.030833333333333334 0.8566666666666667 0.011666666666666667 0.011666666666666667
5 0.4816666666666667 0.9566666666666667 0.016666666666666666 0.016666666666666666
5 0.6608333333333334 0.6025 0.018333333333333333 0.025
5 0.6816666666666666 0.6 0.01 0.011666666666666667
