5 0.615 0.2075 0.008333333333333333 0.008333333333333333
5 0.49 0.5566666666666666 0.01 0.011666666666666667
5 0.5091666666666667 0.38916666666666666 0.008333333333333333 0.01
5 0.5933333333333334 0.3233333333333333 0.016666666666666666 0.016666666666666666
5 0.5758333333333333 0.2175 0.015 0.013333333333333334
5 0.20416666666666666 0.77 0.013333333333333334 0.013333333333333334
5 0.6716666666666666 0.2975 0.008333333333333333 0.006666666666666667
5 0.9416666666666667 0.9766666666666667 0.011666666666666667 0.01
5 0.5391666666666667 0.6308333333333334 0.013333333333333334 0.013333333333333334
5 0.055 0.04833333333333333 0.01 0.008333333333333333
5 0.25833333333333336 0.4033333333333333 0.016666666666666666 0.015
5 0.9266666666666666 0.95 0.008333333333333333 0.008333333333333333
5 0.3425 0.47333333333333333 0.011666666666666667 0.011666666666666667
5 0.36583333333333334 0.34 0.013333333333333334 0.013333333333333334
5 0.3641666666666667 0.9625 0.008333333333333333 0.008333333333333333
5 0.71 0.1975 0.013333333333333334 0.013333333333333334
5 0.3425 0.7958333333333333 0.008333333333333333 0.01
0 0.060833333333333336 0.35583333333333333 0.025 0.02
0 0.5225 0.9133333333333333 0.013333333333333334 0.015
0 0.845 0.8991666666666667 0.02666666666666667 0.023333333333333334
0 0.9691666666666666 0.4625 0.016666666666666666 0.015
0 0.6191666666666666 0.09166666666666666 0.025 0.02666666666666667
0 0.17166666666666666 0.9316666666666666 0.028333333333333332 0.021666666666666667
