5 0.025833333333333333 0.6883333333333334 0.01 0.011666666666666667
5 0.9041666666666667 0.21083333333333334 0.008333333333333333 0.008333333333333333
5 0.8541666666666666 0.24583333333333332 0.011666666666666667 0.011666666666666667
5 0.01 0.7808333333333334 0.008333333333333333 0.008333333333333333
5 0.9125 0.7633333333333333 0.01 0.01
5 0.6266666666666667 0.4791666666666667 0.015 0.011666666666666667
5 0.6758333333333333 0.6983333333333334 0.021666666666666667 0.018333333333333333
5 0.3641666666666667 0.4625 0.008333333333333333 0.008333333333333333
5 0.6941666666666667 0.4533333333333333 0.011666666666666667 0.011666666666666667
5 0.7725 0.49166666666666664 0.006666666666666667 0.006666666666666667
5 0.38166666666666665 0.6066666666666667 0.006666666666666667 0.006666666666666667
5 0.7091666666666666 0.7325 0.008333333333333333 0.008333333333333333
5 0.5675 0.2875 0.01 0.011666666666666667
5 0.8325 0.6033333333333334 0.013333333333333334 0.015
5 0.8125 0.04666666666666667 0.011666666666666667 0.01
5 0.745 0.6375 0.016666666666666666 0.015
5 0.15416666666666667 0.6641666666666667 0.008333333333333333 0.008333333333333333
