5 0.1275 0.27166666666666667 0.01 0.008333333333333333
5 0.4175 0.8358333333333333 0.015 0.018333333333333333
5 0.4766666666666667 0.6208333333333333 0.018333333333333333 0.016666666666666666
5 0.7208333333333333 0.14583333333333334 0.008333333333333333 0.008333333333333333
5 0.11 0.5508333333333333 0.013333333333333334 0.013333333333333334
5 0.8725 0.4816666666666667 0.01 0.008333333333333333
5 0.26416666666666666 0.5708333333333333 0.01 0.01
5 0.6833333333333333 0.9575 0.006666666666666667 0.006666666666666667
5 0.9516666666666667 0.8883333333333333 0.011666666666666667 0.011666666666666667
5 0.30416666666666664 0.48 0.013333333333333334 0.011666666666666667
5 0.6416666666666667 0.7883333333333333 0.006666666666666667 0.006666666666666667
5 0.6658333333333334 0.8066666666666666 0.016666666666666666 0.015
5 0.04583333333333333 0.35083333333333333 0.008333333333333333 0.008333333333333333
5 0.4716666666666667 0.058333333333333334 0.008333333333333333 0.008333333333333333
