5 0.13166666666666665 0.9216666666666666 0.01 0.008333333333333333
5 0.9041666666666667 0.6816666666666666 0.013333333333333334 0.016666666666666666
5 0.8508333333333333 0.9608333333333333 0.006666666666666667 0.006666666666666667
5 0.021666666666666667 0.805 0.006666666666666667 0.008333333333333333
5 0.88 0.32916666666666666 0.011666666666666667 0.01
5 0.4633333333333333 0.12583333333333332 0.01 0.011666666666666667
5 0.4766666666666667 0.8616666666666667 0.006666666666666667 0.006666666666666667
5 0.505 0.07916666666666666 0.011666666666666667 0.01
5 0.45 0.53 0.008333333333333333 0.008333333333333333
5 0.9633333333333334 0.1425 0.01 0.008333333333333333
5 0.165 0.835 0.008333333333333333 0.01
5 0.8016666666666666 0.5991666666666666 0.018333333333333333 0.025
5 0.5141666666666667 0.245 0.008333333333333333 0.006666666666666667
