2.0 0.4477333333333333 0.2602154573255491 0.065025 0.0750625521267723
2.0 0.20748333333333338 0.7793981095357243 0.06508333333333333 0.06811509591326105
2.0 0.9324000000000001 0.8676633305532387 0.06491666666666668 0.06672226855713094
5.0 0.69855 0.6282137892688352 0.012208333333333333 0.01354462051709758
5.0 0.7635333333333334 0.3602154573255491 0.015041666666666667 0.015045871559633026
5 0.7625 0.7083333333333334 0.016666666666666666 0.018333333333333333
5 0.0125 0.205 0.015 0.016666666666666666
5 0.5391666666666667 0.31083333333333335 0.01 0.011666666666666667
5 0.0525 0.4 0.01 0.011666666666666667
5 0.29333333333333333 0.6641666666666667 0.01 0.01
5 0.5025 0.4166666666666667 0.01 0.01
5 0.2275 0.4175 0.011666666666666667 0.011666666666666667
5 0.5775 0.48 0.008333333333333333 0.008333333333333333
5 0.03666666666666667 0.38916666666666666 0.01 0.01
5 0.10333333333333333 0.13583333333333333 0.008333333333333333 0.008333333333333333
5 0.39166666666666666 0.7933333333333333 0.008333333333333333 0.008333333333333333
5 0.45916666666666667 0.008333333333333333 0.008333333333333333 0.008333333333333333
0 0.8875 0.8141666666666667 0.03 0.035
0 0.4166666666666667 0.0325 0.016666666666666666 0.016666666666666666
0 0.195 0.94 0.021666666666666667 0.025
0 0.705 0.49666666666666665 0.02666666666666667 0.021666666666666667
0 0.16833333333333333 0.7808333333333334 0.016666666666666666 0.011666666666666667
0 0.5241666666666667 0.84 0.021666666666666667 0.023333333333333334
