5 0.395 0.8691666666666666 0.01 0.01
5 0.5075 0.5666666666666667 0.006666666666666667 0.006666666666666667
5 0.18416666666666667 0.525 0.01 0.011666666666666667
5 0.12666666666666668 0.8425 0.013333333333333334 0.013333333333333334
5 0.38416666666666666 0.7558333333333334 0.01 0.01
5 0.8275 0.6558333333333334 0.008333333333333333 0.008333333333333333
5 0.8758333333333334 0.21916666666666668 0.011666666666666667 0.011666666666666667
5 0.44583333333333336 0.9891666666666666 0.008333333333333333 0.008333333333333333
5 0.3875 0.4225 0.006666666666666667 0.006666666666666667
0 0.38166666666666665 0.805 0.013333333333333334 0.015
0 0.09583333333333334 0.49083333333333334 0.03333333333333333 0.03166666666666667
