5 0.4216666666666667 0.6308333333333334 0.008333333333333333 0.008333333333333333
5 0.8075 0.46416666666666667 0.013333333333333334 0.013333333333333334
5 0.7208333333333333 0.09 0.008333333333333333 0.008333333333333333
5 0.9708333333333333 0.09333333333333334 0.011666666666666667 0.01
5 0.9566666666666667 0.10833333333333334 0.021666666666666667 0.018333333333333333
5 0.10416666666666667 0.6108333333333333 0.008333333333333333 0.008333333333333333
5 0.2825 0.29833333333333334 0.011666666666666667 0.013333333333333334
5 0.1325 0.68 0.01 0.01
5 0.7541666666666667 0.9541666666666667 0.011666666666666667 0.011666666666666667
5 0.5533333333333333 0.7758333333333334 0.013333333333333334 0.013333333333333334
5 0.6558333333333334 0.645 0.013333333333333334 0.015
5 0.20166666666666666 0.20333333333333334 0.006666666666666667 0.006666666666666667
5 0.9066666666666666 0.3425 0.01 0.01
5 0.4083333333333333 0.36333333333333334 0.006666666666666667 0.006666666666666667
0 0.021666666666666667 0.5466666666666666 0.025 0.02666666666666667
0 0.77 0.4008333333333333 0.025 0.02
0 0.6783333333333333 0.5791666666666667 0.013333333333333334 0.013333333333333334
