5 0.6741666666666667 0.315 0.01 0.011666666666666667
5 0.5658333333333333 0.6383333333333333 0.015 0.018333333333333333
5 0.44416666666666665 0.2916666666666667 0.015 0.013333333333333334
5 0.88 0.595 0.01 0.008333333333333333
5 0.8875 0.615 0.021666666666666667 0.021666666666666667
5 0.9766666666666667 0.8708333333333333 0.006666666666666667 0.008333333333333333
5 0.05416666666666667 0.9216666666666666 0.013333333333333334 0.015
5 0.8366666666666667 0.39 0.015 0.015
5 0.008333333333333333 0.8333333333333334 0.015 0.013333333333333334
5 0.2966666666666667 0.4116666666666667 0.01 0.01
5 0.7333333333333333 0.7858333333333334 0.015 0.015
5 0.735 0.6358333333333334 0.016666666666666666 0.016666666666666666
5 0.5858333333333333 0.5366666666666666 0.006666666666666667 0.006666666666666667
