2.0 0.16933060109289616 0.04779599271402547 0.08327868852459017 0.07589253187613844
2.0 0.6679098360655737 0.5274590163934426 0.045218579234972675 0.0546448087431694
2.0 0.2156238615664845 0.8371129326047358 0.08478142076502733 0.08804189435336976
5 0.09666666666666666 0.7491666666666666 0.008333333333333333 0.008333333333333333
5 0.9358333333333333 0.03666666666666667 0.01 0.01
5 0.6116666666666667 0.41333333333333333 0.011666666666666667 0.01
5 0.7558333333333334 0.7183333333333334 0.021666666666666667 0.018333333333333333
5 0.49916666666666665 0.5133333333333333 0.008333333333333333 0.008333333333333333
5 0.6366666666666667 0.5641666666666667 0.008333333333333333 0.008333333333333333
5 0.8533333333333334 0.8458333333333333 0.01 0.01
5 0.5125 0.7441666666666666 0.006666666666666667 0.006666666666666667
