5 0.1925 0.19916666666666666 0.006666666666666667 0.006666666666666667
5 0.9208333333333333 0.6583333333333333 0.016666666666666666 0.018333333333333333
5 0.8883333333333333 0.8983333333333333 0.006666666666666667 0.006666666666666667
5 0.2608333333333333 0.805 0.011666666666666667 0.011666666666666667
5 0.7925 0.5125 0.013333333333333334 0.025
5 0.5975 0.26416666666666666 0.011666666666666667 0.011666666666666667
5 0.8225 0.6241666666666666 0.013333333333333334 0.016666666666666666
5 0.6808333333333333 0.0675 0.01 0.01
5 0.0325 0.4066666666666667 0.016666666666666666 0.016666666666666666
5 0.165 0.8891666666666667 0.008333333333333333 0.008333333333333333
5 0.26666666666666666 0.39666666666666667 0.01 0.01
5 0.8425 0.3675 0.006666666666666667 0.006666666666666667
5 0.21833333333333332 0.4216666666666667 0.016666666666666666 0.015
5 0.315 0.8566666666666667 0.006666666666666667 0.008333333333333333
5 0.8575 0.7858333333333334 0.011666666666666667 0.011666666666666667
5 0.7258333333333333 0.19916666666666666 0.011666666666666667 0.01
5 0.8375 0.7883333333333333 0.01 0.01
5 0.6375 0.9383333333333334 0.016666666666666666 0.011666666666666667
5 0.37916666666666665 0.59 0.008333333333333333 0.008333333333333333
