5 0.75 0.006666666666666667 0.008333333333333333 0.008333333333333333
5 0.4691666666666667 0.3516666666666667 0.013333333333333334 0.013333333333333334
5 0.9716666666666667 0.19083333333333333 0.011666666666666667 0.01
5 0.05416666666666667 0.9925 0.013333333333333334 0.014166666666666666
0 0.6741666666666667 0.7291666666666666 0.021666666666666667 0.025
0 0.2825 0.18083333333333335 0.015 0.015
0 0.9033333333333333 0.755 0.03833333333333333 0.04
0 0.505 0.25083333333333335 0.021666666666666667 0.025
0 0.25916666666666666 0.525 0.021666666666666667 0.023333333333333334
0 0.3983333333333333 0.6875 0.018333333333333333 0.018333333333333333
