5 0.12916666666666668 0.2783333333333333 0.015 0.011666666666666667
5 0.38666666666666666 0.4475 0.008333333333333333 0.008333333333333333
5 0.14666666666666667 0.4091666666666667 0.01 0.011666666666666667
5 0.58 0.6966666666666667 0.01 0.008333333333333333
5 0.315 0.14833333333333334 0.006666666666666667 0.006666666666666667
5 0.7141666666666666 0.3541666666666667 0.013333333333333334 0.016666666666666666
5 0.6741666666666667 0.33166666666666667 0.016666666666666666 0.015
5 0.3 0.2 0.015 0.013333333333333334
5 0.2966666666666667 0.3933333333333333 0.01 0.01
5 0.8025 0.5625 0.006666666666666667 0.006666666666666667
0 0.06416666666666666 0.0875 0.01 0.013333333333333334
0 0.7758333333333334 0.33916666666666667 0.008333333333333333 0.013333333333333334
0 0.865 0.1375 0.01 0.01
0 0.2791666666666667 0.9741666666666666 0.02 0.02
0 0.5841666666666666 0.6816666666666666 0.008333333333333333 0.008333333333333333
0 0.5016666666666667 0.555 0.02 0.02
0 0.6083333333333333 0.88 0.025 0.04833333333333333
