5 0.8233333333333334 0.5966666666666667 0.013333333333333334 0.013333333333333334
5 0.7166666666666667 0.8691666666666666 0.015 0.018333333333333333
5 0.4658333333333333 0.4583333333333333 0.01 0.01
5 0.36833333333333335 0.38 0.015 0.013333333333333334
5 0.8425 0.2808333333333333 0.011666666666666667 0.01
5 0.31916666666666665 0.1825 0.013333333333333334 0.015
5 0.7208333333333333 0.5175 0.01 0.01
5 0.6108333333333333 0.6983333333333334 0.015 0.013333333333333334
5 0.8025 0.255 0.011666666666666667 0.011666666666666667
5 0.25416666666666665 0.7716666666666666 0.02 0.015
5 0.7608333333333334 0.7058333333333333 0.01 0.008333333333333333
5 0.5208333333333334 0.8383333333333334 0.006666666666666667 0.008333333333333333
5 0.5716666666666667 0.785 0.008333333333333333 0.008333333333333333
5 0.39666666666666667 0.5183333333333333 0.01 0.01
5 0.3466666666666667 0.6083333333333333 0.011666666666666667 0.01
5 0.30833333333333335 0.7758333333333334 0.008333333333333333 0.008333333333333333
0 0.09833333333333333 0.9758333333333333 0.02666666666666667 0.023333333333333334
0 0.6233333333333333 0.37166666666666665 0.021666666666666667 0.025
0 0.2575 0.9616666666666667 0.015 0.023333333333333334
0 0.028333333333333332 0.06833333333333333 0.02 0.025
0 0.24166666666666667 0.8258333333333333 0.013333333333333334 0.011666666666666667
