5 0.08666666666666667 0.5258333333333334 0.008333333333333333 0.008333333333333333
5 0.7391666666666666 0.5041666666666667 0.006666666666666667 0.006666666666666667
5 0.0425 0.26166666666666666 0.016666666666666666 0.015
5 0.72 0.9533333333333334 0.016666666666666666 0.018333333333333333
5 0.6433333333333333 0.09833333333333333 0.01 0.011666666666666667
5 0.5925 0.2991666666666667 0.013333333333333334 0.011666666666666667
5 0.3225 0.4166666666666667 0.01 0.01
5 0.4275 0.37083333333333335 0.013333333333333334 0.011666666666666667
5 0.825 0.5283333333333333 0.01 0.016666666666666666
5 0.3175 0.845 0.01 0.01
5 0.515 0.5033333333333333 0.015 0.013333333333333334
5 0.7191666666666666 0.21666666666666667 0.013333333333333334 0.01
5 0.5725 0.15 0.008333333333333333 0.008333333333333333
5 0.16666666666666666 0.6533333333333333 0.016666666666666666 0.016666666666666666
5 0.3516666666666667 0.12916666666666668 0.016666666666666666 0.018333333333333333
5 0.8691666666666666 0.6483333333333333 0.008333333333333333 0.008333333333333333
5 0.015 0.6958333333333333 0.016666666666666666 0.015
5 0.23583333333333334 0.355 0.011666666666666667 0.011666666666666667
5 0.6158333333333333 0.24916666666666668 0.006666666666666667 0.005
