5 0.16916666666666666 0.16833333333333333 0.015 0.013333333333333334
5 0.685 0.8266666666666667 0.016666666666666666 0.015
5 0.6283333333333333 0.37333333333333335 0.008333333333333333 0.008333333333333333
5 0.6191666666666666 0.9133333333333333 0.008333333333333333 0.008333333333333333
5 0.2175 0.6933333333333334 0.008333333333333333 0.008333333333333333
5 0.09 0.47833333333333333 0.008333333333333333 0.008333333333333333
5 0.09083333333333334 0.4583333333333333 0.006666666666666667 0.006666666666666667
5 0.745 0.6 0.011666666666666667 0.01
5 0.9291666666666667 0.14416666666666667 0.013333333333333334 0.015
5 0.695 0.23583333333333334 0.01 0.01
5 0.21833333333333332 0.9908333333333333 0.011666666666666667 0.01
5 0.9416666666666667 0.6225 0.008333333333333333 0.008333333333333333
5 0.06666666666666667 0.3958333333333333 0.013333333333333334 0.015
5 0.74 0.37666666666666665 0.016666666666666666 0.015
5 0.060833333333333336 0.32916666666666666 0.005 0.006666666666666667
5 0.8441666666666666 0.7866666666666666 0.008333333333333333 0.008333333333333333
5 0.55 0.22166666666666668 0.006666666666666667 0.006666666666666667
5 0.6283333333333333 0.43916666666666665 0.006666666666666667 0.006666666666666667
5 0.7191666666666666 0.2991666666666667 0.013333333333333334 0.013333333333333334
