5.0 0.4834583333333333 0.7953416666666666 0.016050000000000002 0.015341666666666667
1.0 0.9314833333333333 0.8678333333333335 0.03826666666666667 0.038
1.0 0.08981666666666668 0.12913333333333332 0.044675 0.045625
5.0 0.149775 0.16979166666666665 0.015075 0.0158
5 0.38083333333333336 0.535 0.011666666666666667 0.01
5 0.5741666666666667 0.2025 0.015 0.013333333333333334
5 0.14833333333333334 0.8833333333333333 0.011666666666666667 0.011666666666666667
5 0.4533333333333333 0.9108333333333334 0.006666666666666667 0.005
5 0.46166666666666667 0.20166666666666666 0.008333333333333333 0.006666666666666667
5 0.004166666666666667 0.6341666666666667 0.008333333333333333 0.008333333333333333
5 0.9891666666666666 0.2658333333333333 0.008333333333333333 0.01
5 0.45916666666666667 0.3225 0.023333333333333334 0.02
5 0.8766666666666667 0.1 0.015 0.016666666666666666
5 0.4025 0.29833333333333334 0.01 0.01
5 0.8166666666666667 0.5183333333333333 0.021666666666666667 0.018333333333333333
5 0.4766666666666667 0.006666666666666667 0.011666666666666667 0.011666666666666667
0 0.9025 0.24416666666666667 0.03 0.02
0 0.595 0.8425 0.03333333333333333 0.028333333333333332
0 0.885 0.9075 0.016666666666666666 0.015
0 0.9533333333333334 0.02666666666666667 0.013333333333333334 0.016666666666666666
0 0.4175 0.9441666666666667 0.02 0.018333333333333333
0 0.14083333333333334 0.8658333333333333 0.03333333333333333 0.028333333333333332
0 0.5125 0.7033333333333334 0.008333333333333333 0.008333333333333333
0 0.7566666666666667 0.905 0.01 0.008333333333333333
