5 0.6966666666666667 0.005 0.006666666666666667 0.005
5 0.185 0.9141666666666667 0.006666666666666667 0.006666666666666667
5 0.46166666666666667 0.3958333333333333 0.018333333333333333 0.016666666666666666
5 0.3258333333333333 0.7066666666666667 0.008333333333333333 0.008333333333333333
5 0.25666666666666665 0.08916666666666667 0.015 0.013333333333333334
5 0.9208333333333333 0.6566666666666666 0.008333333333333333 0.008333333333333333
5 0.37 0.46416666666666667 0.015 0.013333333333333334
5 0.9041666666666667 0.23416666666666666 0.013333333333333334 0.013333333333333334
5 0.8075 0.78 0.018333333333333333 0.021666666666666667
5 0.14333333333333334 0.6258333333333334 0.013333333333333334 0.015
5 0.085 0.7916666666666666 0.01 0.01
0 0.5016666666666667 0.6541666666666667 0.013333333333333334 0.013333333333333334
0 0.8775 0.16083333333333333 0.01 0.01
0 0.25416666666666665 0.5958333333333333 0.023333333333333334 0.02
0 0.041666666666666664 0.4875 0.018333333333333333 0.02
