5 0.5466666666666666 0.625 0.008333333333333333 0.008333333333333333
5 0.6483333333333333 0.8733333333333333 0.015 0.016666666666666666
5 0.20333333333333334 0.3858333333333333 0.008333333333333333 0.008333333333333333
5 0.7691666666666667 0.035833333333333335 0.0033333333333333335 0.005
5 0.5466666666666666 0.7066666666666667 0.006666666666666667 0.006666666666666667
5 0.3908333333333333 0.7375 0.006666666666666667 0.006666666666666667
5 0.9416666666666667 0.7675 0.016666666666666666 0.02
5 0.8833333333333333 0.73 0.008333333333333333 0.008333333333333333
5 0.11083333333333334 0.9333333333333333 0.008333333333333333 0.006666666666666667
5 0.5958333333333333 0.5433333333333333 0.008333333333333333 0.008333333333333333
5 0.5116666666666667 0.025 0.008333333333333333 0.008333333333333333
5 0.6491666666666667 0.1975 0.011666666666666667 0.011666666666666667
5 0.19666666666666666 0.4225 0.015 0.016666666666666666
5 0.8441666666666666 0.005833333333333334 0.006666666666666667 0.008333333333333333
5 0.44083333333333335 0.29333333333333333 0.011666666666666667 0.01
5 0.06916666666666667 0.4375 0.008333333333333333 0.008333333333333333
5 0.3725 0.86 0.018333333333333333 0.025
