2.0 0.12665833333333337 0.2037878787878788 0.13731666666666667 0.05281901584653878
2.0 0.8467166666666667 0.2642549346677787 0.10520833333333333 0.07089241034195162
2.0 0.28636666666666666 0.7264484292465945 0.06229166666666667 0.09174311926605505
5 0.13416666666666666 0.2658333333333333 0.015 0.013333333333333334
5 0.37 0.2708333333333333 0.006666666666666667 0.006666666666666667
5 0.5191666666666667 0.6225 0.013333333333333334 0.025
5 0.73 0.21083333333333334 0.01 0.008333333333333333
5 0.4891666666666667 0.02666666666666667 0.008333333333333333 0.01
5 0.9683333333333334 0.5466666666666666 0.015 0.015
5 0.7983333333333333 0.6441666666666667 0.011666666666666667 0.011666666666666667
5 0.81 0.11083333333333334 0.015 0.013333333333333334
5 0.26166666666666666 0.31333333333333335 0.016666666666666666 0.015
5 0.030833333333333334 0.7991666666666667 0.021666666666666667 0.021666666666666667
5 0.0275 0.36833333333333335 0.015 0.011666666666666667
5 0.3491666666666667 0.11666666666666667 0.016666666666666666 0.011666666666666667
5 0.45 0.565 0.013333333333333334 0.015
5 0.3175 0.9083333333333333 0.01 0.01
5 0.65 0.29833333333333334 0.011666666666666667 0.011666666666666667
5 0.6383333333333333 0.745 0.013333333333333334 0.015
5 0.08833333333333333 0.7575 0.01 0.01
