5 0.9691666666666666 0.39 0.013333333333333334 0.013333333333333334
5 0.88 0.7866666666666666 0.02 0.021666666666666667
5 0.6958333333333333 0.43833333333333335 0.013333333333333334 0.015
5 0.15166666666666667 0.9 0.018333333333333333 0.021666666666666667
5 0.4658333333333333 0.8333333333333334 0.011666666666666667 0.015
5 0.455 0.59 0.01 0.01
5 0.715 0.3475 0.008333333333333333 0.008333333333333333
5 0.745 0.8925 0.02 0.021666666666666667
5 0.09666666666666666 0.405 0.006666666666666667 0.008333333333333333
5 0.4533333333333333 0.48333333333333334 0.006666666666666667 0.006666666666666667
5 0.2733333333333333 0.5675 0.02 0.016666666666666666
5 0.7091666666666666 0.4741666666666667 0.011666666666666667 0.011666666666666667
5 0.44333333333333336 0.7983333333333333 0.016666666666666666 0.015
5 0.025833333333333333 0.8233333333333334 0.006666666666666667 0.006666666666666667
5 0.7125 0.6966666666666667 0.008333333333333333 0.008333333333333333
5 0.39666666666666667 0.3433333333333333 0.011666666666666667 0.011666666666666667
5 0.43583333333333335 0.2975 0.008333333333333333 0.008333333333333333
5 0.5866666666666667 0.6275 0.008333333333333333 0.008333333333333333
