2.0 0.45995833333333336 0.25049624687239364 0.06225 0.07228523769808173
2.0 0.21415000000000003 0.7752418682235196 0.06508333333333333 0.07089241034195162
2.0 0.9404583333333333 0.8565596330275229 0.07602500000000001 0.0750625521267723
5 0.6783333333333333 0.74 0.011666666666666667 0.011666666666666667
5 0.15 0.82 0.01 0.01
5 0.25916666666666666 0.175 0.013333333333333334 0.016666666666666666
5 0.15 0.7341666666666666 0.016666666666666666 0.015
5 0.8316666666666667 0.021666666666666667 0.01 0.01
5 0.6475 0.15416666666666667 0.006666666666666667 0.006666666666666667
5 0.5408333333333334 0.23583333333333334 0.008333333333333333 0.008333333333333333
5 0.37666666666666665 0.05416666666666667 0.01 0.01
5 0.5316666666666666 0.3775 0.008333333333333333 0.006666666666666667
5 0.29083333333333333 0.5916666666666667 0.016666666666666666 0.015
5 0.5758333333333333 0.19333333333333333 0.013333333333333334 0.013333333333333334
