5 0.3641666666666667 0.1725 0.015 0.011666666666666667
5 0.03666666666666667 0.9133333333333333 0.011666666666666667 0.008333333333333333
5 0.31166666666666665 0.40166666666666667 0.006666666666666667 0.006666666666666667
5 0.08083333333333333 0.21583333333333332 0.011666666666666667 0.011666666666666667
5 0.41333333333333333 0.0175 0.011666666666666667 0.011666666666666667
5 0.1325 0.9916666666666667 0.013333333333333334 0.011666666666666667
5 0.665 0.09416666666666666 0.016666666666666666 0.015
5 0.6241666666666666 0.44083333333333335 0.008333333333333333 0.008333333333333333
5 0.4925 0.16666666666666666 0.01 0.016666666666666666
5 0.028333333333333332 0.2866666666666667 0.013333333333333334 0.016666666666666666
5 0.8275 0.058333333333333334 0.006666666666666667 0.006666666666666667
5 0.9108333333333334 0.805 0.013333333333333334 0.011666666666666667
5 0.2683333333333333 0.44666666666666666 0.011666666666666667 0.011666666666666667
5 0.7158333333333333 0.8983333333333333 0.011666666666666667 0.015
5 0.7766666666666666 0.4083333333333333 0.006666666666666667 0.008333333333333333
0 0.059166666666666666 0.050833333333333335 0.015 0.011666666666666667
0 0.15916666666666668 0.3675 0.018333333333333333 0.016666666666666666
0 0.5591666666666667 0.36 0.016666666666666666 0.015
0 0.98 0.7275 0.018333333333333333 0.015
0 0.5691666666666667 0.4241666666666667 0.008333333333333333 0.008333333333333333
