5 0.4666666666666667 0.8675 0.011666666666666667 0.01
5 0.32166666666666666 0.7333333333333333 0.008333333333333333 0.008333333333333333
5 0.7558333333333334 0.8908333333333334 0.016666666666666666 0.015
5 0.2525 0.11333333333333333 0.02 0.015
5 0.8541666666666666 0.11166666666666666 0.008333333333333333 0.008333333333333333
5 0.37416666666666665 0.08166666666666667 0.006666666666666667 0.005
5 0.04833333333333333 0.19083333333333333 0.008333333333333333 0.008333333333333333
5 0.8208333333333333 0.22833333333333333 0.011666666666666667 0.01
5 0.2633333333333333 0.058333333333333334 0.011666666666666667 0.013333333333333334
5 0.09083333333333334 0.7675 0.01 0.01
5 0.8283333333333334 0.08 0.015 0.013333333333333334
5 0.2991666666666667 0.8783333333333333 0.01 0.008333333333333333
5 0.32 0.43583333333333335 0.013333333333333334 0.013333333333333334
5 0.6083333333333333 0.5875 0.011666666666666667 0.01
5 0.61 0.7566666666666667 0.006666666666666667 0.005
5 0.4925 0.7075 0.011666666666666667 0.013333333333333334
5 0.2808333333333333 0.4975 0.008333333333333333 0.008333333333333333
