5 0.0125 0.10583333333333333 0.013333333333333334 0.013333333333333334
5 0.5466666666666666 0.58 0.01 0.01
5 0.8333333333333334 0.3433333333333333 0.011666666666666667 0.011666666666666667
5 0.6266666666666667 0.95 0.016666666666666666 0.016666666666666666
5 0.045 0.2325 0.013333333333333334 0.013333333333333334
5 0.125 0.10916666666666666 0.006666666666666667 0.005
5 0.7066666666666667 0.016666666666666666 0.008333333333333333 0.008333333333333333
5 0.05 0.22 0.006666666666666667 0.006666666666666667
5 0.5 0.34 0.008333333333333333 0.006666666666666667
5 0.9258333333333333 0.13666666666666666 0.01 0.01
5 0.44416666666666665 0.75 0.013333333333333334 0.013333333333333334
5 0.5058333333333334 0.525 0.01 0.01
5 0.9008333333333334 0.9716666666666667 0.006666666666666667 0.006666666666666667
5 0.16333333333333333 0.6241666666666666 0.015 0.015
