5 0.12666666666666668 0.7116666666666667 0.008333333333333333 0.008333333333333333
5 0.805 0.2025 0.018333333333333333 0.016666666666666666
5 0.8925 0.39666666666666667 0.013333333333333334 0.013333333333333334
5 0.7758333333333334 0.88 0.011666666666666667 0.011666666666666667
5 0.42333333333333334 0.16916666666666666 0.013333333333333334 0.013333333333333334
5 0.88 0.425 0.008333333333333333 0.008333333333333333
5 0.5225 0.5616666666666666 0.011666666666666667 0.011666666666666667
0 0.17 0.44166666666666665 0.02666666666666667 0.021666666666666667
0 0.6791666666666667 0.8058333333333333 0.02666666666666667 0.023333333333333334
0 0.8741666666666666 0.09333333333333334 0.013333333333333334 0.015
0 0.49416666666666664 0.17833333333333334 0.01 0.01
0 0.835 0.7266666666666667 0.018333333333333333 0.015
0 0.47333333333333333 0.8175 0.015 0.013333333333333334
