5 0.9833333333333333 0.6141666666666666 0.01 0.011666666666666667
5 0.7175 0.21166666666666667 0.01 0.008333333333333333
5 0.6141666666666666 0.7216666666666667 0.011666666666666667 0.013333333333333334
5 0.4841666666666667 0.30666666666666664 0.008333333333333333 0.008333333333333333
5 0.5158333333333334 0.32666666666666666 0.01 0.011666666666666667
5 0.6766666666666666 0.5016666666666667 0.013333333333333334 0.015
5 0.025833333333333333 0.825 0.011666666666666667 0.01
5 0.7741666666666667 0.5258333333333334 0.013333333333333334 0.01
5 0.21333333333333335 0.11083333333333334 0.008333333333333333 0.006666666666666667
5 0.6866666666666666 0.4008333333333333 0.006666666666666667 0.006666666666666667
5 0.25416666666666665 0.8833333333333333 0.015 0.013333333333333334
5 0.9116666666666666 0.24083333333333334 0.01 0.01
5 0.04 0.08166666666666667 0.008333333333333333 0.006666666666666667
5 0.9383333333333334 0.11333333333333333 0.0033333333333333335 0.005
5 0.49416666666666664 0.6758333333333333 0.01 0.01
5 0.2525 0.6 0.008333333333333333 0.01
0 0.6816666666666666 0.23833333333333334 0.018333333333333333 0.018333333333333333
0 0.8758333333333334 0.9233333333333333 0.01 0.013333333333333334
0 0.5191666666666667 0.655 0.02 0.021666666666666667
