4.0 0.34316666666666673 0.269725 0.07200000000000001 0.08055833333333333
4.0 0.6709083333333334 0.6030583333333333 0.09136666666666667 0.06944166666666667
5 0.9691666666666666 0.0625 0.01 0.008333333333333333
5 0.7725 0.5241666666666667 0.01 0.011666666666666667
5 0.48333333333333334 0.24166666666666667 0.008333333333333333 0.008333333333333333
5 0.7083333333333334 0.17833333333333334 0.016666666666666666 0.015
5 0.8641666666666666 0.11166666666666666 0.01 0.011666666666666667
5 0.8166666666666667 0.5275 0.008333333333333333 0.008333333333333333
5 0.4066666666666667 0.37666666666666665 0.01 0.011666666666666667
5 0.5008333333333334 0.44333333333333336 0.0033333333333333335 0.005
5 0.4025 0.33 0.016666666666666666 0.018333333333333333
5 0.018333333333333333 0.3575 0.013333333333333334 0.013333333333333334
6 0.6008333333333333 0.5591666666666667 0.02666666666666667 0.07333333333333333
