5 0.44333333333333336 0.6416666666666667 0.015 0.013333333333333334
5 0.99 0.11083333333333334 0.013333333333333334 0.01
5 0.21416666666666667 0.059166666666666666 0.006666666666666667 0.006666666666666667
5 0.09166666666666666 0.615 0.008333333333333333 0.008333333333333333
5 0.59 0.43416666666666665 0.008333333333333333 0.008333333333333333
5 0.5358333333333334 0.7958333333333333 0.011666666666666667 0.01
5 0.41333333333333333 0.31916666666666665 0.015 0.013333333333333334
5 0.935 0.7958333333333333 0.01 0.008333333333333333
5 0.7875 0.30916666666666665 0.013333333333333334 0.013333333333333334
5 0.21916666666666668 0.5183333333333333 0.016666666666666666 0.015
5 0.7866666666666666 0.2425 0.013333333333333334 0.013333333333333334
5 0.5658333333333333 0.8975 0.01 0.01
5 0.9191666666666667 0.3958333333333333 0.015 0.015
5 0.35333333333333333 0.145 0.008333333333333333 0.006666666666666667
5 0.15833333333333333 0.725 0.006666666666666667 0.006666666666666667
5 0.28583333333333333 0.6183333333333333 0.006666666666666667 0.006666666666666667
