5 0.8525 0.5666666666666667 0.013333333333333334 0.015
5 0.6833333333333333 0.09416666666666666 0.008333333333333333 0.008333333333333333
5 0.11916666666666667 0.0875 0.01 0.01
5 0.8641666666666666 0.7783333333333333 0.018333333333333333 0.025
5 0.705 0.93 0.011666666666666667 0.01
5 0.5058333333333334 0.9433333333333334 0.008333333333333333 0.008333333333333333
5 0.5741666666666667 0.8933333333333333 0.013333333333333334 0.015
5 0.24833333333333332 0.6491666666666667 0.008333333333333333 0.01
5 0.545 0.8633333333333333 0.011666666666666667 0.011666666666666667
5 0.13333333333333333 0.43916666666666665 0.013333333333333334 0.016666666666666666
5 0.07916666666666666 0.28 0.01 0.01
5 0.07416666666666667 0.28 0.008333333333333333 0.008333333333333333
5 0.4791666666666667 0.32166666666666666 0.006666666666666667 0.008333333333333333
0 0.7466666666666667 0.09083333333333334 0.028333333333333332 0.03166666666666667
0 0.03166666666666667 0.5275 0.008333333333333333 0.008333333333333333
