5 0.9691666666666666 0.6491666666666667 0.008333333333333333 0.008333333333333333
5 0.38333333333333336 0.6516666666666666 0.013333333333333334 0.011666666666666667
5 0.9358333333333333 0.6741666666666667 0.006666666666666667 0.006666666666666667
5 0.46 0.1975 0.01 0.01
5 0.7741666666666667 0.06 0.018333333333333333 0.016666666666666666
5 0.8216666666666667 0.5175 0.013333333333333334 0.013333333333333334
5 0.13833333333333334 0.5466666666666666 0.016666666666666666 0.016666666666666666
5 0.30333333333333334 0.5916666666666667 0.008333333333333333 0.008333333333333333
5 0.9875 0.4666666666666667 0.011666666666666667 0.011666666666666667
5 0.5691666666666667 0.965 0.015 0.013333333333333334
