4.0 0.16221666666666668 0.82125 0.117875 0.05416666666666667
4.0 0.3253916666666667 0.41847500000000004 0.052975 0.12083333333333333
4.0 0.82185 0.13305 0.120475 0.061116666666666666
5 0.7008333333333333 0.46166666666666667 0.006666666666666667 0.005
5 0.9558333333333333 0.7166666666666667 0.015 0.015
5 0.4875 0.5933333333333334 0.008333333333333333 0.008333333333333333
5 0.985 0.5858333333333333 0.013333333333333334 0.013333333333333334
5 0.8383333333333334 0.9516666666666667 0.015 0.013333333333333334
5 0.23333333333333334 0.6525 0.008333333333333333 0.01
5 0.4425 0.7508333333333334 0.013333333333333334 0.013333333333333334
5 0.29833333333333334 0.14416666666666667 0.013333333333333334 0.013333333333333334
5 0.12333333333333334 0.45916666666666667 0.008333333333333333 0.008333333333333333
5 0.6975 0.04 0.008333333333333333 0.006666666666666667
5 0.5841666666666666 0.9 0.01 0.008333333333333333
5 0.1625 0.0975 0.01 0.01
5 0.14583333333333334 0.2783333333333333 0.006666666666666667 0.006666666666666667
5 0.23833333333333334 0.33916666666666667 0.011666666666666667 0.01
5 0.9441666666666667 0.8691666666666666 0.011666666666666667 0.013333333333333334
5 0.2075 0.35333333333333333 0.01 0.01
5 0.485 0.2275 0.016666666666666666 0.015
5 0.11166666666666666 0.5116666666666667 0.011666666666666667 0.011666666666666667
5 0.585 0.1525 0.006666666666666667 0.006666666666666667
