5 0.5283333333333333 0.3275 0.011666666666666667 0.011666666666666667
5 0.9866666666666667 0.765 0.008333333333333333 0.008333333333333333
5 0.0675 0.15916666666666668 0.008333333333333333 0.008333333333333333
5 0.1575 0.7641666666666667 0.006666666666666667 0.006666666666666667
5 0.9508333333333333 0.045 0.008333333333333333 0.008333333333333333
5 0.42333333333333334 0.8491666666666666 0.0033333333333333335 0.005
5 0.7416666666666667 0.7558333333333334 0.018333333333333333 0.016666666666666666
5 0.03333333333333333 0.21666666666666667 0.011666666666666667 0.011666666666666667
5 0.5625 0.15166666666666667 0.008333333333333333 0.01
5 0.9016666666666666 0.10666666666666667 0.011666666666666667 0.011666666666666667
5 0.1225 0.4058333333333333 0.015 0.011666666666666667
5 0.16583333333333333 0.4891666666666667 0.013333333333333334 0.025
5 0.5383333333333333 0.59 0.011666666666666667 0.01
5 0.945 0.595 0.006666666666666667 0.006666666666666667
