5 0.9066666666666666 0.4891666666666667 0.013333333333333334 0.015
5 0.5333333333333333 0.6325 0.0033333333333333335 0.005
5 0.27416666666666667 0.40166666666666667 0.008333333333333333 0.008333333333333333
5 0.8816666666666667 0.20166666666666666 0.016666666666666666 0.015
5 0.6075 0.32083333333333336 0.015 0.016666666666666666
5 0.8866666666666667 0.3258333333333333 0.015 0.013333333333333334
5 0.755 0.89 0.008333333333333333 0.008333333333333333
5 0.8691666666666666 0.12166666666666667 0.01 0.01
5 0.1125 0.25416666666666665 0.008333333333333333 0.008333333333333333
5 0.21833333333333332 0.6983333333333334 0.01 0.01
5 0.2575 0.62 0.021666666666666667 0.02
5 0.37916666666666665 0.8133333333333334 0.008333333333333333 0.01
5 0.645 0.44916666666666666 0.008333333333333333 0.008333333333333333
5 0.31083333333333335 0.08916666666666667 0.021666666666666667 0.018333333333333333
5 0.40166666666666667 0.5116666666666667 0.008333333333333333 0.008333333333333333
5 0.9075 0.20833333333333334 0.013333333333333334 0.011666666666666667
5 0.29083333333333333 0.6258333333333334 0.021666666666666667 0.021666666666666667
