5 0.6858333333333333 0.005833333333333334 0.006666666666666667 0.006666666666666667
5 0.56 0.285 0.01 0.01
5 0.855 0.42 0.018333333333333333 0.016666666666666666
5 0.0725 0.3283333333333333 0.015 0.016666666666666666
5 0.9441666666666667 0.42083333333333334 0.011666666666666667 0.015
5 0.7841666666666667 0.04666666666666667 0.01 0.01
5 0.83 0.7258333333333333 0.01 0.01
5 0.5775 0.5058333333333334 0.016666666666666666 0.016666666666666666
5 0.9216666666666666 0.8075 0.01 0.011666666666666667
5 0.43416666666666665 0.41083333333333333 0.006666666666666667 0.005
5 0.6875 0.20666666666666667 0.01 0.01
