5 0.8333333333333334 0.7566666666666667 0.006666666666666667 0.008333333333333333
5 0.7691666666666667 0.9358333333333333 0.008333333333333333 0.008333333333333333
5 0.8283333333333334 0.9916666666666667 0.011666666666666667 0.011666666666666667
5 0.04083333333333333 0.18166666666666667 0.006666666666666667 0.008333333333333333
5 0.535 0.4775 0.01 0.01
5 0.5425 0.07 0.006666666666666667 0.005
5 0.9633333333333334 0.47583333333333333 0.006666666666666667 0.008333333333333333
5 0.058333333333333334 0.18333333333333332 0.016666666666666666 0.015
5 0.9616666666666667 0.18 0.006666666666666667 0.008333333333333333
5 0.4275 0.37666666666666665 0.008333333333333333 0.006666666666666667
0 0.41333333333333333 0.65 0.01 0.011666666666666667
0 0.095 0.365 0.021666666666666667 0.021666666666666667
0 0.49666666666666665 0.8191666666666667 0.02666666666666667 0.021666666666666667
0 0.58 0.8875 0.01 0.011666666666666667
0 0.18916666666666668 0.4633333333333333 0.011666666666666667 0.011666666666666667
0 0.7316666666666667 0.45416666666666666 0.008333333333333333 0.008333333333333333
0 0.4475 0.755 0.013333333333333334 0.015
0 0.92 0.52 0.028333333333333332 0.03166666666666667
