5 0.5966666666666667 0.5883333333333334 0.005 0.005
5 0.7908333333333334 0.38916666666666666 0.011666666666666667 0.01
5 0.44916666666666666 0.5391666666666667 0.008333333333333333 0.008333333333333333
5 0.45166666666666666 0.065 0.01 0.01
5 0.83 0.3408333333333333 0.008333333333333333 0.008333333333333333
5 0.6 0.6766666666666666 0.006666666666666667 0.008333333333333333
5 0.965 0.51 0.006666666666666667 0.008333333333333333
5 0.0275 0.059166666666666666 0.008333333333333333 0.008333333333333333
5 0.5525 0.9016666666666666 0.023333333333333334 0.021666666666666667
5 0.3025 0.7491666666666666 0.01 0.011666666666666667
5 0.006666666666666667 0.9575 0.011666666666666667 0.011666666666666667
5 0.235 0.6533333333333333 0.008333333333333333 0.008333333333333333
5 0.9583333333333334 0.08583333333333333 0.008333333333333333 0.008333333333333333
5 0.8558333333333333 0.015 0.013333333333333334 0.011666666666666667
5 0.8575 0.9416666666666667 0.015 0.011666666666666667
5 0.4241666666666667 0.23166666666666666 0.01 0.01
0 0.31083333333333335 0.5225 0.015 0.011666666666666667
0 0.9008333333333334 0.83 0.018333333333333333 0.016666666666666666
