5 0.9075 0.5108333333333334 0.011666666666666667 0.01
5 0.04416666666666667 0.6016666666666667 0.008333333333333333 0.008333333333333333
5 0.028333333333333332 0.6783333333333333 0.008333333333333333 0.008333333333333333
5 0.5725 0.825 0.016666666666666666 0.018333333333333333
5 0.8416666666666667 0.8933333333333333 0.011666666666666667 0.011666666666666667
5 0.0325 0.9091666666666667 0.0033333333333333335 0.005
5 0.39666666666666667 0.5675 0.015 0.015
5 0.5091666666666667 0.9291666666666667 0.008333333333333333 0.008333333333333333
5 0.5875 0.8558333333333333 0.006666666666666667 0.008333333333333333
5 0.3491666666666667 0.7866666666666666 0.008333333333333333 0.008333333333333333
5 0.4533333333333333 0.5708333333333333 0.008333333333333333 0.008333333333333333
5 0.9825 0.41333333333333333 0.006666666666666667 0.008333333333333333
5 0.5533333333333333 0.6725 0.016666666666666666 0.02
5 0.31416666666666665 0.5325 0.018333333333333333 0.021666666666666667
5 0.1225 0.6241666666666666 0.008333333333333333 0.006666666666666667
5 0.30666666666666664 0.8808333333333334 0.011666666666666667 0.01
5 0.05416666666666667 0.375 0.01 0.011666666666666667
5 0.4708333333333333 0.39166666666666666 0.011666666666666667 0.011666666666666667
5 0.6741666666666667 0.3591666666666667 0.011666666666666667 0.011666666666666667
