4.0 0.3441416666666666 0.31596330275229356 0.07339166666666666 0.08479566305254378
4.0 0.6677083333333332 0.6467973311092577 0.0872 0.06811509591326105
5 0.4191666666666667 0.2658333333333333 0.01 0.008333333333333333
5 0.48 0.028333333333333332 0.013333333333333334 0.016666666666666666
5 0.03833333333333333 0.725 0.01 0.01
5 0.9541666666666667 0.013333333333333334 0.02 0.015
5 0.0925 0.3408333333333333 0.016666666666666666 0.018333333333333333
5 0.9008333333333334 0.08916666666666667 0.013333333333333334 0.025
5 0.33166666666666667 0.6075 0.01 0.01
5 0.5783333333333334 0.15333333333333332 0.008333333333333333 0.008333333333333333
5 0.7316666666666667 0.7766666666666666 0.006666666666666667 0.006666666666666667
5 0.18916666666666668 0.9191666666666667 0.008333333333333333 0.01
5 0.9066666666666666 0.4191666666666667 0.011666666666666667 0.01
5 0.7316666666666667 0.3283333333333333 0.008333333333333333 0.006666666666666667
5 0.9308333333333333 0.815 0.013333333333333334 0.016666666666666666
5 0.8941666666666667 0.37 0.016666666666666666 0.015
5 0.6958333333333333 0.4075 0.01 0.008333333333333333
5 0.6441666666666667 0.36083333333333334 0.008333333333333333 0.008333333333333333
5 0.33916666666666667 0.041666666666666664 0.013333333333333334 0.013333333333333334
