5 0.04833333333333333 0.08083333333333333 0.015 0.011666666666666667
5 0.7675 0.08 0.015 0.018333333333333333
5 0.7608333333333334 0.4875 0.013333333333333334 0.011666666666666667
5 0.15416666666666667 0.255 0.011666666666666667 0.011666666666666667
0 0.5083333333333333 0.5466666666666666 0.02666666666666667 0.025
0 0.87 0.23583333333333334 0.028333333333333332 0.03166666666666667
0 0.27416666666666667 0.7541666666666667 0.016666666666666666 0.011666666666666667
0 0.6608333333333334 0.30833333333333335 0.011666666666666667 0.011666666666666667
0 0.635 0.6483333333333333 0.018333333333333333 0.013333333333333334
0 0.25416666666666665 0.03 0.025 0.04833333333333333
0 0.8141666666666667 0.24416666666666667 0.025 0.04833333333333333
0 0.5516666666666666 0.8791666666666667 0.016666666666666666 0.011666666666666667
