1.0 0.09722500000000002 0.12342499999999995 0.044725 0.0455
1.0 0.93885 0.8629666666666665 0.03870833333333334 0.038391666666666664
5 0.9566666666666667 0.3441666666666667 0.015 0.013333333333333334
5 0.76 0.7608333333333334 0.01 0.011666666666666667
5 0.6241666666666666 0.1925 0.008333333333333333 0.01
5 0.07583333333333334 0.8108333333333333 0.008333333333333333 0.008333333333333333
5 0.6383333333333333 0.55 0.006666666666666667 0.005
5 0.8383333333333334 0.0825 0.01 0.01
5 0.5633333333333334 0.25 0.01 0.011666666666666667
5 0.23583333333333334 0.13583333333333333 0.008333333333333333 0.008333333333333333
5 0.21166666666666667 0.8158333333333333 0.011666666666666667 0.011666666666666667
5 0.445 0.9533333333333334 0.011666666666666667 0.011666666666666667
5 0.09333333333333334 0.9266666666666666 0.006666666666666667 0.006666666666666667
5 0.5691666666666667 0.035833333333333335 0.013333333333333334 0.025
5 0.5625 0.1125 0.018333333333333333 0.018333333333333333
5 0.8958333333333334 0.3516666666666667 0.006666666666666667 0.006666666666666667
5 0.7033333333333334 0.3466666666666667 0.016666666666666666 0.02
5 0.6433333333333333 0.2683333333333333 0.013333333333333334 0.013333333333333334
5 0.9325 0.1575 0.011666666666666667 0.015
5 0.14 0.9691666666666666 0.013333333333333334 0.013333333333333334
