8.0 0.2949450931331665 0.5104102564102564 0.25005004170141787 0.7171880341880342
5 0.7516666666666667 0.17916666666666667 0.011666666666666667 0.01
5 0.7533333333333333 0.4658333333333333 0.01 0.01
5 0.4575 0.5258333333333334 0.008333333333333333 0.008333333333333333
5 0.4475 0.6841666666666667 0.008333333333333333 0.008333333333333333
5 0.91 0.5908333333333333 0.011666666666666667 0.01
5 0.3641666666666667 0.93 0.01 0.011666666666666667
5 0.5808333333333333 0.9533333333333334 0.015 0.021666666666666667
5 0.5791666666666667 0.09 0.008333333333333333 0.008333333333333333
5 0.08416666666666667 0.30833333333333335 0.02 0.021666666666666667
5 0.9758333333333333 0.695 0.01 0.01
5 0.8558333333333333 0.8408333333333333 0.008333333333333333 0.008333333333333333
5 0.21166666666666667 0.12416666666666666 0.013333333333333334 0.013333333333333334
5 0.42083333333333334 0.10833333333333334 0.015 0.013333333333333334
5 0.7708333333333334 0.035 0.015 0.018333333333333333
5 0.4625 0.9266666666666666 0.02 0.016666666666666666
5 0.6641666666666667 0.5508333333333333 0.011666666666666667 0.011666666666666667
5 0.5283333333333333 0.23416666666666666 0.008333333333333333 0.008333333333333333
5 0.44 0.4266666666666667 0.008333333333333333 0.008333333333333333
0 0.5166666666666667 0.019166666666666665 0.02 0.021666666666666667
0 0.4125 0.42583333333333334 0.013333333333333334 0.013333333333333334
0 0.3383333333333333 0.5658333333333333 0.013333333333333334 0.015
0 0.06916666666666667 0.8433333333333334 0.011666666666666667 0.011666666666666667
0 0.6083333333333333 0.5425 0.013333333333333334 0.011666666666666667
