5 0.7983333333333333 0.9283333333333333 0.008333333333333333 0.005
5 0.8183333333333334 0.0625 0.008333333333333333 0.008333333333333333
5 0.25666666666666665 0.16 0.006666666666666667 0.006666666666666667
5 0.7375 0.3433333333333333 0.016666666666666666 0.015
5 0.45916666666666667 0.9941666666666666 0.006666666666666667 0.006666666666666667
5 0.5891666666666666 0.295 0.011666666666666667 0.01
5 0.10916666666666666 0.5108333333333334 0.015 0.018333333333333333
5 0.39916666666666667 0.355 0.008333333333333333 0.008333333333333333
5 0.135 0.005833333333333334 0.006666666666666667 0.008333333333333333
5 0.23666666666666666 0.7541666666666667 0.015 0.011666666666666667
5 0.7458333333333333 0.2866666666666667 0.01 0.01
5 0.6258333333333334 0.25583333333333336 0.011666666666666667 0.011666666666666667
5 0.9566666666666667 0.7108333333333333 0.013333333333333334 0.013333333333333334
5 0.19416666666666665 0.3458333333333333 0.01 0.01
5 0.7958333333333333 0.9641666666666666 0.008333333333333333 0.008333333333333333
5 0.5366666666666666 0.5133333333333333 0.008333333333333333 0.008333333333333333
