7.0 0.5618833333333334 0.4899951348345844 0.15110833333333334 0.724211843202669
5 0.8741666666666666 0.12666666666666668 0.006666666666666667 0.008333333333333333
5 0.17416666666666666 0.8108333333333333 0.01 0.01
5 0.6991666666666667 0.6316666666666667 0.01 0.01
5 0.45916666666666667 0.5791666666666667 0.008333333333333333 0.008333333333333333
5 0.6875 0.2866666666666667 0.01 0.01
5 0.17916666666666667 0.9775 0.008333333333333333 0.008333333333333333
5 0.6475 0.27166666666666667 0.006666666666666667 0.008333333333333333
5 0.03166666666666667 0.8475 0.008333333333333333 0.008333333333333333
5 0.6083333333333333 0.5858333333333333 0.013333333333333334 0.015
5 0.4008333333333333 0.615 0.008333333333333333 0.008333333333333333
5 0.4 0.06166666666666667 0.008333333333333333 0.008333333333333333
5 0.8983333333333333 0.9391666666666667 0.01 0.01
5 0.7375 0.31 0.008333333333333333 0.008333333333333333
5 0.05333333333333334 0.6833333333333333 0.013333333333333334 0.015
5 0.7991666666666667 0.37333333333333335 0.008333333333333333 0.01
5 0.97 0.19583333333333333 0.008333333333333333 0.008333333333333333
