5 0.36583333333333334 0.44666666666666666 0.008333333333333333 0.008333333333333333
5 0.6466666666666666 0.9416666666666667 0.008333333333333333 0.008333333333333333
5 0.9783333333333334 0.795 0.01 0.01
5 0.85 0.9425 0.008333333333333333 0.008333333333333333
5 0.7758333333333334 0.3025 0.011666666666666667 0.01
5 0.17 0.43583333333333335 0.01 0.011666666666666667
5 0.8816666666666667 0.645 0.015 0.013333333333333334
5 0.7933333333333333 0.023333333333333334 0.013333333333333334 0.015
5 0.6666666666666666 0.37166666666666665 0.013333333333333334 0.013333333333333334
5 0.07333333333333333 0.8 0.006666666666666667 0.005
5 0.015 0.69 0.013333333333333334 0.011666666666666667
5 0.05416666666666667 0.715 0.01 0.008333333333333333
