5 0.8225 0.5291666666666667 0.013333333333333334 0.013333333333333334
5 0.015833333333333335 0.9058333333333334 0.008333333333333333 0.008333333333333333
5 0.8816666666666667 0.13333333333333333 0.016666666666666666 0.016666666666666666
5 0.14833333333333334 0.9641666666666666 0.008333333333333333 0.006666666666666667
5 0.9133333333333333 0.49416666666666664 0.02 0.018333333333333333
5 0.2633333333333333 0.9933333333333333 0.01 0.01
5 0.47833333333333333 0.24083333333333334 0.01 0.01
5 0.515 0.3475 0.011666666666666667 0.015
5 0.385 0.5441666666666667 0.01 0.01
5 0.6408333333333334 0.8841666666666667 0.008333333333333333 0.008333333333333333
5 0.6766666666666666 0.8866666666666667 0.008333333333333333 0.008333333333333333
5 0.12333333333333334 0.5341666666666667 0.011666666666666667 0.011666666666666667
5 0.3933333333333333 0.275 0.006666666666666667 0.006666666666666667
5 0.6208333333333333 0.7808333333333334 0.01 0.01
5 0.2125 0.4216666666666667 0.006666666666666667 0.006666666666666667
5 0.24666666666666667 0.21833333333333332 0.01 0.008333333333333333
0 0.31 0.04083333333333333 0.01 0.01
0 0.008333333333333333 0.195 0.015 0.013333333333333334
0 0.4075 0.5091666666666667 0.01 0.013333333333333334
