7.0 0.5534166666666667 0.47720391993327765 0.15805833333333333 0.7297748123436196
5 0.8208333333333333 0.025 0.011666666666666667 0.011666666666666667
5 0.7533333333333333 0.16333333333333333 0.006666666666666667 0.005
5 0.48 0.35083333333333333 0.01 0.011666666666666667
5 0.6208333333333333 0.44166666666666665 0.01 0.01
5 0.6983333333333334 0.39166666666666666 0.01 0.011666666666666667
5 0.2791666666666667 0.6633333333333333 0.008333333333333333 0.008333333333333333
5 0.49416666666666664 0.31666666666666665 0.008333333333333333 0.006666666666666667
5 0.11666666666666667 0.14916666666666667 0.01 0.01
5 0.4166666666666667 0.265 0.015 0.013333333333333334
5 0.575 0.47583333333333333 0.016666666666666666 0.016666666666666666
5 0.45 0.22333333333333333 0.005 0.006666666666666667
