5 0.14166666666666666 0.3516666666666667 0.011666666666666667 0.011666666666666667
5 0.45916666666666667 0.8141666666666667 0.018333333333333333 0.021666666666666667
5 0.24416666666666667 0.3541666666666667 0.008333333333333333 0.008333333333333333
5 0.5666666666666667 0.04416666666666667 0.008333333333333333 0.008333333333333333
5 0.5008333333333334 0.955 0.01 0.01
5 0.5183333333333333 0.14666666666666667 0.013333333333333334 0.013333333333333334
5 0.395 0.27666666666666667 0.015 0.011666666666666667
5 0.295 0.9433333333333334 0.01 0.01
5 0.555 0.8283333333333334 0.008333333333333333 0.01
5 0.9783333333333334 0.4533333333333333 0.011666666666666667 0.011666666666666667
5 0.44333333333333336 0.9516666666666667 0.018333333333333333 0.016666666666666666
5 0.36666666666666664 0.14416666666666667 0.013333333333333334 0.011666666666666667
5 0.11333333333333333 0.9866666666666667 0.01 0.008333333333333333
0 0.5133333333333333 0.9041666666666667 0.02 0.018333333333333333
0 0.08666666666666667 0.2625 0.011666666666666667 0.013333333333333334
0 0.7183333333333334 0.25 0.02 0.025
0 0.4725 0.8008333333333333 0.015 0.015
0 0.5125 0.5725 0.02666666666666667 0.028333333333333332
0 0.9183333333333333 0.3333333333333333 0.016666666666666666 0.023333333333333334
0 0.4925 0.13833333333333334 0.02 0.021666666666666667
0 0.5233333333333333 0.9358333333333333 0.011666666666666667 0.011666666666666667
0 0.365 0.22833333333333333 0.008333333333333333 0.011666666666666667
