5 0.5925 0.9433333333333334 0.011666666666666667 0.011666666666666667
5 0.9333333333333333 0.8433333333333334 0.008333333333333333 0.008333333333333333
5 0.6783333333333333 0.7675 0.013333333333333334 0.011666666666666667
5 0.08166666666666667 0.7833333333333333 0.013333333333333334 0.013333333333333334
5 0.20083333333333334 0.20666666666666667 0.006666666666666667 0.006666666666666667
5 0.97 0.2608333333333333 0.006666666666666667 0.008333333333333333
5 0.8475 0.4791666666666667 0.011666666666666667 0.01
5 0.07083333333333333 0.7766666666666666 0.011666666666666667 0.011666666666666667
5 0.04666666666666667 0.325 0.02 0.02
5 0.685 0.11916666666666667 0.008333333333333333 0.008333333333333333
5 0.7416666666666667 0.68 0.013333333333333334 0.011666666666666667
5 0.25833333333333336 0.1275 0.011666666666666667 0.011666666666666667
5 0.11666666666666667 0.7716666666666666 0.011666666666666667 0.008333333333333333
0 0.3933333333333333 0.8425 0.028333333333333332 0.021666666666666667
