2.0 0.8031083333333333 0.349307061440089 0.07745 0.09313594662218516
2.0 0.2011 0.16860647762023911 0.09286666666666667 0.08479566305254378
2.0 0.32469166666666666 0.7378308312482624 0.09561666666666667 0.08340283569641367
5 0.37416666666666665 0.31416666666666665 0.013333333333333334 0.013333333333333334
5 0.9625 0.32 0.008333333333333333 0.008333333333333333
5 0.12916666666666668 0.705 0.016666666666666666 0.015
5 0.3 0.15916666666666668 0.016666666666666666 0.018333333333333333
5 0.17833333333333334 0.9033333333333333 0.016666666666666666 0.016666666666666666
5 0.0175 0.945 0.018333333333333333 0.021666666666666667
5 0.45666666666666667 0.02666666666666667 0.008333333333333333 0.008333333333333333
5 0.6175 0.795 0.006666666666666667 0.008333333333333333
