2.0 0.17957499999999998 0.09396927995551851 0.06925833333333334 0.07783986655546288
2.0 0.22470833333333332 0.8167882958020574 0.0873 0.07783986655546288
2.0 0.6357666666666666 0.5311335835418405 0.04554166666666667 0.045871559633027525
0.0 0.9779916666666666 0.12885668612732834 0.010558333333333333 0.014662218515429523
5 0.25916666666666666 0.8716666666666667 0.01 0.016666666666666666
5 0.515 0.18166666666666667 0.006666666666666667 0.006666666666666667
5 0.23 0.19416666666666665 0.006666666666666667 0.008333333333333333
5 0.39666666666666667 0.29333333333333333 0.006666666666666667 0.006666666666666667
5 0.0925 0.8608333333333333 0.008333333333333333 0.008333333333333333
5 0.35583333333333333 0.8033333333333333 0.008333333333333333 0.006666666666666667
5 0.9516666666666667 0.5116666666666667 0.015 0.015
5 0.32416666666666666 0.3475 0.015 0.013333333333333334
5 0.23833333333333334 0.2708333333333333 0.013333333333333334 0.013333333333333334
5 0.27666666666666667 0.2625 0.015 0.015
5 0.2425 0.21333333333333335 0.011666666666666667 0.01
5 0.5966666666666667 0.7825 0.011666666666666667 0.011666666666666667
5 0.175 0.07416666666666667 0.0033333333333333335 0.005
5 0.07333333333333333 0.1575 0.011666666666666667 0.008333333333333333
5 0.45416666666666666 0.41 0.01 0.011666666666666667
5 0.9091666666666667 0.31166666666666665 0.016666666666666666 0.015
5 0.29333333333333333 0.31916666666666665 0.008333333333333333 0.008333333333333333
5 0.9233333333333333 0.6791666666666667 0.01 0.008333333333333333
5 0.9341666666666667 0.13666666666666666 0.01 0.01
