5 0.11666666666666667 0.6275 0.008333333333333333 0.006666666666666667
5 0.9875 0.6975 0.015 0.018333333333333333
5 0.96 0.15666666666666668 0.011666666666666667 0.013333333333333334
5 0.3441666666666667 0.9683333333333334 0.008333333333333333 0.005
5 0.5958333333333333 0.9791666666666666 0.015 0.016666666666666666
5 0.6466666666666666 0.44 0.015 0.013333333333333334
5 0.2808333333333333 0.4825 0.006666666666666667 0.006666666666666667
5 0.5075 0.18416666666666667 0.013333333333333334 0.015
5 0.8983333333333333 0.7991666666666667 0.008333333333333333 0.008333333333333333
5 0.8433333333333334 0.5091666666666667 0.006666666666666667 0.008333333333333333
5 0.8616666666666667 0.025 0.016666666666666666 0.015
5 0.02 0.2 0.008333333333333333 0.008333333333333333
5 0.475 0.04416666666666667 0.015 0.015
5 0.4116666666666667 0.5375 0.008333333333333333 0.008333333333333333
5 0.03833333333333333 0.8641666666666666 0.013333333333333334 0.01
5 0.15583333333333332 0.7933333333333333 0.015 0.013333333333333334
5 0.9266666666666666 0.6325 0.01 0.01
5 0.18833333333333332 0.6008333333333333 0.01 0.016666666666666666
5 0.6625 0.63 0.015 0.015
