5 0.37333333333333335 0.5691666666666667 0.011666666666666667 0.015
5 0.925 0.6191666666666666 0.01 0.01
5 0.815 0.49 0.018333333333333333 0.018333333333333333
5 0.6025 0.5616666666666666 0.018333333333333333 0.018333333333333333
5 0.2783333333333333 0.845 0.01 0.008333333333333333
5 0.009166666666666667 0.4066666666666667 0.006666666666666667 0.006666666666666667
5 0.0125 0.44166666666666665 0.008333333333333333 0.008333333333333333
0 0.0975 0.4683333333333333 0.02 0.02
0 0.43583333333333335 0.6491666666666667 0.021666666666666667 0.023333333333333334
0 0.7066666666666667 0.4875 0.01 0.013333333333333334
0 0.4475 0.13833333333333334 0.013333333333333334 0.015
0 0.525 0.815 0.013333333333333334 0.013333333333333334
0 0.5575 0.8458333333333333 0.01 0.013333333333333334
0 0.4575 0.745 0.013333333333333334 0.013333333333333334
