5 0.2525 0.35833333333333334 0.013333333333333334 0.013333333333333334
5 0.7783333333333333 0.31583333333333335 0.008333333333333333 0.006666666666666667
5 0.2725 0.6491666666666667 0.016666666666666666 0.015
5 0.32083333333333336 0.135 0.006666666666666667 0.005
5 0.6458333333333334 0.4475 0.015 0.013333333333333334
5 0.3675 0.46416666666666667 0.011666666666666667 0.01
5 0.14916666666666667 0.29 0.01 0.01
5 0.5716666666666667 0.88 0.01 0.01
5 0.415 0.975 0.02 0.016666666666666666
5 0.18333333333333332 0.7258333333333333 0.013333333333333334 0.011666666666666667
5 0.4791666666666667 0.29083333333333333 0.016666666666666666 0.015
0 0.25083333333333335 0.4575 0.013333333333333334 0.011666666666666667
