0 0.6241666666666666 0.19333333333333333 0.025 0.023333333333333334
0 0.2808333333333333 0.21333333333333335 0.023333333333333334 0.02
0 0.4 0.6333333333333333 0.013333333333333334 0.013333333333333334
0 0.31166666666666665 0.050833333333333335 0.02 0.021666666666666667
0 0.5358333333333334 0.36083333333333334 0.011666666666666667 0.011666666666666667
0 0.0575 0.17916666666666667 0.018333333333333333 0.013333333333333334
0 0.07833333333333334 0.3825 0.013333333333333334 0.015
0 0.4891666666666667 0.42333333333333334 0.018333333333333333 0.016666666666666666
0 0.26416666666666666 0.95 0.02666666666666667 0.023333333333333334
3 0.5408333333333334 0.0175 0.05 0.020833333333333332
3 0.4658333333333333 0.7525 0.0375 0.03333333333333333
