5 0.04 0.02666666666666667 0.008333333333333333 0.008333333333333333
5 0.7775 0.35333333333333333 0.008333333333333333 0.008333333333333333
5 0.6266666666666667 0.185 0.021666666666666667 0.021666666666666667
5 0.4508333333333333 0.11583333333333333 0.021666666666666667 0.018333333333333333
0 0.33666666666666667 0.6108333333333333 0.011666666666666667 0.013333333333333334
0 0.5291666666666667 0.9491666666666667 0.013333333333333334 0.016666666666666666
0 0.5483333333333333 0.39666666666666667 0.016666666666666666 0.015
0 0.065 0.018333333333333333 0.018333333333333333 0.02666666666666667
0 0.3591666666666667 0.8908333333333334 0.01 0.01
0 0.5533333333333333 0.485 0.016666666666666666 0.015
0 0.9183333333333333 0.6933333333333334 0.023333333333333334 0.021666666666666667
0 0.9458333333333333 0.5475 0.013333333333333334 0.013333333333333334
