5 0.9866666666666667 0.03 0.006666666666666667 0.008333333333333333
5 0.9741666666666666 0.7366666666666667 0.011666666666666667 0.011666666666666667
5 0.17916666666666667 0.6316666666666667 0.011666666666666667 0.013333333333333334
5 0.6333333333333333 0.44916666666666666 0.008333333333333333 0.008333333333333333
5 0.5125 0.043333333333333335 0.008333333333333333 0.008333333333333333
5 0.7425 0.4708333333333333 0.01 0.01
5 0.8991666666666667 0.9358333333333333 0.018333333333333333 0.021666666666666667
5 0.5033333333333333 0.2633333333333333 0.011666666666666667 0.011666666666666667
5 0.06333333333333334 0.3333333333333333 0.018333333333333333 0.016666666666666666
5 0.6383333333333333 0.8233333333333334 0.01 0.01
5 0.32166666666666666 0.1 0.01 0.01
5 0.8233333333333334 0.07583333333333334 0.02 0.016666666666666666
5 0.8675 0.004166666666666667 0.008333333333333333 0.008333333333333333
5 0.53 0.7375 0.008333333333333333 0.008333333333333333
5 0.61 0.47833333333333333 0.013333333333333334 0.015
5 0.9883333333333333 0.6175 0.01 0.01
5 0.5058333333333334 0.29083333333333333 0.01 0.011666666666666667
5 0.2733333333333333 0.6041666666666666 0.008333333333333333 0.01
