5 0.4558333333333333 0.9366666666666666 0.006666666666666667 0.006666666666666667
5 0.9541666666666667 0.8183333333333334 0.013333333333333334 0.016666666666666666
5 0.44666666666666666 0.4116666666666667 0.01 0.01
5 0.05583333333333333 0.9308333333333333 0.006666666666666667 0.006666666666666667
5 0.0925 0.7316666666666667 0.013333333333333334 0.01
5 0.7275 0.4275 0.01 0.01
5 0.9216666666666666 0.9925 0.01 0.01
5 0.545 0.5433333333333333 0.008333333333333333 0.01
5 0.9008333333333334 0.845 0.01 0.01
5 0.9275 0.9583333333333334 0.01 0.008333333333333333
5 0.10833333333333334 0.4141666666666667 0.008333333333333333 0.01
5 0.45916666666666667 0.27416666666666667 0.013333333333333334 0.013333333333333334
5 0.17916666666666667 0.19833333333333333 0.006666666666666667 0.008333333333333333
