5 0.16916666666666666 0.4166666666666667 0.015 0.013333333333333334
5 0.5416666666666666 0.43416666666666665 0.011666666666666667 0.01
5 0.9808333333333333 0.7058333333333333 0.006666666666666667 0.005
5 0.7483333333333333 0.5775 0.013333333333333334 0.013333333333333334
5 0.5683333333333334 0.24666666666666667 0.01 0.01
5 0.37833333333333335 0.36333333333333334 0.015 0.015
5 0.46166666666666667 0.7441666666666666 0.01 0.011666666666666667
5 0.7241666666666666 0.5191666666666667 0.015 0.013333333333333334
5 0.5633333333333334 0.4816666666666667 0.015 0.013333333333333334
5 0.47 0.9375 0.011666666666666667 0.011666666666666667
5 0.5641666666666667 0.07416666666666667 0.008333333333333333 0.008333333333333333
5 0.7825 0.025 0.008333333333333333 0.006666666666666667
5 0.7416666666666667 0.4483333333333333 0.011666666666666667 0.011666666666666667
0 0.5666666666666667 0.015 0.021666666666666667 0.021666666666666667
0 0.975 0.6616666666666666 0.018333333333333333 0.02
0 0.9091666666666667 0.25166666666666665 0.021666666666666667 0.023333333333333334
0 0.46416666666666667 0.3308333333333333 0.008333333333333333 0.013333333333333334
0 0.49166666666666664 0.1 0.015 0.013333333333333334
0 0.1975 0.145 0.013333333333333334 0.015
0 0.24416666666666667 0.12083333333333333 0.013333333333333334 0.015
0 0.9116666666666666 0.5641666666666667 0.008333333333333333 0.008333333333333333
