5.0 0.14931666666666665 0.5590166666666667 0.009491666666666667 0.009266666666666666
4.0 0.18686666666666665 0.8039333333333334 0.11546666666666666 0.05693333333333333
4.0 0.3546666666666667 0.401425 0.05374166666666666 0.11603333333333334
4.0 0.8436916666666666 0.12323333333333333 0.11181666666666668 0.055358333333333336
5.0 0.6310916666666666 0.7489833333333333 0.010708333333333334 0.010125
5 0.9508333333333333 0.2683333333333333 0.016666666666666666 0.015
0 0.013333333333333334 0.5383333333333333 0.013333333333333334 0.015
0 0.8916666666666667 0.37583333333333335 0.01 0.011666666666666667
0 0.69 0.019166666666666665 0.011666666666666667 0.015
0 0.2425 0.8233333333333334 0.016666666666666666 0.015
0 0.6025 0.8716666666666667 0.023333333333333334 0.021666666666666667
0 0.8483333333333334 0.3441666666666667 0.03 0.035
0 0.18833333333333332 0.9191666666666667 0.008333333333333333 0.008333333333333333
0 0.7408333333333333 0.2675 0.011666666666666667 0.013333333333333334
0 0.8891666666666667 0.7241666666666666 0.023333333333333334 0.025
