5 0.6016666666666667 0.49333333333333335 0.01 0.008333333333333333
5 0.5441666666666667 0.4058333333333333 0.01 0.01
5 0.10583333333333333 0.3933333333333333 0.008333333333333333 0.01
5 0.6541666666666667 0.9558333333333333 0.021666666666666667 0.021666666666666667
5 0.5933333333333334 0.7491666666666666 0.015 0.013333333333333334
5 0.53 0.3333333333333333 0.008333333333333333 0.008333333333333333
5 0.23916666666666667 0.5433333333333333 0.011666666666666667 0.013333333333333334
5 0.5533333333333333 0.8866666666666667 0.01 0.01
5 0.5033333333333333 0.024166666666666666 0.016666666666666666 0.011666666666666667
0 0.6758333333333333 0.1025 0.025 0.02
0 0.32 0.5583333333333333 0.021666666666666667 0.021666666666666667
0 0.9133333333333333 0.36833333333333335 0.01 0.01
