1.0 0.1917416666666667 0.40552543786488743 0.026591666666666666 0.025904920767306088
1.0 0.7563 0.7938240200166805 0.025916666666666668 0.025054211843202667
1.0 0.6751583333333334 0.30741868223519603 0.03294166666666667 0.034261884904086735
5 0.5325 0.6066666666666667 0.015 0.016666666666666666
5 0.7566666666666667 0.6191666666666666 0.011666666666666667 0.01
5 0.4191666666666667 0.45166666666666666 0.013333333333333334 0.011666666666666667
5 0.7525 0.2475 0.008333333333333333 0.008333333333333333
5 0.4325 0.1675 0.02 0.018333333333333333
5 0.09916666666666667 0.10166666666666667 0.01 0.011666666666666667
5 0.4175 0.6333333333333333 0.006666666666666667 0.006666666666666667
5 0.6966666666666667 0.9241666666666667 0.008333333333333333 0.008333333333333333
5 0.3958333333333333 0.6041666666666666 0.008333333333333333 0.01
5 0.6541666666666667 0.115 0.016666666666666666 0.015
5 0.11416666666666667 0.3466666666666667 0.016666666666666666 0.015
5 0.21666666666666667 0.2808333333333333 0.01 0.011666666666666667
5 0.06666666666666667 0.15666666666666668 0.016666666666666666 0.015
5 0.0275 0.49416666666666664 0.011666666666666667 0.015
5 0.375 0.795 0.011666666666666667 0.011666666666666667
5 0.4033333333333333 0.7891666666666667 0.008333333333333333 0.008333333333333333
5 0.19 0.07333333333333333 0.013333333333333334 0.011666666666666667
5 0.38916666666666666 0.3175 0.011666666666666667 0.011666666666666667
