5 0.4425 0.034166666666666665 0.01 0.01
5 0.6091666666666666 0.5608333333333333 0.008333333333333333 0.008333333333333333
5 0.5925 0.41083333333333333 0.01 0.008333333333333333
5 0.2525 0.725 0.008333333333333333 0.008333333333333333
5 0.6783333333333333 0.6375 0.008333333333333333 0.008333333333333333
5 0.4658333333333333 0.5225 0.01 0.01
5 0.30666666666666664 0.4 0.01 0.01
5 0.4575 0.016666666666666666 0.013333333333333334 0.013333333333333334
5 0.2783333333333333 0.2675 0.015 0.013333333333333334
5 0.19916666666666666 0.5141666666666667 0.006666666666666667 0.006666666666666667
5 0.8441666666666666 0.5208333333333334 0.008333333333333333 0.008333333333333333
5 0.07083333333333333 0.22583333333333333 0.006666666666666667 0.006666666666666667
5 0.024166666666666666 0.8 0.01 0.011666666666666667
5 0.3775 0.11416666666666667 0.008333333333333333 0.008333333333333333
5 0.7291666666666666 0.38416666666666666 0.01 0.01
5 0.76 0.6125 0.016666666666666666 0.015
