4.0 0.05922035480859007 0.7804859813084112 0.08363211951447246 0.13842056074766357
4.0 0.4623482726423903 0.5044018691588785 0.08781512605042016 0.07545794392523364
4.0 0.8072689075630253 0.3617383177570094 0.10249299719887955 0.10450467289719625
4.0 0.6179785247432306 0.9543457943925234 0.1273856209150327 0.05834579439252337
5.0 0.6116946778711483 0.3525233644859813 0.011559290382819795 0.011102803738317757
5 0.35 0.05 0.01 0.01
5 0.8625 0.9058333333333334 0.006666666666666667 0.01
5 0.7491666666666666 0.84 0.011666666666666667 0.011666666666666667
5 0.6575 0.7533333333333333 0.008333333333333333 0.008333333333333333
5 0.08833333333333333 0.875 0.008333333333333333 0.01
5 0.3016666666666667 0.9016666666666666 0.016666666666666666 0.015
