2.0 0.4834333333333333 0.22492424242424244 0.060858333333333334 0.07228523769808173
2.0 0.237625 0.7510543508479288 0.06091666666666666 0.06811509591326105
2.0 0.9660083333333334 0.8330643591882124 0.06769166666666666 0.06255212677231026
5 0.7608333333333334 0.1425 0.011666666666666667 0.011666666666666667
5 0.06666666666666667 0.22083333333333333 0.01 0.011666666666666667
5 0.06583333333333333 0.815 0.01 0.01
5 0.8716666666666667 0.22833333333333333 0.01 0.01
5 0.0925 0.1825 0.008333333333333333 0.008333333333333333
5 0.0775 0.31416666666666665 0.008333333333333333 0.01
5 0.42083333333333334 0.13416666666666666 0.016666666666666666 0.016666666666666666
5 0.7575 0.018333333333333333 0.008333333333333333 0.01
5 0.78 0.9175 0.016666666666666666 0.015
5 0.32 0.2608333333333333 0.02 0.016666666666666666
5 0.5675 0.7958333333333333 0.018333333333333333 0.021666666666666667
5 0.7758333333333334 0.5791666666666667 0.008333333333333333 0.008333333333333333
