5 0.28833333333333333 0.7408333333333333 0.005 0.006666666666666667
5 0.55 0.5616666666666666 0.01 0.011666666666666667
5 0.33 0.2916666666666667 0.011666666666666667 0.011666666666666667
5 0.9525 0.9708333333333333 0.013333333333333334 0.015
5 0.5933333333333334 0.29583333333333334 0.006666666666666667 0.006666666666666667
5 0.32916666666666666 0.7291666666666666 0.01 0.01
5 0.465 0.3566666666666667 0.021666666666666667 0.02
5 0.69 0.43 0.01 0.008333333333333333
5 0.035 0.8475 0.01 0.01
5 0.7058333333333333 0.12 0.01 0.01
5 0.885 0.9675 0.013333333333333334 0.01
5 0.30416666666666664 0.95 0.006666666666666667 0.006666666666666667
5 0.8341666666666666 0.24583333333333332 0.01 0.01
5 0.38 0.7333333333333333 0.01 0.011666666666666667
5 0.9758333333333333 0.51 0.015 0.013333333333333334
5 0.9733333333333334 0.6725 0.006666666666666667 0.008333333333333333
5 0.20083333333333334 0.3383333333333333 0.01 0.011666666666666667
5 0.08833333333333333 0.0425 0.008333333333333333 0.008333333333333333
5 0.66 0.3016666666666667 0.008333333333333333 0.008333333333333333
