5 0.8841666666666667 0.09916666666666667 0.006666666666666667 0.005
5 0.5258333333333334 0.8991666666666667 0.008333333333333333 0.008333333333333333
5 0.9216666666666666 0.255 0.013333333333333334 0.01
5 0.6208333333333333 0.69 0.008333333333333333 0.008333333333333333
5 0.15916666666666668 0.11416666666666667 0.01 0.01
5 0.8966666666666666 0.13666666666666666 0.013333333333333334 0.016666666666666666
5 0.265 0.42 0.01 0.008333333333333333
5 0.9416666666666667 0.9258333333333333 0.008333333333333333 0.008333333333333333
5 0.40166666666666667 0.7641666666666667 0.006666666666666667 0.008333333333333333
5 0.72 0.235 0.01 0.011666666666666667
5 0.545 0.5875 0.013333333333333334 0.025
5 0.8725 0.4925 0.008333333333333333 0.008333333333333333
5 0.3283333333333333 0.7941666666666667 0.006666666666666667 0.006666666666666667
5 0.7558333333333334 0.9275 0.008333333333333333 0.008333333333333333
5 0.9091666666666667 0.14166666666666666 0.006666666666666667 0.006666666666666667
0 0.2916666666666667 0.6716666666666666 0.025 0.028333333333333332
0 0.7333333333333333 0.7591666666666667 0.02 0.018333333333333333
0 0.20166666666666666 0.5808333333333333 0.011666666666666667 0.011666666666666667
0 0.8975 0.0525 0.015 0.023333333333333334
0 0.8358333333333333 0.6125 0.021666666666666667 0.025
0 0.7691666666666667 0.2841666666666667 0.015 0.018333333333333333
0 0.255 0.021666666666666667 0.02 0.018333333333333333
0 0.23583333333333334 0.7125 0.011666666666666667 0.01
