5 0.515 0.9516666666666667 0.02 0.016666666666666666
5 0.7925 0.7225 0.013333333333333334 0.013333333333333334
5 0.5516666666666666 0.8158333333333333 0.013333333333333334 0.013333333333333334
5 0.585 0.9166666666666666 0.008333333333333333 0.008333333333333333
5 0.8225 0.8658333333333333 0.008333333333333333 0.008333333333333333
5 0.6725 0.1075 0.006666666666666667 0.006666666666666667
5 0.7533333333333333 0.9308333333333333 0.021666666666666667 0.02
5 0.22166666666666668 0.775 0.015 0.013333333333333334
5 0.6633333333333333 0.88 0.01 0.01
5 0.3641666666666667 0.3616666666666667 0.008333333333333333 0.008333333333333333
5 0.06583333333333333 0.3933333333333333 0.018333333333333333 0.016666666666666666
5 0.2375 0.15166666666666667 0.016666666666666666 0.015
0 0.9583333333333334 0.011666666666666667 0.011666666666666667 0.01
0 0.7941666666666667 0.29583333333333334 0.011666666666666667 0.013333333333333334
0 0.9591666666666666 0.7308333333333333 0.016666666666666666 0.015
0 0.2941666666666667 0.7266666666666667 0.025 0.04833333333333333
0 0.009166666666666667 0.5325 0.011666666666666667 0.013333333333333334
0 0.8866666666666667 0.7508333333333334 0.011666666666666667 0.01
0 0.7575 0.8325 0.021666666666666667 0.023333333333333334
0 0.6733333333333333 0.46 0.018333333333333333 0.021666666666666667
0 0.11333333333333333 0.13166666666666665 0.02666666666666667 0.028333333333333332
