5 0.5825 0.1 0.01 0.01
5 0.555 0.7466666666666667 0.008333333333333333 0.008333333333333333
5 0.7241666666666666 0.8558333333333333 0.008333333333333333 0.008333333333333333
5 0.3725 0.9308333333333333 0.01 0.01
5 0.9016666666666666 0.6108333333333333 0.006666666666666667 0.008333333333333333
5 0.8575 0.17166666666666666 0.016666666666666666 0.018333333333333333
5 0.87 0.5291666666666667 0.015 0.013333333333333334
5 0.7 0.4075 0.016666666666666666 0.015
5 0.9 0.6583333333333333 0.01 0.011666666666666667
5 0.445 0.5808333333333333 0.013333333333333334 0.011666666666666667
5 0.5275 0.9691666666666666 0.008333333333333333 0.008333333333333333
5 0.015833333333333335 0.9116666666666666 0.008333333333333333 0.008333333333333333
5 0.9375 0.6916666666666667 0.01 0.008333333333333333
5 0.3925 0.7258333333333333 0.006666666666666667 0.008333333333333333
5 0.3516666666666667 0.2941666666666667 0.01 0.011666666666666667
5 0.2991666666666667 0.6491666666666667 0.008333333333333333 0.008333333333333333
