5 0.895 0.46166666666666667 0.006666666666666667 0.005
5 0.2125 0.1125 0.016666666666666666 0.016666666666666666
5 0.27416666666666667 0.13583333333333333 0.013333333333333334 0.025
5 0.8391666666666666 0.7675 0.021666666666666667 0.018333333333333333
5 0.016666666666666666 0.965 0.008333333333333333 0.008333333333333333
5 0.235 0.13333333333333333 0.016666666666666666 0.015
5 0.6233333333333333 0.9208333333333333 0.01 0.011666666666666667
5 0.42916666666666664 0.6275 0.016666666666666666 0.015
5 0.5675 0.8741666666666666 0.015 0.013333333333333334
5 0.5175 0.3125 0.01 0.011666666666666667
5 0.08166666666666667 0.0675 0.015 0.013333333333333334
5 0.6783333333333333 0.135 0.016666666666666666 0.018333333333333333
5 0.42583333333333334 0.8733333333333333 0.013333333333333334 0.013333333333333334
5 0.9725 0.5883333333333334 0.013333333333333334 0.013333333333333334
5 0.7825 0.45916666666666667 0.01 0.008333333333333333
5 0.675 0.2708333333333333 0.015 0.013333333333333334
5 0.015833333333333335 0.8283333333333334 0.008333333333333333 0.01
5 0.8383333333333334 0.7991666666666667 0.016666666666666666 0.015
0 0.7466666666666667 0.5883333333333334 0.01 0.013333333333333334
0 0.6383333333333333 0.020833333333333332 0.03333333333333333 0.03166666666666667
0 0.5375 0.965 0.035 0.04
0 0.9591666666666666 0.5183333333333333 0.015 0.016666666666666666
0 0.9866666666666667 0.525 0.013333333333333334 0.013333333333333334
