5 0.21 0.205 0.016666666666666666 0.015
5 0.675 0.7225 0.021666666666666667 0.021666666666666667
5 0.15333333333333332 0.17416666666666666 0.006666666666666667 0.006666666666666667
5 0.6575 0.6541666666666667 0.008333333333333333 0.008333333333333333
5 0.5133333333333333 0.9533333333333334 0.01 0.011666666666666667
5 0.1125 0.29333333333333333 0.008333333333333333 0.01
5 0.7925 0.8658333333333333 0.018333333333333333 0.016666666666666666
5 0.2966666666666667 0.6316666666666667 0.008333333333333333 0.005
5 0.7166666666666667 0.33 0.006666666666666667 0.006666666666666667
5 0.6341666666666667 0.7275 0.013333333333333334 0.013333333333333334
5 0.7383333333333333 0.7883333333333333 0.006666666666666667 0.006666666666666667
5 0.25583333333333336 0.2825 0.011666666666666667 0.011666666666666667
5 0.21916666666666668 0.1625 0.011666666666666667 0.011666666666666667
5 0.049166666666666664 0.16666666666666666 0.013333333333333334 0.016666666666666666
5 0.9508333333333333 0.205 0.011666666666666667 0.011666666666666667
5 0.6825 0.10666666666666667 0.011666666666666667 0.011666666666666667
