5 0.09333333333333334 0.3575 0.011666666666666667 0.011666666666666667
5 0.26416666666666666 0.1775 0.01 0.01
5 0.7075 0.05416666666666667 0.008333333333333333 0.008333333333333333
5 0.06166666666666667 0.9066666666666666 0.013333333333333334 0.016666666666666666
5 0.7758333333333334 0.12166666666666667 0.006666666666666667 0.006666666666666667
5 0.5825 0.10083333333333333 0.013333333333333334 0.01
5 0.36833333333333335 0.9675 0.015 0.015
5 0.1625 0.24916666666666668 0.01 0.01
5 0.26 0.016666666666666666 0.015 0.021666666666666667
5 0.45416666666666666 0.6675 0.013333333333333334 0.015
5 0.6408333333333334 0.23 0.008333333333333333 0.008333333333333333
5 0.20166666666666666 0.44916666666666666 0.01 0.008333333333333333
5 0.7066666666666667 0.2625 0.006666666666666667 0.006666666666666667
5 0.855 0.3333333333333333 0.015 0.011666666666666667
5 0.24583333333333332 0.36083333333333334 0.006666666666666667 0.005
5 0.6708333333333333 0.715 0.01 0.011666666666666667
5 0.06166666666666667 0.06 0.015 0.013333333333333334
5 0.6875 0.9008333333333334 0.006666666666666667 0.006666666666666667
0 0.49166666666666664 0.805 0.02 0.021666666666666667
0 0.5533333333333333 0.6475 0.021666666666666667 0.021666666666666667
