1.0 0.18924166666666664 0.39469210453155407 0.026591666666666666 0.025904920767306088
1.0 0.7537999999999999 0.7829906866833471 0.025916666666666668 0.025054211843202667
1.0 0.6726583333333334 0.29658534890186267 0.03294166666666667 0.034261884904086735
5 0.6066666666666667 0.7633333333333333 0.011666666666666667 0.011666666666666667
5 0.9316666666666666 0.5033333333333333 0.013333333333333334 0.011666666666666667
5 0.7183333333333334 0.018333333333333333 0.013333333333333334 0.013333333333333334
5 0.49 0.4675 0.008333333333333333 0.01
5 0.35083333333333333 0.6266666666666667 0.008333333333333333 0.008333333333333333
5 0.8775 0.8408333333333333 0.013333333333333334 0.025
5 0.0475 0.9466666666666667 0.008333333333333333 0.008333333333333333
5 0.08 0.08666666666666667 0.006666666666666667 0.006666666666666667
5 0.6491666666666667 0.06583333333333333 0.011666666666666667 0.013333333333333334
5 0.7466666666666667 0.8008333333333333 0.008333333333333333 0.008333333333333333
