5 0.07916666666666666 0.4791666666666667 0.018333333333333333 0.016666666666666666
5 0.9883333333333333 0.2175 0.016666666666666666 0.015
5 0.9133333333333333 0.7075 0.01 0.01
5 0.21583333333333332 0.35583333333333333 0.006666666666666667 0.006666666666666667
5 0.37083333333333335 0.29333333333333333 0.013333333333333334 0.016666666666666666
5 0.8891666666666667 0.5425 0.006666666666666667 0.006666666666666667
5 0.2875 0.19666666666666666 0.013333333333333334 0.013333333333333334
5 0.7716666666666666 0.16166666666666665 0.008333333333333333 0.008333333333333333
5 0.2325 0.23833333333333334 0.013333333333333334 0.013333333333333334
5 0.7925 0.004166666666666667 0.008333333333333333 0.008333333333333333
5 0.8558333333333333 0.2758333333333333 0.011666666666666667 0.008333333333333333
5 0.7358333333333333 0.03333333333333333 0.01 0.01
