5 0.4375 0.9258333333333333 0.015 0.015
5 0.2175 0.865 0.015 0.011666666666666667
5 0.3875 0.1775 0.008333333333333333 0.008333333333333333
5 0.6258333333333334 0.4708333333333333 0.008333333333333333 0.008333333333333333
5 0.32166666666666666 0.7975 0.015 0.011666666666666667
0 0.30666666666666664 0.05333333333333334 0.021666666666666667 0.023333333333333334
0 0.16916666666666666 0.3258333333333333 0.02 0.018333333333333333
0 0.8216666666666667 0.6116666666666667 0.016666666666666666 0.015
0 0.8683333333333333 0.0775 0.011666666666666667 0.013333333333333334
0 0.030833333333333334 0.06833333333333333 0.011666666666666667 0.011666666666666667
0 0.95 0.16333333333333333 0.021666666666666667 0.023333333333333334
0 0.78 0.8816666666666667 0.013333333333333334 0.011666666666666667
0 0.285 0.27666666666666667 0.028333333333333332 0.03166666666666667
3 0.8233333333333334 0.43833333333333335 0.23333333333333334 0.125
3 0.6125 0.8716666666666667 0.13333333333333333 0.15833333333333333
