5 0.33916666666666667 0.29083333333333333 0.008333333333333333 0.008333333333333333
5 0.8491666666666666 0.905 0.01 0.01
5 0.6166666666666667 0.2125 0.008333333333333333 0.008333333333333333
5 0.9933333333333333 0.8591666666666666 0.0125 0.011666666666666667
5 0.5491666666666667 0.0825 0.008333333333333333 0.008333333333333333
5 0.7916666666666666 0.9341666666666667 0.01 0.008333333333333333
5 0.04 0.18416666666666667 0.013333333333333334 0.015
5 0.37166666666666665 0.7141666666666666 0.02 0.015
0 0.8875 0.5458333333333333 0.013333333333333334 0.011666666666666667
0 0.15416666666666667 0.07833333333333334 0.02 0.013333333333333334
0 0.795 0.8108333333333333 0.01 0.01
0 0.27666666666666667 0.4866666666666667 0.015 0.023333333333333334
0 0.41083333333333333 0.44916666666666666 0.015 0.013333333333333334
0 0.6316666666666667 0.8408333333333333 0.02666666666666667 0.021666666666666667
0 0.595 0.6716666666666666 0.013333333333333334 0.016666666666666666
0 0.4625 0.7975 0.013333333333333334 0.015
6 0.4508333333333333 0.4575 0.07166666666666667 0.39
6 0.35583333333333333 0.15083333333333335 0.016666666666666666 0.025
6 0.565 0.6366666666666667 0.03333333333333333 0.07833333333333334
6 0.2941666666666667 0.6208333333333333 0.028333333333333332 0.041666666666666664
