2.0 0.45426666666666665 0.23075757575757574 0.060858333333333334 0.07228523769808173
2.0 0.20845833333333333 0.7568876841812622 0.06091666666666666 0.06811509591326105
2.0 0.9368416666666667 0.8388976925215457 0.06769166666666666 0.06255212677231026
5 0.9133333333333333 0.9425 0.008333333333333333 0.008333333333333333
5 0.07833333333333334 0.25416666666666665 0.013333333333333334 0.013333333333333334
5 0.2775 0.6775 0.008333333333333333 0.006666666666666667
5 0.7233333333333334 0.065 0.008333333333333333 0.008333333333333333
5 0.8916666666666667 0.8075 0.008333333333333333 0.008333333333333333
5 0.9833333333333333 0.37666666666666665 0.013333333333333334 0.013333333333333334
5 0.9016666666666666 0.5025 0.02 0.021666666666666667
5 0.6741666666666667 0.4875 0.01 0.01
5 0.03666666666666667 0.8366666666666667 0.018333333333333333 0.016666666666666666
5 0.6908333333333333 0.41 0.008333333333333333 0.008333333333333333
5 0.7275 0.7983333333333333 0.013333333333333334 0.013333333333333334
6 0.9458333333333333 0.6566666666666666 0.016666666666666666 0.025
6 0.8016666666666666 0.45666666666666667 0.03666666666666667 0.07833333333333334
6 0.8433333333333334 0.3675 0.058333333333333334 0.16833333333333333
6 0.4775 0.6633333333333333 0.051666666666666666 0.17833333333333334
