5 0.31416666666666665 0.8341666666666666 0.011666666666666667 0.011666666666666667
5 0.42833333333333334 0.4483333333333333 0.013333333333333334 0.013333333333333334
5 0.7366666666666667 0.1175 0.013333333333333334 0.015
5 0.5875 0.48083333333333333 0.011666666666666667 0.011666666666666667
5 0.2991666666666667 0.6016666666666667 0.01 0.01
5 0.7708333333333334 0.2925 0.015 0.013333333333333334
5 0.6741666666666667 0.6016666666666667 0.016666666666666666 0.015
5 0.5325 0.21166666666666667 0.006666666666666667 0.006666666666666667
5 0.015833333333333335 0.5741666666666667 0.015 0.011666666666666667
5 0.9666666666666667 0.17666666666666667 0.016666666666666666 0.018333333333333333
5 0.7391666666666666 0.205 0.008333333333333333 0.008333333333333333
5 0.5383333333333333 0.1275 0.013333333333333334 0.013333333333333334
5 0.985 0.01 0.008333333333333333 0.008333333333333333
5 0.9108333333333334 0.7716666666666666 0.011666666666666667 0.011666666666666667
5 0.38333333333333336 0.3333333333333333 0.006666666666666667 0.006666666666666667
5 0.7041666666666667 0.8516666666666667 0.015 0.015
5 0.41583333333333333 0.5266666666666666 0.008333333333333333 0.008333333333333333
