5 0.5641666666666667 0.4608333333333333 0.008333333333333333 0.008333333333333333
5 0.465 0.8933333333333333 0.013333333333333334 0.011666666666666667
5 0.7191666666666666 0.6616666666666666 0.008333333333333333 0.008333333333333333
5 0.30666666666666664 0.3575 0.016666666666666666 0.015
5 0.73 0.3575 0.011666666666666667 0.011666666666666667
5 0.5508333333333333 0.39166666666666666 0.011666666666666667 0.01
5 0.32 0.4583333333333333 0.015 0.021666666666666667
5 0.5583333333333333 0.18666666666666668 0.008333333333333333 0.008333333333333333
5 0.5875 0.1475 0.01 0.01
5 0.31166666666666665 0.26166666666666666 0.01 0.008333333333333333
5 0.385 0.2925 0.01 0.01
5 0.45666666666666667 0.015 0.011666666666666667 0.011666666666666667
5 0.7675 0.03 0.006666666666666667 0.006666666666666667
5 0.205 0.21833333333333332 0.01 0.01
5 0.43833333333333335 0.5241666666666667 0.01 0.008333333333333333
0 0.885 0.6725 0.013333333333333334 0.015
