5 0.15583333333333332 0.4141666666666667 0.008333333333333333 0.008333333333333333
5 0.6025 0.35833333333333334 0.008333333333333333 0.008333333333333333
5 0.2658333333333333 0.0625 0.011666666666666667 0.011666666666666667
5 0.20666666666666667 0.0775 0.008333333333333333 0.006666666666666667
5 0.69 0.5158333333333334 0.011666666666666667 0.011666666666666667
5 0.0925 0.68 0.013333333333333334 0.013333333333333334
5 0.4241666666666667 0.15916666666666668 0.011666666666666667 0.011666666666666667
5 0.8083333333333333 0.7791666666666667 0.01 0.01
0 0.9125 0.6516666666666666 0.021666666666666667 0.02
0 0.555 0.4525 0.013333333333333334 0.011666666666666667
0 0.44583333333333336 0.6591666666666667 0.018333333333333333 0.015
0 0.54 0.18083333333333335 0.01 0.01
0 0.6241666666666666 0.7941666666666667 0.02 0.013333333333333334
0 0.4825 0.9683333333333334 0.013333333333333334 0.015
