5 0.8083333333333333 0.7741666666666667 0.008333333333333333 0.008333333333333333
5 0.058333333333333334 0.3566666666666667 0.008333333333333333 0.008333333333333333
5 0.18416666666666667 0.1775 0.011666666666666667 0.01
5 0.0425 0.26666666666666666 0.013333333333333334 0.013333333333333334
5 0.6716666666666666 0.1675 0.015 0.013333333333333334
5 0.4683333333333333 0.6758333333333333 0.015 0.015
5 0.4033333333333333 0.7933333333333333 0.013333333333333334 0.016666666666666666
5 0.43916666666666665 0.6191666666666666 0.011666666666666667 0.011666666666666667
5 0.9783333333333334 0.7925 0.008333333333333333 0.008333333333333333
5 0.05 0.5666666666666667 0.008333333333333333 0.008333333333333333
5 0.6366666666666667 0.8783333333333333 0.01 0.011666666666666667
5 0.6458333333333334 0.5608333333333333 0.015 0.021666666666666667
5 0.8091666666666667 0.9425 0.013333333333333334 0.013333333333333334
5 0.475 0.25666666666666665 0.008333333333333333 0.006666666666666667
5 0.21833333333333332 0.21833333333333332 0.01 0.008333333333333333
5 0.48 0.9083333333333333 0.011666666666666667 0.008333333333333333
