5 0.4041666666666667 0.9391666666666667 0.015 0.013333333333333334
5 0.51 0.8991666666666667 0.01 0.01
5 0.6616666666666666 0.29833333333333334 0.011666666666666667 0.011666666666666667
5 0.006666666666666667 0.7966666666666666 0.013333333333333334 0.01
5 0.7216666666666667 0.36083333333333334 0.006666666666666667 0.006666666666666667
5 0.8525 0.3025 0.011666666666666667 0.01
5 0.6 0.4741666666666667 0.011666666666666667 0.011666666666666667
5 0.7283333333333334 0.9458333333333333 0.013333333333333334 0.013333333333333334
5 0.28833333333333333 0.21666666666666667 0.008333333333333333 0.005
5 0.36916666666666664 0.12833333333333333 0.006666666666666667 0.008333333333333333
5 0.8258333333333333 0.6008333333333333 0.01 0.011666666666666667
5 0.02666666666666667 0.49333333333333335 0.013333333333333334 0.013333333333333334
