5 0.965 0.5366666666666666 0.008333333333333333 0.006666666666666667
5 0.9233333333333333 0.4716666666666667 0.013333333333333334 0.013333333333333334
5 0.0225 0.07416666666666667 0.011666666666666667 0.011666666666666667
5 0.93 0.915 0.01 0.01
5 0.5908333333333333 0.18666666666666668 0.011666666666666667 0.011666666666666667
5 0.9558333333333333 0.19083333333333333 0.018333333333333333 0.016666666666666666
5 0.4508333333333333 0.22416666666666665 0.021666666666666667 0.018333333333333333
5 0.6075 0.83 0.013333333333333334 0.015
0 0.7108333333333333 0.21916666666666668 0.01 0.01
0 0.44416666666666665 0.9308333333333333 0.021666666666666667 0.025
