5 0.5241666666666667 0.4716666666666667 0.015 0.018333333333333333
5 0.6425 0.845 0.008333333333333333 0.008333333333333333
5 0.4216666666666667 0.6775 0.008333333333333333 0.006666666666666667
0 0.8891666666666667 0.8308333333333333 0.018333333333333333 0.015
0 0.6708333333333333 0.3025 0.011666666666666667 0.015
0 0.7316666666666667 0.42333333333333334 0.028333333333333332 0.021666666666666667
0 0.58 0.38416666666666666 0.02 0.028333333333333332
0 0.14583333333333334 0.05583333333333333 0.018333333333333333 0.016666666666666666
0 0.6941666666666667 0.6975 0.01 0.01
0 0.7 0.2725 0.023333333333333334 0.025
0 0.57 0.21666666666666667 0.013333333333333334 0.015
