5 0.11583333333333333 0.7541666666666667 0.011666666666666667 0.013333333333333334
5 0.3616666666666667 0.4275 0.01 0.01
5 0.4033333333333333 0.18333333333333332 0.013333333333333334 0.011666666666666667
5 0.8133333333333334 0.6866666666666666 0.016666666666666666 0.018333333333333333
5 0.005833333333333334 0.21916666666666668 0.01 0.01
5 0.9225 0.3625 0.01 0.01
5 0.2683333333333333 0.013333333333333334 0.013333333333333334 0.015
5 0.7391666666666666 0.4166666666666667 0.02 0.02
5 0.7675 0.05416666666666667 0.006666666666666667 0.006666666666666667
5 0.2966666666666667 0.2 0.006666666666666667 0.008333333333333333
5 0.5375 0.7733333333333333 0.006666666666666667 0.006666666666666667
5 0.15166666666666667 0.2175 0.01 0.011666666666666667
5 0.3925 0.4125 0.01 0.011666666666666667
5 0.31583333333333335 0.26416666666666666 0.02 0.016666666666666666
