5 0.27 0.6675 0.015 0.013333333333333334
5 0.30833333333333335 0.94 0.013333333333333334 0.015
5 0.6308333333333334 0.1375 0.011666666666666667 0.01
5 0.7225 0.16166666666666665 0.006666666666666667 0.008333333333333333
5 0.16666666666666666 0.08416666666666667 0.013333333333333334 0.013333333333333334
5 0.6625 0.5541666666666667 0.006666666666666667 0.006666666666666667
5 0.49 0.36833333333333335 0.016666666666666666 0.015
5 0.1575 0.6166666666666667 0.015 0.013333333333333334
5 0.5158333333333334 0.44666666666666666 0.008333333333333333 0.006666666666666667
5 0.9216666666666666 0.7483333333333333 0.008333333333333333 0.006666666666666667
5 0.145 0.6033333333333334 0.013333333333333334 0.013333333333333334
5 0.05583333333333333 0.4691666666666667 0.016666666666666666 0.015
5 0.935 0.03666666666666667 0.015 0.013333333333333334
5 0.6508333333333334 0.12083333333333333 0.016666666666666666 0.015
0 0.16083333333333333 0.4575 0.021666666666666667 0.018333333333333333
0 0.7925 0.6466666666666666 0.02666666666666667 0.023333333333333334
0 0.58 0.5941666666666666 0.016666666666666666 0.016666666666666666
0 0.33916666666666667 0.9291666666666667 0.02 0.025
0 0.14583333333333334 0.445 0.015 0.015
0 0.8366666666666667 0.6908333333333333 0.025 0.028333333333333332
0 0.14083333333333334 0.08833333333333333 0.011666666666666667 0.015
0 0.7733333333333333 0.2633333333333333 0.011666666666666667 0.013333333333333334
0 0.805 0.9725 0.023333333333333334 0.018333333333333333
