7.0 0.5493833333333333 0.496661801501251 0.15110833333333334 0.724211843202669
5 0.4483333333333333 0.5075 0.016666666666666666 0.018333333333333333
5 0.91 0.6441666666666667 0.011666666666666667 0.011666666666666667
5 0.3466666666666667 0.8266666666666667 0.016666666666666666 0.016666666666666666
5 0.4216666666666667 0.2916666666666667 0.01 0.008333333333333333
5 0.2991666666666667 0.5733333333333334 0.006666666666666667 0.008333333333333333
5 0.5741666666666667 0.23416666666666666 0.008333333333333333 0.008333333333333333
5 0.8133333333333334 0.04 0.008333333333333333 0.008333333333333333
5 0.27 0.31083333333333335 0.01 0.01
5 0.9858333333333333 0.3958333333333333 0.011666666666666667 0.01
5 0.15416666666666667 0.4275 0.01 0.01
5 0.8008333333333333 0.6066666666666667 0.01 0.01
5 0.7991666666666667 0.9225 0.013333333333333334 0.013333333333333334
5 0.31416666666666665 0.3425 0.01 0.011666666666666667
5 0.5491666666666667 0.6041666666666666 0.016666666666666666 0.02
