5 0.7475 0.034166666666666665 0.01 0.01
5 0.18166666666666667 0.8958333333333334 0.006666666666666667 0.006666666666666667
5 0.44916666666666666 0.6791666666666667 0.016666666666666666 0.016666666666666666
5 0.9475 0.4241666666666667 0.013333333333333334 0.013333333333333334
5 0.765 0.3258333333333333 0.008333333333333333 0.008333333333333333
5 0.36666666666666664 0.2125 0.013333333333333334 0.015
5 0.115 0.6833333333333333 0.013333333333333334 0.013333333333333334
5 0.38333333333333336 0.48083333333333333 0.006666666666666667 0.005
5 0.37083333333333335 0.94 0.011666666666666667 0.01
5 0.15666666666666668 0.05416666666666667 0.01 0.011666666666666667
5 0.9875 0.51 0.008333333333333333 0.006666666666666667
5 0.7891666666666667 0.4475 0.008333333333333333 0.01
5 0.9 0.03 0.01 0.01
0 0.9633333333333334 0.5766666666666667 0.013333333333333334 0.013333333333333334
0 0.13333333333333333 0.8908333333333334 0.021666666666666667 0.016666666666666666
0 0.9533333333333334 0.875 0.028333333333333332 0.025
0 0.8783333333333333 0.4891666666666667 0.008333333333333333 0.008333333333333333
