5 0.0775 0.5566666666666666 0.008333333333333333 0.01
5 0.6591666666666667 0.10666666666666667 0.01 0.01
5 0.03333333333333333 0.8375 0.015 0.013333333333333334
5 0.7633333333333333 0.35833333333333334 0.01 0.008333333333333333
5 0.8975 0.7066666666666667 0.008333333333333333 0.008333333333333333
5 0.6425 0.24 0.015 0.013333333333333334
5 0.9725 0.8058333333333333 0.018333333333333333 0.018333333333333333
5 0.7791666666666667 0.165 0.008333333333333333 0.008333333333333333
5 0.1275 0.36666666666666664 0.015 0.016666666666666666
5 0.9025 0.16833333333333333 0.011666666666666667 0.008333333333333333
5 0.93 0.7483333333333333 0.01 0.008333333333333333
5 0.09916666666666667 0.8916666666666667 0.02 0.018333333333333333
5 0.5791666666666667 0.5575 0.011666666666666667 0.015
5 0.14166666666666666 0.06 0.01 0.01
5 0.8566666666666667 0.9033333333333333 0.006666666666666667 0.008333333333333333
5 0.59 0.25416666666666665 0.015 0.016666666666666666
6 0.1825 0.93 0.028333333333333332 0.058333333333333334
6 0.5716666666666667 0.48083333333333333 0.051666666666666666 0.22166666666666668
3 0.7033333333333334 0.8258333333333333 0.06666666666666667 0.041666666666666664
3 0.33416666666666667 0.6633333333333333 0.13333333333333333 0.15833333333333333
