2.0 0.13999166666666668 0.2146212121212121 0.13731666666666667 0.05281901584653878
2.0 0.86005 0.275088268001112 0.10520833333333333 0.07089241034195162
2.0 0.29969999999999997 0.7372817625799277 0.06229166666666667 0.09174311926605505
5 0.7425 0.5125 0.01 0.01
5 0.18 0.81 0.008333333333333333 0.01
5 0.6883333333333334 0.3425 0.013333333333333334 0.01
5 0.09583333333333334 0.8216666666666667 0.013333333333333334 0.013333333333333334
5 0.17083333333333334 0.835 0.01 0.011666666666666667
5 0.045 0.495 0.008333333333333333 0.008333333333333333
5 0.6333333333333333 0.8133333333333334 0.015 0.016666666666666666
5 0.8491666666666666 0.4683333333333333 0.01 0.011666666666666667
5 0.1625 0.26916666666666667 0.011666666666666667 0.015
5 0.8116666666666666 0.6083333333333333 0.013333333333333334 0.015
5 0.66 0.5775 0.016666666666666666 0.016666666666666666
5 0.21 0.495 0.01 0.011666666666666667
5 0.6641666666666667 0.0175 0.006666666666666667 0.006666666666666667
5 0.09 0.5066666666666667 0.006666666666666667 0.006666666666666667
5 0.5575 0.7933333333333333 0.01 0.008333333333333333
5 0.5075 0.45916666666666667 0.011666666666666667 0.011666666666666667
5 0.7033333333333334 0.6666666666666666 0.015 0.015
5 0.10333333333333333 0.18083333333333335 0.011666666666666667 0.011666666666666667
0 0.33 0.49083333333333334 0.013333333333333334 0.015
0 0.785 0.9891666666666666 0.015 0.015
0 0.0175 0.21583333333333332 0.013333333333333334 0.013333333333333334
0 0.81 0.35583333333333333 0.011666666666666667 0.01
0 0.5333333333333333 0.7841666666666667 0.016666666666666666 0.015
0 0.25583333333333336 0.0425 0.021666666666666667 0.021666666666666667
0 0.9083333333333333 0.8458333333333333 0.01 0.013333333333333334
3 0.7383333333333333 0.6258333333333334 0.11666666666666667 0.175
