5 0.08666666666666667 0.0275 0.015 0.013333333333333334
5 0.23666666666666666 0.3233333333333333 0.011666666666666667 0.01
5 0.2975 0.38666666666666666 0.006666666666666667 0.006666666666666667
5 0.905 0.24666666666666667 0.0033333333333333335 0.005
5 0.44666666666666666 0.016666666666666666 0.006666666666666667 0.005
5 0.4241666666666667 0.18 0.006666666666666667 0.005
5 0.375 0.615 0.016666666666666666 0.018333333333333333
5 0.3425 0.011666666666666667 0.011666666666666667 0.013333333333333334
5 0.8016666666666666 0.715 0.008333333333333333 0.008333333333333333
5 0.7275 0.3591666666666667 0.01 0.011666666666666667
