5 0.5975 0.7216666666666667 0.01 0.008333333333333333
5 0.5783333333333334 0.41583333333333333 0.013333333333333334 0.015
5 0.23583333333333334 0.25916666666666666 0.013333333333333334 0.011666666666666667
5 0.9408333333333333 0.43 0.011666666666666667 0.011666666666666667
5 0.3541666666666667 0.4125 0.01 0.01
5 0.23333333333333334 0.165 0.011666666666666667 0.011666666666666667
5 0.22833333333333333 0.32416666666666666 0.015 0.013333333333333334
0 0.5783333333333334 0.8358333333333333 0.015 0.015
0 0.06583333333333333 0.8225 0.018333333333333333 0.016666666666666666
0 0.7575 0.16916666666666666 0.013333333333333334 0.013333333333333334
0 0.6283333333333333 0.635 0.011666666666666667 0.011666666666666667
0 0.9433333333333334 0.465 0.018333333333333333 0.015
0 0.5066666666666667 0.5775 0.015 0.023333333333333334
0 0.8608333333333333 0.10583333333333333 0.016666666666666666 0.016666666666666666
