5 0.6316666666666667 0.3433333333333333 0.008333333333333333 0.008333333333333333
5 0.8333333333333334 0.8675 0.013333333333333334 0.013333333333333334
5 0.19833333333333333 0.5933333333333334 0.008333333333333333 0.008333333333333333
5 0.6033333333333334 0.5491666666666667 0.011666666666666667 0.011666666666666667
5 0.49583333333333335 0.6891666666666667 0.01 0.01
5 0.4058333333333333 0.7833333333333333 0.008333333333333333 0.008333333333333333
5 0.045 0.9366666666666666 0.011666666666666667 0.011666666666666667
5 0.24166666666666667 0.6258333333333334 0.015 0.013333333333333334
5 0.14333333333333334 0.9025 0.006666666666666667 0.006666666666666667
5 0.15083333333333335 0.6033333333333334 0.013333333333333334 0.015
5 0.6833333333333333 0.11083333333333334 0.018333333333333333 0.016666666666666666
