5 0.095 0.6716666666666666 0.013333333333333334 0.015
5 0.9 0.4033333333333333 0.01 0.01
5 0.6575 0.060833333333333336 0.01 0.008333333333333333
5 0.19 0.7633333333333333 0.006666666666666667 0.006666666666666667
5 0.6841666666666667 0.9233333333333333 0.01 0.011666666666666667
0 0.64 0.245 0.008333333333333333 0.015
0 0.6566666666666666 0.03666666666666667 0.013333333333333334 0.013333333333333334
0 0.4058333333333333 0.8058333333333333 0.018333333333333333 0.02
0 0.26 0.8125 0.013333333333333334 0.01
0 0.9308333333333333 0.5975 0.023333333333333334 0.018333333333333333
