5 0.32666666666666666 0.96 0.011666666666666667 0.01
5 0.24 0.8133333333333334 0.008333333333333333 0.008333333333333333
5 0.5125 0.7433333333333333 0.011666666666666667 0.013333333333333334
5 0.13916666666666666 0.505 0.01 0.008333333333333333
5 0.6416666666666667 0.8966666666666666 0.016666666666666666 0.016666666666666666
5 0.4066666666666667 0.9675 0.016666666666666666 0.015
5 0.8966666666666666 0.22666666666666666 0.008333333333333333 0.008333333333333333
5 0.36916666666666664 0.4083333333333333 0.016666666666666666 0.016666666666666666
5 0.8016666666666666 0.04833333333333333 0.016666666666666666 0.015
5 0.4583333333333333 0.7075 0.006666666666666667 0.006666666666666667
5 0.8733333333333333 0.7841666666666667 0.013333333333333334 0.011666666666666667
