5 0.085 0.49166666666666664 0.015 0.011666666666666667
5 0.9925 0.5341666666666667 0.008333333333333333 0.008333333333333333
5 0.3883333333333333 0.015 0.018333333333333333 0.016666666666666666
5 0.2375 0.16583333333333333 0.013333333333333334 0.013333333333333334
5 0.4658333333333333 0.6766666666666666 0.011666666666666667 0.011666666666666667
5 0.5216666666666666 0.8025 0.015 0.015
5 0.16833333333333333 0.0875 0.013333333333333334 0.011666666666666667
5 0.7658333333333334 0.5291666666666667 0.016666666666666666 0.015
5 0.06833333333333333 0.44666666666666666 0.008333333333333333 0.008333333333333333
5 0.5341666666666667 0.37333333333333335 0.008333333333333333 0.008333333333333333
5 0.775 0.985 0.01 0.01
5 0.56 0.24166666666666667 0.008333333333333333 0.008333333333333333
5 0.17833333333333334 0.9791666666666666 0.008333333333333333 0.008333333333333333
5 0.68 0.3775 0.008333333333333333 0.008333333333333333
5 0.7625 0.7008333333333333 0.008333333333333333 0.008333333333333333
