5 0.6175 0.021666666666666667 0.008333333333333333 0.006666666666666667
5 0.5933333333333334 0.33166666666666667 0.006666666666666667 0.006666666666666667
5 0.0725 0.26666666666666666 0.008333333333333333 0.01
5 0.1125 0.07 0.01 0.01
5 0.6025 0.8441666666666666 0.01 0.01
5 0.20583333333333334 0.10416666666666667 0.01 0.008333333333333333
5 0.24166666666666667 0.6566666666666666 0.008333333333333333 0.008333333333333333
5 0.9258333333333333 0.39 0.011666666666666667 0.011666666666666667
0 0.9133333333333333 0.5941666666666666 0.015 0.013333333333333334
0 0.22083333333333333 0.4575 0.02 0.02
0 0.6858333333333333 0.15416666666666667 0.01 0.013333333333333334
0 0.5425 0.0825 0.016666666666666666 0.013333333333333334
0 0.19083333333333333 0.0725 0.021666666666666667 0.016666666666666666
0 0.6841666666666667 0.4975 0.025 0.023333333333333334
0 0.22083333333333333 0.5383333333333333 0.011666666666666667 0.015
