5 0.5375 0.57 0.006666666666666667 0.006666666666666667
5 0.7475 0.5325 0.006666666666666667 0.008333333333333333
5 0.3825 0.8 0.006666666666666667 0.005
5 0.5666666666666667 0.44166666666666665 0.008333333333333333 0.008333333333333333
5 0.06833333333333333 0.25666666666666665 0.011666666666666667 0.011666666666666667
5 0.905 0.011666666666666667 0.011666666666666667 0.011666666666666667
5 0.815 0.7658333333333334 0.008333333333333333 0.008333333333333333
5 0.0575 0.6966666666666667 0.008333333333333333 0.008333333333333333
5 0.3175 0.31 0.011666666666666667 0.01
5 0.1225 0.43583333333333335 0.008333333333333333 0.01
5 0.48083333333333333 0.9233333333333333 0.008333333333333333 0.008333333333333333
5 0.6033333333333334 0.3283333333333333 0.01 0.01
5 0.37083333333333335 0.5675 0.011666666666666667 0.01
5 0.5116666666666667 0.6916666666666667 0.018333333333333333 0.016666666666666666
5 0.685 0.9041666666666667 0.01 0.01
5 0.7616666666666667 0.6875 0.015 0.013333333333333334
5 0.7983333333333333 0.7108333333333333 0.006666666666666667 0.006666666666666667
