5 0.68 0.945 0.011666666666666667 0.01
5 0.14666666666666667 0.8891666666666667 0.01 0.01
5 0.9241666666666667 0.745 0.011666666666666667 0.011666666666666667
5 0.014166666666666666 0.7225 0.011666666666666667 0.01
5 0.2575 0.2975 0.01 0.008333333333333333
5 0.44916666666666666 0.51 0.013333333333333334 0.025
5 0.04583333333333333 0.51 0.008333333333333333 0.006666666666666667
5 0.16333333333333333 0.5516666666666666 0.008333333333333333 0.008333333333333333
5 0.1975 0.6416666666666667 0.016666666666666666 0.016666666666666666
5 0.9241666666666667 0.10416666666666667 0.008333333333333333 0.008333333333333333
0 0.30583333333333335 0.4925 0.028333333333333332 0.03166666666666667
0 0.2075 0.3566666666666667 0.01 0.01
