5 0.39166666666666666 0.085 0.01 0.011666666666666667
5 0.6875 0.8741666666666666 0.008333333333333333 0.008333333333333333
5 0.7458333333333333 0.84 0.006666666666666667 0.008333333333333333
5 0.44083333333333335 0.3458333333333333 0.015 0.013333333333333334
5 0.5791666666666667 0.505 0.011666666666666667 0.01
5 0.2758333333333333 0.7525 0.015 0.013333333333333334
5 0.22 0.4575 0.013333333333333334 0.011666666666666667
5 0.42916666666666664 0.3283333333333333 0.008333333333333333 0.01
5 0.4041666666666667 0.4075 0.006666666666666667 0.006666666666666667
5 0.11 0.5141666666666667 0.008333333333333333 0.008333333333333333
5 0.36916666666666664 0.0175 0.008333333333333333 0.008333333333333333
5 0.6416666666666667 0.5275 0.008333333333333333 0.008333333333333333
