5 0.9541666666666667 0.20833333333333334 0.006666666666666667 0.008333333333333333
5 0.13833333333333334 0.7458333333333333 0.008333333333333333 0.008333333333333333
5 0.115 0.7991666666666667 0.02 0.018333333333333333
5 0.08083333333333333 0.5883333333333334 0.013333333333333334 0.015
5 0.7883333333333333 0.40166666666666667 0.01 0.011666666666666667
5 0.13416666666666666 0.5808333333333333 0.006666666666666667 0.008333333333333333
5 0.2633333333333333 0.7133333333333334 0.013333333333333334 0.015
5 0.5758333333333333 0.3566666666666667 0.013333333333333334 0.015
5 0.051666666666666666 0.25916666666666666 0.011666666666666667 0.011666666666666667
5 0.2 0.18833333333333332 0.013333333333333334 0.013333333333333334
5 0.9191666666666667 0.9083333333333333 0.006666666666666667 0.006666666666666667
5 0.6733333333333333 0.6183333333333333 0.008333333333333333 0.008333333333333333
5 0.5808333333333333 0.13083333333333333 0.008333333333333333 0.008333333333333333
5 0.7933333333333333 0.845 0.015 0.013333333333333334
5 0.08333333333333333 0.035833333333333335 0.01 0.01
5 0.25416666666666665 0.9275 0.013333333333333334 0.015
5 0.22583333333333333 0.6558333333333334 0.013333333333333334 0.013333333333333334
0 0.355 0.5733333333333334 0.023333333333333334 0.03166666666666667
0 0.1825 0.8325 0.02666666666666667 0.023333333333333334
0 0.3416666666666667 0.2375 0.018333333333333333 0.015
0 0.6566666666666666 0.016666666666666666 0.02 0.02
0 0.2708333333333333 0.31166666666666665 0.015 0.015
