5 0.7458333333333333 0.47583333333333333 0.008333333333333333 0.01
5 0.2875 0.36333333333333334 0.02 0.016666666666666666
5 0.6116666666666667 0.7291666666666666 0.008333333333333333 0.008333333333333333
5 0.8208333333333333 0.08583333333333333 0.016666666666666666 0.035
5 0.9608333333333333 0.5375 0.006666666666666667 0.006666666666666667
5 0.4008333333333333 0.03916666666666667 0.008333333333333333 0.008333333333333333
5 0.5683333333333334 0.7591666666666667 0.01 0.01
5 0.35 0.22583333333333333 0.011666666666666667 0.011666666666666667
5 0.2825 0.425 0.01 0.008333333333333333
5 0.4075 0.6516666666666666 0.013333333333333334 0.013333333333333334
5 0.8616666666666667 0.4216666666666667 0.02 0.021666666666666667
5 0.7158333333333333 0.165 0.006666666666666667 0.008333333333333333
5 0.8808333333333334 0.5241666666666667 0.011666666666666667 0.01
5 0.18 0.315 0.006666666666666667 0.006666666666666667
5 0.5783333333333334 0.0225 0.006666666666666667 0.006666666666666667
5 0.7 0.08166666666666667 0.01 0.01
5 0.4225 0.6125 0.01 0.01
5 0.6616666666666666 0.5275 0.006666666666666667 0.006666666666666667
5 0.8491666666666666 0.7391666666666666 0.006666666666666667 0.006666666666666667
