5 0.9041666666666667 0.034166666666666665 0.016666666666666666 0.02
5 0.75 0.24083333333333334 0.011666666666666667 0.013333333333333334
5 0.8375 0.014166666666666666 0.008333333333333333 0.008333333333333333
5 0.11583333333333333 0.31666666666666665 0.011666666666666667 0.011666666666666667
5 0.3491666666666667 0.20583333333333334 0.01 0.01
5 0.5725 0.47333333333333333 0.006666666666666667 0.008333333333333333
5 0.31 0.7066666666666667 0.01 0.011666666666666667
5 0.8066666666666666 0.8566666666666667 0.011666666666666667 0.011666666666666667
5 0.2783333333333333 0.8091666666666667 0.011666666666666667 0.015
5 0.41 0.035833333333333335 0.008333333333333333 0.008333333333333333
5 0.75 0.7008333333333333 0.015 0.013333333333333334
5 0.21416666666666667 0.8041666666666667 0.011666666666666667 0.011666666666666667
5 0.6516666666666666 0.18 0.015 0.015
5 0.5666666666666667 0.15416666666666667 0.006666666666666667 0.008333333333333333
5 0.17333333333333334 0.4683333333333333 0.006666666666666667 0.008333333333333333
5 0.6216666666666667 0.8658333333333333 0.011666666666666667 0.011666666666666667
0 0.7241666666666666 0.845 0.028333333333333332 0.03166666666666667
0 0.5791666666666667 0.10333333333333333 0.015 0.018333333333333333
0 0.2966666666666667 0.2891666666666667 0.013333333333333334 0.013333333333333334
0 0.9691666666666666 0.2916666666666667 0.018333333333333333 0.02
