2.0 0.12534946236559139 0.17473916292974592 0.15064516129032257 0.056798206278026904
2.0 0.8951164874551971 0.23527727952167418 0.10416666666666667 0.07623318385650224
2.0 0.2993189964157706 0.7427571001494768 0.06548387096774193 0.10762331838565023
5 0.4125 0.21666666666666667 0.006666666666666667 0.006666666666666667
5 0.7725 0.505 0.008333333333333333 0.008333333333333333
5 0.215 0.23416666666666666 0.008333333333333333 0.008333333333333333
5 0.0625 0.9083333333333333 0.008333333333333333 0.008333333333333333
5 0.9025 0.36333333333333334 0.018333333333333333 0.016666666666666666
5 0.5825 0.5816666666666667 0.013333333333333334 0.011666666666666667
5 0.2825 0.6891666666666667 0.01 0.01
5 0.9541666666666667 0.3258333333333333 0.008333333333333333 0.008333333333333333
5 0.9433333333333334 0.7091666666666666 0.01 0.01
5 0.3175 0.7066666666666667 0.016666666666666666 0.02
5 0.45666666666666667 0.6283333333333333 0.008333333333333333 0.008333333333333333
5 0.8483333333333334 0.6216666666666667 0.006666666666666667 0.006666666666666667
5 0.66 0.7466666666666667 0.01 0.01
5 0.9908333333333333 0.4066666666666667 0.013333333333333334 0.013333333333333334
5 0.10916666666666666 0.6775 0.01 0.01
5 0.4658333333333333 0.5875 0.015 0.021666666666666667
5 0.5408333333333334 0.9433333333333334 0.008333333333333333 0.008333333333333333
5 0.20333333333333334 0.9166666666666666 0.008333333333333333 0.008333333333333333
