5 0.5616666666666666 0.07833333333333334 0.008333333333333333 0.008333333333333333
5 0.7841666666666667 0.5808333333333333 0.011666666666666667 0.011666666666666667
5 0.10416666666666667 0.9316666666666666 0.011666666666666667 0.011666666666666667
5 0.22416666666666665 0.7558333333333334 0.008333333333333333 0.008333333333333333
5 0.095 0.16666666666666666 0.015 0.013333333333333334
5 0.2475 0.029166666666666667 0.008333333333333333 0.008333333333333333
5 0.10416666666666667 0.6175 0.013333333333333334 0.011666666666666667
5 0.9533333333333334 0.5925 0.008333333333333333 0.01
5 0.485 0.2708333333333333 0.006666666666666667 0.008333333333333333
5 0.595 0.465 0.02 0.021666666666666667
5 0.375 0.03 0.008333333333333333 0.008333333333333333
5 0.03 0.6725 0.006666666666666667 0.005
5 0.8933333333333333 0.6466666666666666 0.011666666666666667 0.011666666666666667
5 0.0375 0.8675 0.013333333333333334 0.015
5 0.7841666666666667 0.8233333333333334 0.011666666666666667 0.011666666666666667
5 0.2425 0.8933333333333333 0.02 0.018333333333333333
