2.0 0.16513333333333335 0.08814289685849322 0.07759166666666667 0.06949958298582151
2.0 0.208875 0.810961912705032 0.078975 0.06672226855713094
2.0 0.6206333333333334 0.5280928551570754 0.0386 0.045871559633027525
5 0.14666666666666667 0.07333333333333333 0.013333333333333334 0.011666666666666667
5 0.8358333333333333 0.15 0.02 0.021666666666666667
5 0.89 0.16333333333333333 0.008333333333333333 0.008333333333333333
5 0.16666666666666666 0.015 0.01 0.01
5 0.94 0.2783333333333333 0.006666666666666667 0.008333333333333333
5 0.9133333333333333 0.6891666666666667 0.011666666666666667 0.008333333333333333
5 0.8808333333333334 0.6175 0.01 0.01
5 0.5191666666666667 0.30583333333333335 0.015 0.015
0 0.9341666666666667 0.09166666666666666 0.008333333333333333 0.01
0 0.7008333333333333 0.04833333333333333 0.016666666666666666 0.016666666666666666
0 0.6683333333333333 0.5225 0.015 0.015
0 0.7416666666666667 0.3908333333333333 0.016666666666666666 0.015
0 0.8316666666666667 0.9441666666666667 0.01 0.011666666666666667
0 0.7516666666666667 0.3333333333333333 0.023333333333333334 0.025
0 0.8733333333333333 0.43916666666666665 0.015 0.013333333333333334
0 0.725 0.0125 0.01 0.013333333333333334
0 0.11833333333333333 0.64 0.028333333333333332 0.025
