5 0.65 0.4658333333333333 0.01 0.008333333333333333
5 0.7283333333333334 0.845 0.005 0.005
5 0.7366666666666667 0.0475 0.01 0.01
5 0.6458333333333334 0.155 0.011666666666666667 0.01
5 0.9375 0.08666666666666667 0.008333333333333333 0.008333333333333333
5 0.9575 0.9333333333333333 0.006666666666666667 0.006666666666666667
5 0.7025 0.9483333333333334 0.008333333333333333 0.008333333333333333
5 0.95 0.5258333333333334 0.01 0.01
5 0.15916666666666668 0.5925 0.011666666666666667 0.011666666666666667
5 0.4425 0.6425 0.015 0.013333333333333334
5 0.15916666666666668 0.8875 0.01 0.011666666666666667
