5 0.4175 0.9458333333333333 0.015 0.013333333333333334
5 0.8983333333333333 0.8491666666666666 0.008333333333333333 0.01
5 0.63 0.7608333333333334 0.008333333333333333 0.008333333333333333
5 0.16833333333333333 0.36083333333333334 0.01 0.01
5 0.15 0.8308333333333333 0.016666666666666666 0.015
5 0.9833333333333333 0.6266666666666667 0.008333333333333333 0.006666666666666667
5 0.82 0.7216666666666667 0.008333333333333333 0.008333333333333333
5 0.955 0.7583333333333333 0.018333333333333333 0.016666666666666666
5 0.8666666666666667 0.6658333333333334 0.008333333333333333 0.008333333333333333
5 0.6633333333333333 0.3616666666666667 0.011666666666666667 0.011666666666666667
5 0.7158333333333333 0.6666666666666666 0.016666666666666666 0.015
5 0.060833333333333336 0.6475 0.016666666666666666 0.035
5 0.295 0.7158333333333333 0.016666666666666666 0.035
5 0.20166666666666666 0.4583333333333333 0.011666666666666667 0.008333333333333333
5 0.3541666666666667 0.31 0.011666666666666667 0.013333333333333334
5 0.8225 0.7275 0.01 0.011666666666666667
