4.0 0.07588702147525674 0.7829859813084111 0.08363211951447246 0.13842056074766357
4.0 0.479014939309057 0.5069018691588785 0.08781512605042016 0.07545794392523364
4.0 0.8239355742296919 0.3642383177570093 0.10249299719887955 0.10450467289719625
4.0 0.6346451914098973 0.9568457943925234 0.1273856209150327 0.05834579439252337
5.0 0.628361344537815 0.35502336448598126 0.011559290382819795 0.011102803738317757
0 0.30916666666666665 0.8616666666666667 0.028333333333333332 0.03166666666666667
0 0.7991666666666667 0.9866666666666667 0.008333333333333333 0.015
0 0.09416666666666666 0.9391666666666667 0.015 0.015
0 0.435 0.44583333333333336 0.02 0.021666666666666667
0 0.42916666666666664 0.049166666666666664 0.013333333333333334 0.011666666666666667
0 0.020833333333333332 0.575 0.02 0.02
