8.0 0.297425 0.5663789268835141 0.3353 0.6538782318598833
5 0.8208333333333333 0.9391666666666667 0.013333333333333334 0.013333333333333334
5 0.48583333333333334 0.6841666666666667 0.015 0.018333333333333333
5 0.7975 0.6375 0.006666666666666667 0.01
5 0.49 0.2825 0.01 0.008333333333333333
5 0.9816666666666667 0.4675 0.01 0.01
5 0.7608333333333334 0.18 0.01 0.011666666666666667
5 0.22833333333333333 0.12916666666666668 0.011666666666666667 0.015
5 0.9658333333333333 0.20916666666666667 0.02 0.018333333333333333
5 0.3933333333333333 0.66 0.006666666666666667 0.006666666666666667
5 0.2525 0.058333333333333334 0.006666666666666667 0.008333333333333333
5 0.74 0.0525 0.013333333333333334 0.013333333333333334
5 0.7083333333333334 0.5733333333333334 0.011666666666666667 0.011666666666666667
5 0.9575 0.17416666666666666 0.015 0.011666666666666667
5 0.3641666666666667 0.8658333333333333 0.008333333333333333 0.006666666666666667
5 0.3416666666666667 0.5133333333333333 0.011666666666666667 0.011666666666666667
5 0.94 0.11083333333333334 0.008333333333333333 0.008333333333333333
5 0.35 0.8391666666666666 0.008333333333333333 0.01
