5 0.15916666666666668 0.01 0.006666666666666667 0.006666666666666667
5 0.18083333333333335 0.7733333333333333 0.013333333333333334 0.011666666666666667
5 0.056666666666666664 0.8608333333333333 0.006666666666666667 0.006666666666666667
5 0.6091666666666666 0.23916666666666667 0.015 0.013333333333333334
5 0.9333333333333333 0.54 0.011666666666666667 0.011666666666666667
5 0.9491666666666667 0.7075 0.015 0.015
5 0.225 0.965 0.01 0.008333333333333333
5 0.42916666666666664 0.6283333333333333 0.008333333333333333 0.008333333333333333
5 0.6533333333333333 0.7125 0.013333333333333334 0.015
5 0.7891666666666667 0.9183333333333333 0.011666666666666667 0.01
5 0.06166666666666667 0.7416666666666667 0.011666666666666667 0.011666666666666667
5 0.265 0.22333333333333333 0.016666666666666666 0.015
5 0.07333333333333333 0.5641666666666667 0.015 0.016666666666666666
5 0.13166666666666665 0.2633333333333333 0.013333333333333334 0.015
5 0.6741666666666667 0.8991666666666667 0.011666666666666667 0.011666666666666667
5 0.2941666666666667 0.5958333333333333 0.008333333333333333 0.008333333333333333
5 0.9708333333333333 0.36333333333333334 0.006666666666666667 0.006666666666666667
