5 0.09416666666666666 0.7716666666666666 0.008333333333333333 0.008333333333333333
5 0.845 0.2525 0.01 0.01
5 0.21833333333333332 0.2175 0.008333333333333333 0.008333333333333333
5 0.5641666666666667 0.505 0.008333333333333333 0.01
5 0.7158333333333333 0.6358333333333334 0.013333333333333334 0.013333333333333334
0 0.68 0.47833333333333333 0.023333333333333334 0.018333333333333333
0 0.71 0.0575 0.011666666666666667 0.01
0 0.175 0.3491666666666667 0.02666666666666667 0.023333333333333334
0 0.21833333333333332 0.12166666666666667 0.023333333333333334 0.018333333333333333
0 0.6641666666666667 0.4425 0.025 0.02
0 0.9866666666666667 0.20833333333333334 0.01 0.01
0 0.8908333333333334 0.92 0.021666666666666667 0.016666666666666666
