5 0.3333333333333333 0.8791666666666667 0.01 0.01
5 0.25583333333333336 0.7733333333333333 0.016666666666666666 0.015
5 0.7425 0.245 0.01 0.008333333333333333
5 0.8733333333333333 0.5991666666666666 0.008333333333333333 0.008333333333333333
5 0.12166666666666667 0.5791666666666667 0.006666666666666667 0.006666666666666667
5 0.6866666666666666 0.6941666666666667 0.015 0.011666666666666667
5 0.4266666666666667 0.8975 0.013333333333333334 0.016666666666666666
5 0.2916666666666667 0.02666666666666667 0.02 0.021666666666666667
5 0.9391666666666667 0.6766666666666666 0.006666666666666667 0.006666666666666667
5 0.18833333333333332 0.0275 0.008333333333333333 0.008333333333333333
5 0.9191666666666667 0.9633333333333334 0.01 0.01
5 0.6 0.25 0.008333333333333333 0.008333333333333333
5 0.5675 0.555 0.005 0.006666666666666667
5 0.10083333333333333 0.6716666666666666 0.008333333333333333 0.008333333333333333
0 0.04 0.6383333333333333 0.015 0.013333333333333334
0 0.20166666666666666 0.7958333333333333 0.03333333333333333 0.028333333333333332
0 0.6675 0.09333333333333334 0.02 0.021666666666666667
0 0.7641666666666667 0.6591666666666667 0.006666666666666667 0.01
0 0.48333333333333334 0.049166666666666664 0.02 0.02
