5 0.9783333333333334 0.0875 0.015 0.013333333333333334
5 0.5525 0.06666666666666667 0.008333333333333333 0.008333333333333333
5 0.175 0.8125 0.011666666666666667 0.008333333333333333
5 0.6566666666666666 0.11083333333333334 0.011666666666666667 0.01
5 0.4375 0.7933333333333333 0.021666666666666667 0.02
5 0.4791666666666667 0.2733333333333333 0.01 0.01
5 0.18666666666666668 0.043333333333333335 0.008333333333333333 0.008333333333333333
5 0.5816666666666667 0.5175 0.013333333333333334 0.011666666666666667
5 0.4816666666666667 0.0725 0.006666666666666667 0.006666666666666667
5 0.7575 0.5366666666666666 0.01 0.01
5 0.89 0.6816666666666666 0.018333333333333333 0.018333333333333333
5 0.16333333333333333 0.38 0.008333333333333333 0.008333333333333333
5 0.8308333333333333 0.26166666666666666 0.01 0.011666666666666667
5 0.5841666666666666 0.7791666666666667 0.013333333333333334 0.013333333333333334
5 0.10083333333333333 0.53 0.008333333333333333 0.008333333333333333
0 0.6325 0.7308333333333333 0.021666666666666667 0.021666666666666667
