5 0.7825 0.26166666666666666 0.011666666666666667 0.011666666666666667
5 0.41583333333333333 0.9875 0.013333333333333334 0.013333333333333334
5 0.08583333333333333 0.01 0.006666666666666667 0.005
5 0.06 0.3175 0.006666666666666667 0.005
5 0.31333333333333335 0.0575 0.015 0.013333333333333334
5 0.25833333333333336 0.04416666666666667 0.016666666666666666 0.015
5 0.4975 0.3566666666666667 0.01 0.008333333333333333
5 0.535 0.9908333333333333 0.008333333333333333 0.008333333333333333
5 0.9033333333333333 0.8558333333333333 0.008333333333333333 0.008333333333333333
0 0.7175 0.31416666666666665 0.023333333333333334 0.025
0 0.87 0.875 0.016666666666666666 0.018333333333333333
0 0.7525 0.35833333333333334 0.011666666666666667 0.015
