5 0.056666666666666664 0.2575 0.01 0.01
5 0.72 0.2425 0.02 0.018333333333333333
5 0.025833333333333333 0.32 0.008333333333333333 0.008333333333333333
5 0.20333333333333334 0.9641666666666666 0.018333333333333333 0.016666666666666666
5 0.6533333333333333 0.12416666666666666 0.015 0.016666666666666666
5 0.07 0.195 0.008333333333333333 0.008333333333333333
5 0.28 0.9616666666666667 0.006666666666666667 0.006666666666666667
5 0.9283333333333333 0.13166666666666665 0.008333333333333333 0.008333333333333333
5 0.3308333333333333 0.3825 0.008333333333333333 0.008333333333333333
5 0.27 0.8475 0.006666666666666667 0.008333333333333333
0 0.8458333333333333 0.49666666666666665 0.016666666666666666 0.015
0 0.92 0.385 0.016666666666666666 0.023333333333333334
0 0.47333333333333333 0.5 0.008333333333333333 0.008333333333333333
0 0.07166666666666667 0.96 0.011666666666666667 0.011666666666666667
