2.0 0.47495833333333337 0.2679962468723936 0.06225 0.07228523769808173
2.0 0.22915000000000005 0.7927418682235196 0.06508333333333333 0.07089241034195162
2.0 0.9554583333333333 0.8740596330275229 0.07602500000000001 0.0750625521267723
5 0.17916666666666667 0.16166666666666665 0.011666666666666667 0.011666666666666667
5 0.43333333333333335 0.88 0.013333333333333334 0.015
5 0.6891666666666667 0.3416666666666667 0.011666666666666667 0.01
5 0.043333333333333335 0.6483333333333333 0.015 0.011666666666666667
5 0.17166666666666666 0.15583333333333332 0.01 0.01
5 0.31416666666666665 0.9483333333333334 0.018333333333333333 0.025
0 0.5066666666666667 0.3641666666666667 0.016666666666666666 0.013333333333333334
0 0.15583333333333332 0.05333333333333334 0.016666666666666666 0.023333333333333334
0 0.9025 0.9125 0.013333333333333334 0.015
0 0.355 0.7708333333333334 0.011666666666666667 0.013333333333333334
