5 0.2758333333333333 0.4083333333333333 0.013333333333333334 0.015
5 0.4191666666666667 0.8691666666666666 0.016666666666666666 0.018333333333333333
5 0.9883333333333333 0.10333333333333333 0.011666666666666667 0.011666666666666667
5 0.3475 0.0425 0.015 0.015
5 0.9475 0.3625 0.011666666666666667 0.01
5 0.1225 0.6141666666666666 0.013333333333333334 0.013333333333333334
5 0.03166666666666667 0.050833333333333335 0.006666666666666667 0.006666666666666667
0 0.8541666666666666 0.8316666666666667 0.013333333333333334 0.011666666666666667
0 0.59 0.9708333333333333 0.023333333333333334 0.023333333333333334
0 0.9933333333333333 0.018333333333333333 0.013333333333333334 0.008333333333333333
0 0.5508333333333333 0.5991666666666666 0.016666666666666666 0.018333333333333333
0 0.4533333333333333 0.09833333333333333 0.021666666666666667 0.023333333333333334
0 0.53 0.5658333333333333 0.02 0.013333333333333334
0 0.945 0.3433333333333333 0.01 0.011666666666666667
