2.0 0.16683060109289616 0.044462659380692174 0.08327868852459017 0.07589253187613844
2.0 0.6654098360655738 0.5241256830601093 0.045218579234972675 0.0546448087431694
2.0 0.2131238615664845 0.8337795992714025 0.08478142076502733 0.08804189435336976
0 0.7491666666666666 0.2075 0.011666666666666667 0.013333333333333334
0 0.9066666666666666 0.20666666666666667 0.011666666666666667 0.011666666666666667
0 0.07416666666666667 0.885 0.021666666666666667 0.025
0 0.8633333333333333 0.08583333333333333 0.01 0.011666666666666667
0 0.6975 0.18416666666666667 0.018333333333333333 0.016666666666666666
0 0.33166666666666667 0.305 0.015 0.02
0 0.85 0.25583333333333336 0.016666666666666666 0.016666666666666666
0 0.7316666666666667 0.9258333333333333 0.025 0.028333333333333332
0 0.8908333333333334 0.3175 0.016666666666666666 0.015
