5 0.021666666666666667 0.8933333333333333 0.011666666666666667 0.011666666666666667
5 0.6666666666666666 0.8141666666666667 0.008333333333333333 0.008333333333333333
5 0.17 0.23 0.016666666666666666 0.015
5 0.7008333333333333 0.87 0.008333333333333333 0.008333333333333333
5 0.8125 0.535 0.008333333333333333 0.008333333333333333
5 0.8675 0.7375 0.011666666666666667 0.01
5 0.060833333333333336 0.6983333333333334 0.01 0.01
5 0.5975 0.3225 0.008333333333333333 0.008333333333333333
5 0.3125 0.2625 0.013333333333333334 0.015
5 0.8641666666666666 0.57 0.006666666666666667 0.006666666666666667
5 0.21166666666666667 0.7483333333333333 0.01 0.011666666666666667
5 0.04583333333333333 0.43166666666666664 0.008333333333333333 0.01
5 0.2725 0.37583333333333335 0.015 0.013333333333333334
5 0.225 0.7916666666666666 0.006666666666666667 0.006666666666666667
5 0.35333333333333333 0.08416666666666667 0.008333333333333333 0.01
5 0.6591666666666667 0.4816666666666667 0.021666666666666667 0.018333333333333333
5 0.3125 0.8633333333333333 0.011666666666666667 0.01
5 0.325 0.18666666666666668 0.008333333333333333 0.008333333333333333
5 0.5783333333333334 0.2675 0.011666666666666667 0.01
0 0.43 0.2675 0.021666666666666667 0.023333333333333334
0 0.5525 0.8058333333333333 0.02 0.021666666666666667
0 0.28833333333333333 0.715 0.016666666666666666 0.015
0 0.61 0.665 0.03333333333333333 0.03333333333333333
