5.0 0.15193333333333328 0.8036000000000001 0.0077 0.007575
5.0 0.53645 0.38530833333333336 0.01085 0.011333333333333332
5.0 0.9805666666666667 0.724175 0.009975000000000001 0.012191666666666667
4.0 0.8541333333333333 0.09332500000000002 0.10049999999999999 0.0516
4.0 0.3657499999999999 0.378 0.051491666666666665 0.11060833333333332
4.0 0.19947499999999996 0.779475 0.11238333333333335 0.062275000000000004
5 0.6625 0.20583333333333334 0.011666666666666667 0.01
5 0.13916666666666666 0.7991666666666667 0.006666666666666667 0.006666666666666667
5 0.19333333333333333 0.4658333333333333 0.01 0.011666666666666667
5 0.64 0.8641666666666666 0.016666666666666666 0.015
5 0.7216666666666667 0.6491666666666667 0.01 0.01
5 0.925 0.5291666666666667 0.013333333333333334 0.015
5 0.8233333333333334 0.06583333333333333 0.006666666666666667 0.008333333333333333
5 0.83 0.4175 0.006666666666666667 0.006666666666666667
5 0.4091666666666667 0.345 0.011666666666666667 0.011666666666666667
5 0.18583333333333332 0.19833333333333333 0.013333333333333334 0.016666666666666666
5 0.2608333333333333 0.4866666666666667 0.013333333333333334 0.015
