8.0 0.29825833333333335 0.5788789268835141 0.3353 0.6538782318598833
5 0.18 0.4266666666666667 0.013333333333333334 0.016666666666666666
5 0.24 0.7891666666666667 0.006666666666666667 0.008333333333333333
5 0.595 0.24833333333333332 0.006666666666666667 0.006666666666666667
5 0.75 0.7958333333333333 0.015 0.016666666666666666
5 0.9808333333333333 0.9316666666666666 0.013333333333333334 0.025
5 0.20666666666666667 0.6125 0.013333333333333334 0.015
5 0.8658333333333333 0.7108333333333333 0.008333333333333333 0.008333333333333333
5 0.9483333333333334 0.20583333333333334 0.006666666666666667 0.006666666666666667
5 0.925 0.955 0.016666666666666666 0.015
5 0.9658333333333333 0.5291666666666667 0.008333333333333333 0.008333333333333333
3 0.6258333333333334 0.155 0.11666666666666667 0.175
3 0.5191666666666667 0.14 0.13333333333333333 0.15833333333333333
