5 0.9391666666666667 0.6566666666666666 0.02 0.02
5 0.15666666666666668 0.7633333333333333 0.01 0.008333333333333333
5 0.07916666666666666 0.8758333333333334 0.01 0.01
5 0.24833333333333332 0.955 0.016666666666666666 0.016666666666666666
5 0.6316666666666667 0.9933333333333333 0.011666666666666667 0.013333333333333334
5 0.9175 0.31083333333333335 0.013333333333333334 0.013333333333333334
5 0.8408333333333333 0.7241666666666666 0.006666666666666667 0.005
5 0.3233333333333333 0.91 0.008333333333333333 0.008333333333333333
5 0.3541666666666667 0.5491666666666667 0.015 0.013333333333333334
5 0.9233333333333333 0.84 0.01 0.01
5 0.3325 0.68 0.008333333333333333 0.008333333333333333
5 0.5475 0.5241666666666667 0.011666666666666667 0.01
5 0.5275 0.7925 0.018333333333333333 0.016666666666666666
0 0.4166666666666667 0.9758333333333333 0.02666666666666667 0.025
