4.0 0.3258083333333333 0.34179663608562694 0.07339166666666666 0.08479566305254378
4.0 0.6493749999999999 0.6726306644425911 0.0872 0.06811509591326105
5 0.9258333333333333 0.10083333333333333 0.016666666666666666 0.015
5 0.04083333333333333 0.25666666666666665 0.008333333333333333 0.008333333333333333
5 0.008333333333333333 0.15416666666666667 0.01 0.01
5 0.6483333333333333 0.24083333333333334 0.013333333333333334 0.013333333333333334
5 0.6583333333333333 0.8566666666666667 0.006666666666666667 0.006666666666666667
5 0.6891666666666667 0.6308333333333334 0.008333333333333333 0.006666666666666667
5 0.6033333333333334 0.9058333333333334 0.016666666666666666 0.02
5 0.07416666666666667 0.18666666666666668 0.013333333333333334 0.01
5 0.3258333333333333 0.2808333333333333 0.008333333333333333 0.006666666666666667
5 0.6041666666666666 0.15583333333333332 0.011666666666666667 0.011666666666666667
5 0.7958333333333333 0.12833333333333333 0.018333333333333333 0.021666666666666667
5 0.2 0.0775 0.006666666666666667 0.006666666666666667
0 0.010833333333333334 0.1325 0.008333333333333333 0.008333333333333333
