5 0.013333333333333334 0.35833333333333334 0.013333333333333334 0.013333333333333334
5 0.055 0.8958333333333334 0.01 0.01
5 0.815 0.0575 0.01 0.008333333333333333
5 0.6266666666666667 0.8766666666666667 0.016666666666666666 0.015
5 0.7016666666666667 0.29083333333333333 0.015 0.013333333333333334
5 0.3616666666666667 0.015 0.0033333333333333335 0.005
5 0.4766666666666667 0.285 0.015 0.016666666666666666
5 0.8108333333333333 0.12666666666666668 0.008333333333333333 0.008333333333333333
5 0.34 0.9408333333333333 0.008333333333333333 0.008333333333333333
0 0.23833333333333334 0.22666666666666666 0.018333333333333333 0.015
0 0.7875 0.7775 0.011666666666666667 0.011666666666666667
0 0.45 0.009166666666666667 0.01 0.013333333333333334
0 0.9675 0.4033333333333333 0.011666666666666667 0.011666666666666667
0 0.4116666666666667 0.8116666666666666 0.016666666666666666 0.016666666666666666
