5 0.8358333333333333 0.57 0.016666666666666666 0.015
5 0.33416666666666667 0.0125 0.008333333333333333 0.008333333333333333
5 0.9441666666666667 0.8833333333333333 0.011666666666666667 0.011666666666666667
5 0.25666666666666665 0.7683333333333333 0.013333333333333334 0.013333333333333334
5 0.8475 0.06166666666666667 0.006666666666666667 0.006666666666666667
5 0.6858333333333333 0.22833333333333333 0.023333333333333334 0.02
5 0.8008333333333333 0.4225 0.006666666666666667 0.008333333333333333
5 0.4 0.8191666666666667 0.01 0.01
0 0.3858333333333333 0.5766666666666667 0.013333333333333334 0.016666666666666666
0 0.8241666666666667 0.4083333333333333 0.02666666666666667 0.021666666666666667
0 0.8183333333333334 0.14833333333333334 0.018333333333333333 0.015
0 0.3408333333333333 0.37083333333333335 0.011666666666666667 0.01
0 0.395 0.9341666666666667 0.016666666666666666 0.023333333333333334
0 0.18833333333333332 0.9358333333333333 0.01 0.011666666666666667
0 0.2675 0.345 0.025 0.02
0 0.6316666666666667 0.9775 0.015 0.016666666666666666
0 0.7016666666666667 0.2633333333333333 0.013333333333333334 0.011666666666666667
