5 0.2625 0.6058333333333333 0.018333333333333333 0.018333333333333333
5 0.3541666666666667 0.8025 0.013333333333333334 0.013333333333333334
5 0.85 0.07583333333333334 0.015 0.015
5 0.2025 0.2808333333333333 0.01 0.01
5 0.7833333333333333 0.355 0.008333333333333333 0.008333333333333333
5 0.31416666666666665 0.6033333333333334 0.015 0.013333333333333334
5 0.7825 0.76 0.018333333333333333 0.016666666666666666
5 0.10166666666666667 0.83 0.008333333333333333 0.008333333333333333
5 0.2125 0.6483333333333333 0.01 0.01
5 0.035833333333333335 0.3225 0.016666666666666666 0.015
5 0.5366666666666666 0.9425 0.01 0.011666666666666667
5 0.41083333333333333 0.7325 0.018333333333333333 0.021666666666666667
5 0.6283333333333333 0.78 0.008333333333333333 0.008333333333333333
5 0.6225 0.865 0.02 0.015
5 0.89 0.22416666666666665 0.013333333333333334 0.013333333333333334
5 0.3725 0.5391666666666667 0.008333333333333333 0.008333333333333333
5 0.10833333333333334 0.49083333333333334 0.008333333333333333 0.008333333333333333
5 0.6091666666666666 0.3283333333333333 0.008333333333333333 0.008333333333333333
5 0.015833333333333335 0.4175 0.01 0.01
