5 0.5208333333333334 0.33166666666666667 0.008333333333333333 0.008333333333333333
5 0.8066666666666666 0.15333333333333332 0.016666666666666666 0.015
5 0.5116666666666667 0.34 0.006666666666666667 0.006666666666666667
5 0.485 0.54 0.013333333333333334 0.013333333333333334
5 0.8558333333333333 0.7991666666666667 0.01 0.01
5 0.35083333333333333 0.1425 0.011666666666666667 0.01
5 0.6 0.49 0.013333333333333334 0.011666666666666667
5 0.5141666666666667 0.07333333333333333 0.008333333333333333 0.008333333333333333
5 0.06833333333333333 0.5158333333333334 0.01 0.008333333333333333
5 0.8383333333333334 0.915 0.008333333333333333 0.008333333333333333
5 0.5983333333333334 0.5483333333333333 0.013333333333333334 0.016666666666666666
5 0.07666666666666666 0.855 0.015 0.013333333333333334
5 0.18333333333333332 0.7741666666666667 0.008333333333333333 0.008333333333333333
5 0.5158333333333334 0.5575 0.008333333333333333 0.008333333333333333
5 0.5625 0.7616666666666667 0.008333333333333333 0.008333333333333333
5 0.9341666666666667 0.0975 0.013333333333333334 0.013333333333333334
5 0.7058333333333333 0.9875 0.013333333333333334 0.013333333333333334
5 0.4275 0.3283333333333333 0.011666666666666667 0.011666666666666667
0 0.6825 0.11333333333333333 0.01 0.011666666666666667
0 0.24916666666666668 0.8791666666666667 0.02666666666666667 0.021666666666666667
0 0.035 0.07 0.02 0.025
0 0.7333333333333333 0.7825 0.023333333333333334 0.023333333333333334
