5 0.11416666666666667 0.32166666666666666 0.013333333333333334 0.013333333333333334
5 0.47583333333333333 0.125 0.013333333333333334 0.013333333333333334
5 0.9658333333333333 0.8683333333333333 0.01 0.01
5 0.965 0.85 0.018333333333333333 0.021666666666666667
5 0.23083333333333333 0.4791666666666667 0.006666666666666667 0.006666666666666667
5 0.7858333333333334 0.1575 0.011666666666666667 0.011666666666666667
5 0.45 0.6691666666666667 0.013333333333333334 0.016666666666666666
5 0.22166666666666668 0.04416666666666667 0.01 0.011666666666666667
5 0.28583333333333333 0.37583333333333335 0.013333333333333334 0.013333333333333334
5 0.3416666666666667 0.19083333333333333 0.016666666666666666 0.015
5 0.3025 0.7358333333333333 0.008333333333333333 0.008333333333333333
5 0.8608333333333333 0.25166666666666665 0.008333333333333333 0.008333333333333333
5 0.13833333333333334 0.010833333333333334 0.016666666666666666 0.011666666666666667
