5 0.6675 0.6133333333333333 0.013333333333333334 0.011666666666666667
5 0.22416666666666665 0.07166666666666667 0.01 0.011666666666666667
5 0.5483333333333333 0.35583333333333333 0.015 0.013333333333333334
5 0.5891666666666666 0.31166666666666665 0.016666666666666666 0.018333333333333333
5 0.235 0.8383333333333334 0.008333333333333333 0.008333333333333333
5 0.8966666666666666 0.7175 0.011666666666666667 0.01
5 0.3358333333333333 0.8675 0.006666666666666667 0.005
5 0.47 0.5608333333333333 0.013333333333333334 0.01
5 0.8241666666666667 0.24166666666666667 0.013333333333333334 0.013333333333333334
5 0.5066666666666667 0.47 0.018333333333333333 0.016666666666666666
5 0.43583333333333335 0.6983333333333334 0.008333333333333333 0.008333333333333333
0 0.2475 0.46 0.013333333333333334 0.013333333333333334
0 0.2991666666666667 0.5608333333333333 0.021666666666666667 0.025
0 0.10666666666666667 0.7241666666666666 0.013333333333333334 0.015
