5 0.17416666666666666 0.8366666666666667 0.016666666666666666 0.018333333333333333
5 0.1825 0.9583333333333334 0.006666666666666667 0.006666666666666667
5 0.79 0.8758333333333334 0.006666666666666667 0.006666666666666667
5 0.965 0.1325 0.013333333333333334 0.015
5 0.7933333333333333 0.16416666666666666 0.006666666666666667 0.008333333333333333
5 0.655 0.7933333333333333 0.01 0.011666666666666667
5 0.2966666666666667 0.40166666666666667 0.013333333333333334 0.013333333333333334
5 0.9366666666666666 0.49666666666666665 0.01 0.008333333333333333
5 0.0275 0.5675 0.016666666666666666 0.015
5 0.1525 0.06833333333333333 0.01 0.01
5 0.12833333333333333 0.25666666666666665 0.011666666666666667 0.011666666666666667
