5 0.7008333333333333 0.3225 0.01 0.011666666666666667
5 0.5766666666666667 0.8808333333333334 0.01 0.01
5 0.30583333333333335 0.6833333333333333 0.008333333333333333 0.008333333333333333
5 0.9591666666666666 0.034166666666666665 0.01 0.01
5 0.775 0.6175 0.011666666666666667 0.011666666666666667
5 0.8841666666666667 0.5566666666666666 0.008333333333333333 0.008333333333333333
5 0.04666666666666667 0.4 0.011666666666666667 0.01
5 0.6866666666666666 0.29333333333333333 0.008333333333333333 0.008333333333333333
5 0.15916666666666668 0.3441666666666667 0.008333333333333333 0.006666666666666667
5 0.23666666666666666 0.15416666666666667 0.006666666666666667 0.006666666666666667
5 0.18833333333333332 0.23166666666666666 0.01 0.008333333333333333
5 0.8933333333333333 0.0875 0.006666666666666667 0.005
5 0.7716666666666666 0.97 0.006666666666666667 0.01
5 0.20333333333333334 0.0975 0.016666666666666666 0.016666666666666666
5 0.3641666666666667 0.06583333333333333 0.008333333333333333 0.008333333333333333
5 0.21333333333333335 0.2975 0.015 0.013333333333333334
5 0.049166666666666664 0.7916666666666666 0.01 0.008333333333333333
5 0.36583333333333334 0.0675 0.01 0.016666666666666666
5 0.7058333333333333 0.43666666666666665 0.011666666666666667 0.01
0 0.7366666666666667 0.5541666666666667 0.021666666666666667 0.016666666666666666
0 0.97 0.6158333333333333 0.011666666666666667 0.015
0 0.5566666666666666 0.13416666666666666 0.008333333333333333 0.008333333333333333
0 0.53 0.08083333333333333 0.016666666666666666 0.018333333333333333
0 0.060833333333333336 0.44083333333333335 0.028333333333333332 0.03166666666666667
