1.0 0.18424166666666664 0.3796921045315541 0.026591666666666666 0.025904920767306088
1.0 0.7487999999999999 0.7679906866833472 0.025916666666666668 0.025054211843202667
1.0 0.6676583333333334 0.2815853489018627 0.03294166666666667 0.034261884904086735
5 0.7575 0.21583333333333332 0.01 0.011666666666666667
5 0.92 0.0975 0.015 0.016666666666666666
5 0.1475 0.8383333333333334 0.01 0.008333333333333333
5 0.08333333333333333 0.5658333333333333 0.006666666666666667 0.008333333333333333
5 0.19166666666666668 0.7458333333333333 0.008333333333333333 0.008333333333333333
5 0.8316666666666667 0.15 0.008333333333333333 0.008333333333333333
5 0.9458333333333333 0.06666666666666667 0.006666666666666667 0.008333333333333333
5 0.13166666666666665 0.6208333333333333 0.018333333333333333 0.021666666666666667
5 0.4166666666666667 0.8416666666666667 0.013333333333333334 0.013333333333333334
5 0.7383333333333333 0.7825 0.016666666666666666 0.015
5 0.9766666666666667 0.5825 0.013333333333333334 0.011666666666666667
5 0.7708333333333334 0.08166666666666667 0.013333333333333334 0.015
5 0.7641666666666667 0.9141666666666667 0.008333333333333333 0.008333333333333333
5 0.07583333333333334 0.82 0.01 0.01
