5 0.0575 0.08166666666666667 0.008333333333333333 0.008333333333333333
5 0.7533333333333333 0.5758333333333333 0.013333333333333334 0.011666666666666667
5 0.22333333333333333 0.9108333333333334 0.008333333333333333 0.008333333333333333
5 0.5533333333333333 0.26916666666666667 0.015 0.013333333333333334
5 0.6558333333333334 0.145 0.01 0.011666666666666667
5 0.14416666666666667 0.8475 0.015 0.013333333333333334
5 0.2475 0.8083333333333333 0.016666666666666666 0.02
5 0.06 0.8425 0.01 0.01
5 0.19666666666666666 0.6225 0.008333333333333333 0.008333333333333333
5 0.86 0.6516666666666666 0.006666666666666667 0.006666666666666667
5 0.7383333333333333 0.1675 0.01 0.01
