5 0.9308333333333333 0.5483333333333333 0.01 0.008333333333333333
5 0.9641666666666666 0.1575 0.013333333333333334 0.013333333333333334
5 0.3175 0.043333333333333335 0.011666666666666667 0.011666666666666667
5 0.5991666666666666 0.9808333333333333 0.01 0.011666666666666667
5 0.66 0.7733333333333333 0.008333333333333333 0.008333333333333333
5 0.5941666666666666 0.9883333333333333 0.006666666666666667 0.008333333333333333
5 0.14583333333333334 0.23666666666666666 0.008333333333333333 0.008333333333333333
5 0.125 0.2733333333333333 0.013333333333333334 0.013333333333333334
5 0.68 0.9241666666666667 0.008333333333333333 0.008333333333333333
5 0.7125 0.365 0.016666666666666666 0.02
5 0.17416666666666666 0.2 0.016666666666666666 0.015
5 0.76 0.8991666666666667 0.01 0.008333333333333333
5 0.5241666666666667 0.67 0.01 0.01
5 0.7691666666666667 0.08666666666666667 0.016666666666666666 0.015
5 0.47 0.3925 0.008333333333333333 0.008333333333333333
5 0.375 0.4975 0.01 0.01
5 0.7358333333333333 0.9041666666666667 0.006666666666666667 0.006666666666666667
5 0.4191666666666667 0.20583333333333334 0.01 0.011666666666666667
