5 0.17 0.015 0.006666666666666667 0.006666666666666667
5 0.6791666666666667 0.34 0.005 0.006666666666666667
5 0.4683333333333333 0.0525 0.008333333333333333 0.008333333333333333
5 0.49333333333333335 0.595 0.021666666666666667 0.021666666666666667
5 0.3858333333333333 0.4975 0.016666666666666666 0.018333333333333333
5 0.25583333333333336 0.3383333333333333 0.011666666666666667 0.013333333333333334
5 0.7591666666666667 0.37416666666666665 0.01 0.01
5 0.51 0.9208333333333333 0.01 0.01
5 0.7433333333333333 0.07833333333333334 0.008333333333333333 0.01
5 0.9291666666666667 0.8183333333333334 0.008333333333333333 0.006666666666666667
5 0.2525 0.8991666666666667 0.016666666666666666 0.018333333333333333
5 0.44583333333333336 0.95 0.016666666666666666 0.015
5 0.9458333333333333 0.07 0.006666666666666667 0.005
5 0.21916666666666668 0.505 0.02 0.02
5 0.7741666666666667 0.8108333333333333 0.008333333333333333 0.006666666666666667
5 0.61 0.3825 0.01 0.011666666666666667
5 0.8925 0.7258333333333333 0.018333333333333333 0.016666666666666666
5 0.8691666666666666 0.11083333333333334 0.008333333333333333 0.008333333333333333
5 0.08583333333333333 0.07083333333333333 0.008333333333333333 0.01
