5 0.4683333333333333 0.33416666666666667 0.008333333333333333 0.008333333333333333
5 0.12166666666666667 0.6333333333333333 0.015 0.016666666666666666
5 0.7258333333333333 0.5858333333333333 0.01 0.011666666666666667
5 0.4816666666666667 0.85 0.01 0.011666666666666667
5 0.008333333333333333 0.17833333333333334 0.008333333333333333 0.008333333333333333
5 0.9691666666666666 0.2625 0.01 0.011666666666666667
5 0.12416666666666666 0.9641666666666666 0.008333333333333333 0.006666666666666667
5 0.525 0.6691666666666667 0.011666666666666667 0.01
5 0.5375 0.605 0.016666666666666666 0.015
5 0.66 0.1575 0.018333333333333333 0.016666666666666666
5 0.9883333333333333 0.7825 0.013333333333333334 0.013333333333333334
5 0.47333333333333333 0.14 0.011666666666666667 0.011666666666666667
5 0.9266666666666666 0.5808333333333333 0.01 0.008333333333333333
5 0.88 0.3125 0.008333333333333333 0.008333333333333333
5 0.6025 0.5066666666666667 0.006666666666666667 0.006666666666666667
5 0.6158333333333333 0.9883333333333333 0.013333333333333334 0.01
5 0.8166666666666667 0.7633333333333333 0.01 0.01
0 0.2425 0.9725 0.01 0.015
0 0.845 0.7325 0.015 0.016666666666666666
