5 0.7775 0.05416666666666667 0.01 0.01
5 0.11 0.18333333333333332 0.01 0.011666666666666667
5 0.6541666666666667 0.21 0.008333333333333333 0.008333333333333333
5 0.6375 0.6866666666666666 0.01 0.008333333333333333
5 0.315 0.4166666666666667 0.011666666666666667 0.011666666666666667
5 0.32083333333333336 0.55 0.01 0.011666666666666667
5 0.5075 0.45916666666666667 0.01 0.01
5 0.2325 0.20916666666666667 0.008333333333333333 0.008333333333333333
5 0.24833333333333332 0.2275 0.006666666666666667 0.008333333333333333
5 0.1675 0.16166666666666665 0.006666666666666667 0.006666666666666667
5 0.36333333333333334 0.05583333333333333 0.013333333333333334 0.015
5 0.165 0.07083333333333333 0.005 0.005
5 0.055 0.21 0.011666666666666667 0.01
5 0.9483333333333334 0.8875 0.015 0.013333333333333334
5 0.5808333333333333 0.9558333333333333 0.015 0.013333333333333334
5 0.11416666666666667 0.31916666666666665 0.018333333333333333 0.021666666666666667
5 0.37916666666666665 0.535 0.011666666666666667 0.01
5 0.5591666666666667 0.8158333333333333 0.013333333333333334 0.011666666666666667
5 0.5975 0.8675 0.008333333333333333 0.01
