5 0.6875 0.21333333333333335 0.008333333333333333 0.008333333333333333
5 0.9458333333333333 0.7191666666666666 0.008333333333333333 0.006666666666666667
5 0.29 0.06666666666666667 0.013333333333333334 0.013333333333333334
5 0.24166666666666667 0.5358333333333334 0.01 0.01
5 0.14416666666666667 0.6333333333333333 0.008333333333333333 0.008333333333333333
5 0.6125 0.6975 0.011666666666666667 0.011666666666666667
5 0.35083333333333333 0.6508333333333334 0.01 0.01
5 0.8208333333333333 0.2575 0.021666666666666667 0.02
5 0.10333333333333333 0.8391666666666666 0.008333333333333333 0.006666666666666667
5 0.7291666666666666 0.3375 0.013333333333333334 0.013333333333333334
5 0.73 0.5758333333333333 0.008333333333333333 0.008333333333333333
5 0.645 0.21 0.01 0.01
5 0.3125 0.5183333333333333 0.011666666666666667 0.011666666666666667
5 0.675 0.13333333333333333 0.015 0.013333333333333334
5 0.7408333333333333 0.645 0.008333333333333333 0.01
5 0.44666666666666666 0.9491666666666667 0.018333333333333333 0.016666666666666666
5 0.39 0.17916666666666667 0.011666666666666667 0.011666666666666667
5 0.8733333333333333 0.8566666666666667 0.01 0.01
5 0.11916666666666667 0.5216666666666666 0.018333333333333333 0.021666666666666667
0 0.53 0.1525 0.013333333333333334 0.016666666666666666
0 0.49333333333333335 0.2941666666666667 0.025 0.02
0 0.25333333333333335 0.6841666666666667 0.011666666666666667 0.011666666666666667
