5 0.4633333333333333 0.6783333333333333 0.011666666666666667 0.011666666666666667
5 0.8041666666666667 0.4066666666666667 0.015 0.013333333333333334
5 0.72 0.8958333333333334 0.006666666666666667 0.006666666666666667
5 0.2775 0.6716666666666666 0.008333333333333333 0.01
5 0.18833333333333332 0.02 0.011666666666666667 0.011666666666666667
5 0.365 0.385 0.008333333333333333 0.008333333333333333
5 0.32166666666666666 0.6208333333333333 0.013333333333333334 0.013333333333333334
5 0.20916666666666667 0.7691666666666667 0.008333333333333333 0.008333333333333333
5 0.865 0.17833333333333334 0.01 0.01
5 0.2708333333333333 0.3641666666666667 0.008333333333333333 0.008333333333333333
5 0.9916666666666667 0.4975 0.016666666666666666 0.015
5 0.7991666666666667 0.5091666666666667 0.008333333333333333 0.006666666666666667
5 0.4775 0.6608333333333334 0.015 0.013333333333333334
5 0.01 0.36916666666666664 0.013333333333333334 0.011666666666666667
5 0.5533333333333333 0.23083333333333333 0.015 0.013333333333333334
