5 0.8116666666666666 0.9783333333333334 0.015 0.015
5 0.4608333333333333 0.7575 0.006666666666666667 0.006666666666666667
5 0.5858333333333333 0.165 0.015 0.016666666666666666
5 0.4766666666666667 0.9616666666666667 0.013333333333333334 0.013333333333333334
5 0.4266666666666667 0.795 0.02 0.02
5 0.6058333333333333 0.6516666666666666 0.01 0.01
5 0.2966666666666667 0.15333333333333332 0.008333333333333333 0.01
5 0.39666666666666667 0.35583333333333333 0.015 0.013333333333333334
5 0.8458333333333333 0.005 0.008333333333333333 0.008333333333333333
5 0.9108333333333334 0.8125 0.008333333333333333 0.008333333333333333
5 0.15583333333333332 0.6866666666666666 0.013333333333333334 0.011666666666666667
