5 0.4325 0.22416666666666665 0.018333333333333333 0.016666666666666666
5 0.20166666666666666 0.8725 0.013333333333333334 0.013333333333333334
5 0.2575 0.5983333333333334 0.016666666666666666 0.015
5 0.8866666666666667 0.5983333333333334 0.01 0.01
5 0.5791666666666667 0.7433333333333333 0.013333333333333334 0.013333333333333334
5 0.8066666666666666 0.6525 0.01 0.01
5 0.6133333333333333 0.21 0.008333333333333333 0.008333333333333333
5 0.4191666666666667 0.6808333333333333 0.008333333333333333 0.008333333333333333
5 0.32416666666666666 0.8108333333333333 0.008333333333333333 0.008333333333333333
5 0.165 0.6533333333333333 0.008333333333333333 0.008333333333333333
5 0.9641666666666666 0.38666666666666666 0.013333333333333334 0.013333333333333334
5 0.9283333333333333 0.5958333333333333 0.015 0.013333333333333334
5 0.345 0.3525 0.016666666666666666 0.015
5 0.7008333333333333 0.7791666666666667 0.008333333333333333 0.008333333333333333
5 0.21083333333333334 0.7425 0.008333333333333333 0.008333333333333333
5 0.49333333333333335 0.8308333333333333 0.016666666666666666 0.015
5 0.815 0.9658333333333333 0.013333333333333334 0.016666666666666666
5 0.25416666666666665 0.5716666666666667 0.011666666666666667 0.015
