5.0 0.899625 0.5309431470670003 0.009183333333333333 0.009199332777314427
4.0 0.21555000000000002 0.8183242980261329 0.12654166666666666 0.05699749791492911
4.0 0.3717916666666667 0.4179906866833472 0.058533333333333326 0.11537114261884905
4.0 0.8585250000000001 0.13025924381428972 0.11215000000000001 0.06532944120100083
5.0 0.6565083333333334 0.5125695023630803 0.009266666666666666 0.00909090909090909
5 0.44583333333333336 0.7475 0.013333333333333334 0.015
5 0.0675 0.3075 0.013333333333333334 0.015
5 0.2633333333333333 0.36583333333333334 0.013333333333333334 0.025
5 0.975 0.3275 0.013333333333333334 0.013333333333333334
5 0.06166666666666667 0.1025 0.018333333333333333 0.025
5 0.3308333333333333 0.9441666666666667 0.015 0.015
5 0.675 0.4141666666666667 0.01 0.011666666666666667
5 0.5891666666666666 0.8283333333333334 0.006666666666666667 0.006666666666666667
5 0.4008333333333333 0.67 0.008333333333333333 0.008333333333333333
5 0.22416666666666665 0.8991666666666667 0.011666666666666667 0.011666666666666667
5 0.3441666666666667 0.4725 0.016666666666666666 0.015
5 0.03 0.5933333333333334 0.013333333333333334 0.013333333333333334
5 0.16583333333333333 0.8783333333333333 0.011666666666666667 0.01
5 0.5358333333333334 0.23833333333333334 0.006666666666666667 0.006666666666666667
5 0.29 0.7066666666666667 0.01 0.011666666666666667
5 0.023333333333333334 0.2966666666666667 0.011666666666666667 0.01
5 0.6675 0.3883333333333333 0.016666666666666666 0.016666666666666666
6 0.785 0.9483333333333334 0.041666666666666664 0.10333333333333333
