5 0.4216666666666667 0.645 0.01 0.01
5 0.4925 0.34 0.016666666666666666 0.015
5 0.37333333333333335 0.5383333333333333 0.013333333333333334 0.013333333333333334
5 0.7875 0.7441666666666666 0.013333333333333334 0.011666666666666667
5 0.37083333333333335 0.4666666666666667 0.016666666666666666 0.02
5 0.30333333333333334 0.185 0.008333333333333333 0.006666666666666667
5 0.5325 0.9866666666666667 0.006666666666666667 0.006666666666666667
5 0.9225 0.2875 0.01 0.01
5 0.35333333333333333 0.024166666666666666 0.011666666666666667 0.011666666666666667
5 0.21666666666666667 0.6508333333333334 0.01 0.01
5 0.4691666666666667 0.8466666666666667 0.005 0.005
5 0.8575 0.5383333333333333 0.008333333333333333 0.008333333333333333
5 0.31 0.6708333333333333 0.015 0.013333333333333334
5 0.42083333333333334 0.92 0.008333333333333333 0.008333333333333333
5 0.30416666666666664 0.8633333333333333 0.013333333333333334 0.013333333333333334
