5 0.27166666666666667 0.8825 0.016666666666666666 0.035
5 0.42 0.5741666666666667 0.006666666666666667 0.006666666666666667
5 0.145 0.7666666666666667 0.013333333333333334 0.013333333333333334
5 0.21083333333333334 0.25333333333333335 0.015 0.013333333333333334
5 0.3858333333333333 0.9425 0.013333333333333334 0.015
5 0.5908333333333333 0.82 0.011666666666666667 0.011666666666666667
5 0.5383333333333333 0.4066666666666667 0.016666666666666666 0.011666666666666667
5 0.5541666666666667 0.5566666666666666 0.013333333333333334 0.016666666666666666
5 0.37083333333333335 0.4225 0.006666666666666667 0.006666666666666667
5 0.08833333333333333 0.021666666666666667 0.008333333333333333 0.008333333333333333
5 0.10583333333333333 0.8966666666666666 0.008333333333333333 0.008333333333333333
5 0.5041666666666667 0.05583333333333333 0.008333333333333333 0.008333333333333333
5 0.8075 0.25333333333333335 0.013333333333333334 0.013333333333333334
5 0.9708333333333333 0.7875 0.013333333333333334 0.011666666666666667
5 0.24166666666666667 0.5316666666666666 0.006666666666666667 0.008333333333333333
5 0.6883333333333334 0.855 0.016666666666666666 0.011666666666666667
5 0.255 0.06166666666666667 0.01 0.011666666666666667
5 0.18583333333333332 0.7241666666666666 0.015 0.018333333333333333
5 0.7633333333333333 0.4716666666666667 0.016666666666666666 0.016666666666666666
