5 0.3725 0.045 0.016666666666666666 0.015
5 0.1225 0.8825 0.008333333333333333 0.008333333333333333
0 0.6033333333333334 0.6625 0.008333333333333333 0.008333333333333333
0 0.5575 0.25916666666666666 0.028333333333333332 0.03166666666666667
0 0.9583333333333334 0.31833333333333336 0.013333333333333334 0.015
0 0.17916666666666667 0.7591666666666667 0.016666666666666666 0.015
0 0.7791666666666667 0.4225 0.018333333333333333 0.021666666666666667
0 0.8516666666666667 0.25166666666666665 0.02 0.015
0 0.5766666666666667 0.06583333333333333 0.03 0.028333333333333332
0 0.07833333333333334 0.9083333333333333 0.01 0.01
