5 0.875 0.8675 0.01 0.011666666666666667
5 0.5375 0.19916666666666666 0.015 0.013333333333333334
5 0.6216666666666667 0.5625 0.008333333333333333 0.008333333333333333
5 0.24333333333333335 0.035833333333333335 0.008333333333333333 0.008333333333333333
0 0.715 0.9791666666666666 0.013333333333333334 0.011666666666666667
0 0.42583333333333334 0.3825 0.02 0.021666666666666667
0 0.9208333333333333 0.6533333333333333 0.021666666666666667 0.016666666666666666
0 0.0825 0.30833333333333335 0.03 0.03166666666666667
0 0.9583333333333334 0.3491666666666667 0.013333333333333334 0.016666666666666666
0 0.9316666666666666 0.11666666666666667 0.03333333333333333 0.03166666666666667
