5 0.0075 0.745 0.01 0.01
5 0.06416666666666666 0.17916666666666667 0.006666666666666667 0.006666666666666667
5 0.6183333333333333 0.8108333333333333 0.013333333333333334 0.015
5 0.79 0.0075 0.011666666666666667 0.008333333333333333
5 0.7325 0.78 0.008333333333333333 0.008333333333333333
5 0.4625 0.48 0.011666666666666667 0.011666666666666667
5 0.20583333333333334 0.5633333333333334 0.006666666666666667 0.006666666666666667
5 0.665 0.09666666666666666 0.02 0.02
5 0.12083333333333333 0.5933333333333334 0.006666666666666667 0.008333333333333333
5 0.41833333333333333 0.9291666666666667 0.008333333333333333 0.006666666666666667
5 0.8891666666666667 0.8425 0.008333333333333333 0.008333333333333333
5 0.6475 0.7608333333333334 0.011666666666666667 0.013333333333333334
5 0.26416666666666666 0.35583333333333333 0.006666666666666667 0.008333333333333333
5 0.78 0.8325 0.011666666666666667 0.011666666666666667
5 0.7266666666666667 0.8358333333333333 0.015 0.013333333333333334
