7.0 0.5350833333333334 0.478037253266611 0.15805833333333333 0.7297748123436196
5 0.31416666666666665 0.9333333333333333 0.008333333333333333 0.008333333333333333
5 0.2633333333333333 0.5041666666666667 0.013333333333333334 0.011666666666666667
5 0.015 0.9033333333333333 0.011666666666666667 0.013333333333333334
5 0.9533333333333334 0.5916666666666667 0.01 0.01
5 0.5508333333333333 0.23 0.016666666666666666 0.018333333333333333
5 0.525 0.9316666666666666 0.011666666666666667 0.011666666666666667
5 0.6741666666666667 0.2658333333333333 0.01 0.011666666666666667
0 0.8366666666666667 0.9083333333333333 0.021666666666666667 0.025
0 0.4583333333333333 0.07916666666666666 0.016666666666666666 0.016666666666666666
0 0.5733333333333334 0.6791666666666667 0.023333333333333334 0.02666666666666667
0 0.8316666666666667 0.9541666666666667 0.021666666666666667 0.016666666666666666
0 0.8416666666666667 0.1375 0.023333333333333334 0.023333333333333334
0 0.4716666666666667 0.3025 0.018333333333333333 0.013333333333333334
0 0.55 0.6541666666666667 0.023333333333333334 0.018333333333333333
6 0.8783333333333333 0.4625 0.01 0.018333333333333333
6 0.14166666666666666 0.36 0.051666666666666666 0.22166666666666668
6 0.30666666666666664 0.6133333333333333 0.03333333333333333 0.075
6 0.8216666666666667 0.9791666666666666 0.02 0.04083333333333333
3 0.1475 0.36916666666666664 0.10833333333333334 0.041666666666666664
