5 0.6458333333333334 0.9833333333333333 0.021666666666666667 0.02
5 0.09416666666666666 0.46 0.008333333333333333 0.008333333333333333
5 0.9458333333333333 0.5825 0.015 0.015
5 0.455 0.8783333333333333 0.008333333333333333 0.008333333333333333
5 0.38416666666666666 0.48 0.006666666666666667 0.008333333333333333
5 0.66 0.8625 0.006666666666666667 0.006666666666666667
5 0.3883333333333333 0.1325 0.008333333333333333 0.008333333333333333
5 0.4008333333333333 0.44666666666666666 0.015 0.015
5 0.6358333333333334 0.49583333333333335 0.011666666666666667 0.011666666666666667
5 0.013333333333333334 0.4 0.01 0.008333333333333333
5 0.09 0.0775 0.015 0.013333333333333334
5 0.0075 0.049166666666666664 0.006666666666666667 0.005
6 0.9266666666666666 0.8575 0.02666666666666667 0.07333333333333333
6 0.815 0.5358333333333334 0.023333333333333334 0.07833333333333334
6 0.3858333333333333 0.39916666666666667 0.02666666666666667 0.07333333333333333
6 0.3258333333333333 0.7233333333333334 0.03833333333333333 0.06333333333333334
3 0.9416666666666667 0.24416666666666667 0.0875 0.06666666666666667
