5 0.6116666666666667 0.9516666666666667 0.016666666666666666 0.015
5 0.42333333333333334 0.2608333333333333 0.018333333333333333 0.025
5 0.7366666666666667 0.6558333333333334 0.013333333333333334 0.01
5 0.4583333333333333 0.5675 0.018333333333333333 0.021666666666666667
5 0.41083333333333333 0.014166666666666666 0.006666666666666667 0.006666666666666667
5 0.6475 0.24333333333333335 0.015 0.021666666666666667
5 0.43 0.6091666666666666 0.013333333333333334 0.016666666666666666
5 0.2025 0.875 0.008333333333333333 0.008333333333333333
5 0.4483333333333333 0.8041666666666667 0.011666666666666667 0.013333333333333334
5 0.30416666666666664 0.11583333333333333 0.008333333333333333 0.008333333333333333
