7.0 0.5652166666666667 0.496661801501251 0.15110833333333334 0.724211843202669
5 0.835 0.7075 0.01 0.011666666666666667
5 0.7216666666666667 0.9166666666666666 0.006666666666666667 0.008333333333333333
5 0.6633333333333333 0.39166666666666666 0.008333333333333333 0.008333333333333333
5 0.5458333333333333 0.3075 0.013333333333333334 0.016666666666666666
5 0.39 0.6975 0.008333333333333333 0.01
5 0.7216666666666667 0.5408333333333334 0.018333333333333333 0.016666666666666666
5 0.5825 0.21833333333333332 0.015 0.015
5 0.8425 0.14666666666666667 0.015 0.011666666666666667
5 0.7366666666666667 0.49916666666666665 0.011666666666666667 0.013333333333333334
5 0.5758333333333333 0.37916666666666665 0.015 0.015
5 0.1325 0.9766666666666667 0.013333333333333334 0.013333333333333334
5 0.3625 0.5833333333333334 0.008333333333333333 0.008333333333333333
5 0.18083333333333335 0.8225 0.013333333333333334 0.013333333333333334
5 0.43916666666666665 0.15 0.015 0.013333333333333334
