5 0.9733333333333334 0.5016666666666667 0.011666666666666667 0.011666666666666667
5 0.1225 0.45 0.01 0.011666666666666667
5 0.8558333333333333 0.21666666666666667 0.015 0.013333333333333334
5 0.43666666666666665 0.5241666666666667 0.01 0.011666666666666667
5 0.8216666666666667 0.5816666666666667 0.015 0.013333333333333334
5 0.5266666666666666 0.43583333333333335 0.008333333333333333 0.008333333333333333
5 0.7275 0.049166666666666664 0.02 0.016666666666666666
5 0.7158333333333333 0.17833333333333334 0.015 0.013333333333333334
5 0.1875 0.65 0.01 0.01
5 0.020833333333333332 0.9691666666666666 0.011666666666666667 0.011666666666666667
5 0.05416666666666667 0.0675 0.013333333333333334 0.015
5 0.5 0.6166666666666667 0.016666666666666666 0.015
5 0.8791666666666667 0.2175 0.016666666666666666 0.015
5 0.615 0.82 0.011666666666666667 0.015
5 0.8058333333333333 0.8966666666666666 0.013333333333333334 0.013333333333333334
5 0.9475 0.895 0.013333333333333334 0.025
5 0.5666666666666667 0.425 0.018333333333333333 0.016666666666666666
5 0.8475 0.5691666666666667 0.006666666666666667 0.006666666666666667
