5 0.475 0.13916666666666666 0.01 0.01
5 0.6233333333333333 0.8066666666666666 0.006666666666666667 0.006666666666666667
5 0.8675 0.8133333333333334 0.008333333333333333 0.01
5 0.18166666666666667 0.8116666666666666 0.013333333333333334 0.01
5 0.043333333333333335 0.13416666666666666 0.013333333333333334 0.01
5 0.55 0.9633333333333334 0.006666666666666667 0.008333333333333333
5 0.9541666666666667 0.12916666666666668 0.006666666666666667 0.008333333333333333
5 0.29833333333333334 0.07333333333333333 0.006666666666666667 0.006666666666666667
5 0.785 0.9658333333333333 0.008333333333333333 0.008333333333333333
5 0.9641666666666666 0.8983333333333333 0.01 0.01
5 0.9275 0.47333333333333333 0.008333333333333333 0.008333333333333333
5 0.16083333333333333 0.6791666666666667 0.018333333333333333 0.021666666666666667
5 0.5308333333333334 0.9225 0.008333333333333333 0.008333333333333333
5 0.245 0.08666666666666667 0.01 0.01
6 0.87 0.06166666666666667 0.02 0.041666666666666664
6 0.5491666666666667 0.835 0.02 0.041666666666666664
6 0.105 0.7391666666666666 0.07666666666666666 0.31333333333333335
6 0.2025 0.725 0.07666666666666666 0.31333333333333335
