5 0.035833333333333335 0.5566666666666666 0.016666666666666666 0.015
5 0.5208333333333334 0.5091666666666667 0.008333333333333333 0.008333333333333333
5 0.11833333333333333 0.5291666666666667 0.008333333333333333 0.008333333333333333
5 0.98 0.04083333333333333 0.01 0.01
5 0.81 0.2125 0.01 0.01
5 0.7416666666666667 0.9166666666666666 0.008333333333333333 0.006666666666666667
5 0.345 0.10833333333333334 0.006666666666666667 0.008333333333333333
5 0.8025 0.25666666666666665 0.008333333333333333 0.006666666666666667
5 0.20833333333333334 0.4041666666666667 0.013333333333333334 0.013333333333333334
0 0.3 0.6341666666666667 0.018333333333333333 0.013333333333333334
0 0.9575 0.14083333333333334 0.021666666666666667 0.016666666666666666
