5 0.8958333333333334 0.18166666666666667 0.006666666666666667 0.008333333333333333
5 0.12916666666666668 0.5216666666666666 0.006666666666666667 0.006666666666666667
5 0.645 0.30583333333333335 0.01 0.008333333333333333
5 0.7525 0.30583333333333335 0.01 0.01
5 0.8383333333333334 0.7166666666666667 0.006666666666666667 0.005
5 0.6033333333333334 0.5366666666666666 0.013333333333333334 0.01
5 0.215 0.675 0.006666666666666667 0.006666666666666667
5 0.605 0.23583333333333334 0.006666666666666667 0.006666666666666667
5 0.155 0.8316666666666667 0.011666666666666667 0.011666666666666667
5 0.9025 0.7316666666666667 0.011666666666666667 0.013333333333333334
5 0.2075 0.6816666666666666 0.018333333333333333 0.025
5 0.33916666666666667 0.6441666666666667 0.015 0.013333333333333334
5 0.8291666666666667 0.12083333333333333 0.008333333333333333 0.01
5 0.6191666666666666 0.6691666666666667 0.008333333333333333 0.006666666666666667
5 0.7266666666666667 0.8916666666666667 0.018333333333333333 0.021666666666666667
0 0.2475 0.6958333333333333 0.023333333333333334 0.02666666666666667
0 0.5933333333333334 0.45666666666666667 0.02 0.015
0 0.1775 0.48083333333333333 0.011666666666666667 0.015
0 0.11083333333333334 0.21666666666666667 0.02 0.021666666666666667
