5 0.5958333333333333 0.9083333333333333 0.02 0.016666666666666666
5 0.27 0.29 0.008333333333333333 0.008333333333333333
5 0.39166666666666666 0.8441666666666666 0.021666666666666667 0.018333333333333333
5 0.4125 0.26916666666666667 0.011666666666666667 0.011666666666666667
5 0.48083333333333333 0.19 0.018333333333333333 0.021666666666666667
5 0.95 0.25666666666666665 0.02 0.016666666666666666
5 0.9625 0.8425 0.008333333333333333 0.006666666666666667
5 0.7375 0.23416666666666666 0.01 0.011666666666666667
5 0.4825 0.9583333333333334 0.015 0.015
5 0.14166666666666666 0.16166666666666665 0.008333333333333333 0.008333333333333333
5 0.4275 0.3 0.008333333333333333 0.008333333333333333
5 0.7475 0.2725 0.023333333333333334 0.02
5 0.5225 0.5875 0.011666666666666667 0.013333333333333334
5 0.15333333333333332 0.4975 0.01 0.008333333333333333
5 0.57 0.2941666666666667 0.013333333333333334 0.013333333333333334
5 0.3425 0.4775 0.006666666666666667 0.006666666666666667
