5 0.8108333333333333 0.8208333333333333 0.01 0.01
5 0.8983333333333333 0.5125 0.01 0.01
5 0.5408333333333334 0.07 0.01 0.01
5 0.049166666666666664 0.4633333333333333 0.011666666666666667 0.011666666666666667
5 0.21416666666666667 0.7791666666666667 0.008333333333333333 0.008333333333333333
5 0.7291666666666666 0.2775 0.011666666666666667 0.011666666666666667
5 0.6175 0.4775 0.008333333333333333 0.008333333333333333
5 0.29583333333333334 0.8383333333333334 0.011666666666666667 0.011666666666666667
5 0.48583333333333334 0.37333333333333335 0.008333333333333333 0.008333333333333333
5 0.49083333333333334 0.1075 0.015 0.015
5 0.7358333333333333 0.6175 0.013333333333333334 0.011666666666666667
5 0.14 0.20916666666666667 0.006666666666666667 0.008333333333333333
5 0.5216666666666666 0.41 0.016666666666666666 0.015
5 0.7258333333333333 0.4525 0.02 0.016666666666666666
0 0.7133333333333334 0.6558333333333334 0.023333333333333334 0.02666666666666667
0 0.30416666666666664 0.475 0.013333333333333334 0.011666666666666667
0 0.835 0.665 0.045 0.041666666666666664
0 0.6483333333333333 0.1 0.028333333333333332 0.03166666666666667
