5 0.2775 0.6566666666666666 0.008333333333333333 0.008333333333333333
5 0.5816666666666667 0.19583333333333333 0.011666666666666667 0.011666666666666667
5 0.465 0.9525 0.011666666666666667 0.01
5 0.8258333333333333 0.08 0.015 0.016666666666666666
5 0.12916666666666668 0.98 0.016666666666666666 0.015
5 0.07583333333333334 0.2816666666666667 0.008333333333333333 0.008333333333333333
5 0.1225 0.4275 0.01 0.008333333333333333
5 0.5991666666666666 0.09083333333333334 0.008333333333333333 0.008333333333333333
5 0.575 0.38166666666666665 0.006666666666666667 0.008333333333333333
5 0.5991666666666666 0.018333333333333333 0.013333333333333334 0.013333333333333334
5 0.49333333333333335 0.685 0.008333333333333333 0.008333333333333333
5 0.2275 0.06916666666666667 0.01 0.008333333333333333
5 0.17166666666666666 0.16 0.015 0.011666666666666667
5 0.6141666666666666 0.6308333333333334 0.016666666666666666 0.015
