5 0.7175 0.5 0.008333333333333333 0.008333333333333333
5 0.0875 0.9325 0.013333333333333334 0.015
5 0.37833333333333335 0.5141666666666667 0.01 0.008333333333333333
5 0.18833333333333332 0.7583333333333333 0.013333333333333334 0.015
5 0.19333333333333333 0.029166666666666667 0.008333333333333333 0.008333333333333333
5 0.2916666666666667 0.055 0.008333333333333333 0.008333333333333333
5 0.16 0.1875 0.015 0.013333333333333334
5 0.5366666666666666 0.9541666666666667 0.008333333333333333 0.008333333333333333
5 0.9633333333333334 0.30083333333333334 0.011666666666666667 0.011666666666666667
5 0.9 0.6158333333333333 0.008333333333333333 0.008333333333333333
5 0.9025 0.6975 0.02 0.016666666666666666
5 0.6408333333333334 0.47333333333333333 0.013333333333333334 0.013333333333333334
5 0.5133333333333333 0.6975 0.015 0.013333333333333334
5 0.8025 0.8058333333333333 0.006666666666666667 0.006666666666666667
5 0.19666666666666666 0.9425 0.02 0.02
5 0.7583333333333333 0.5516666666666666 0.011666666666666667 0.011666666666666667
5 0.415 0.8583333333333333 0.008333333333333333 0.008333333333333333
5 0.4866666666666667 0.18083333333333335 0.008333333333333333 0.008333333333333333
