5 0.9508333333333333 0.22083333333333333 0.015 0.013333333333333334
5 0.5516666666666666 0.5041666666666667 0.01 0.01
5 0.09 0.4116666666666667 0.015 0.013333333333333334
5 0.1175 0.9833333333333333 0.01 0.01
5 0.59 0.6366666666666667 0.008333333333333333 0.008333333333333333
5 0.22666666666666666 0.11583333333333333 0.01 0.01
5 0.81 0.305 0.008333333333333333 0.006666666666666667
5 0.37333333333333335 0.15416666666666667 0.008333333333333333 0.01
5 0.9433333333333334 0.7483333333333333 0.01 0.01
5 0.32916666666666666 0.020833333333333332 0.011666666666666667 0.011666666666666667
5 0.5291666666666667 0.5725 0.008333333333333333 0.008333333333333333
5 0.435 0.3283333333333333 0.015 0.018333333333333333
5 0.3725 0.7891666666666667 0.008333333333333333 0.006666666666666667
5 0.5308333333333334 0.06583333333333333 0.015 0.011666666666666667
5 0.7266666666666667 0.6241666666666666 0.011666666666666667 0.01
5 0.8883333333333333 0.5866666666666667 0.01 0.01
5 0.135 0.7383333333333333 0.02 0.016666666666666666
5 0.365 0.15416666666666667 0.008333333333333333 0.006666666666666667
5 0.13333333333333333 0.74 0.005 0.005
