5 0.05 0.4791666666666667 0.015 0.018333333333333333
5 0.9916666666666667 0.27666666666666667 0.015 0.013333333333333334
5 0.7158333333333333 0.625 0.008333333333333333 0.008333333333333333
5 0.5191666666666667 0.5 0.016666666666666666 0.018333333333333333
5 0.7016666666666667 0.6358333333333334 0.01 0.008333333333333333
5 0.9316666666666666 0.8775 0.01 0.008333333333333333
5 0.021666666666666667 0.24166666666666667 0.008333333333333333 0.008333333333333333
5 0.9033333333333333 0.26916666666666667 0.013333333333333334 0.011666666666666667
5 0.31416666666666665 0.024166666666666666 0.011666666666666667 0.011666666666666667
5 0.7083333333333334 0.665 0.006666666666666667 0.006666666666666667
5 0.6716666666666666 0.18166666666666667 0.008333333333333333 0.008333333333333333
5 0.3325 0.2 0.013333333333333334 0.013333333333333334
5 0.055 0.9433333333333334 0.006666666666666667 0.006666666666666667
5 0.44583333333333336 0.07916666666666666 0.01 0.011666666666666667
5 0.09416666666666666 0.03166666666666667 0.008333333333333333 0.008333333333333333
5 0.6766666666666666 0.28583333333333333 0.008333333333333333 0.008333333333333333
5 0.645 0.6333333333333333 0.008333333333333333 0.006666666666666667
5 0.4675 0.6291666666666667 0.01 0.01
