1.0 0.20002499999999998 0.43036488740617174 0.025325 0.025404503753127607
1.0 0.683225 0.3331922435362802 0.032433333333333335 0.0334278565471226
1.0 0.7642666666666666 0.8183632193494579 0.0244 0.02585487906588824
5 0.05333333333333334 0.815 0.006666666666666667 0.005
5 0.7066666666666667 0.3 0.008333333333333333 0.008333333333333333
5 0.42833333333333334 0.03333333333333333 0.006666666666666667 0.006666666666666667
5 0.17416666666666666 0.9275 0.013333333333333334 0.015
5 0.0325 0.6775 0.01 0.008333333333333333
5 0.1375 0.8675 0.008333333333333333 0.006666666666666667
5 0.785 0.5025 0.008333333333333333 0.008333333333333333
