5 0.6716666666666666 0.5708333333333333 0.013333333333333334 0.013333333333333334
5 0.2758333333333333 0.5266666666666666 0.013333333333333334 0.015
5 0.14666666666666667 0.5066666666666667 0.016666666666666666 0.015
5 0.9525 0.2841666666666667 0.011666666666666667 0.011666666666666667
5 0.5308333333333334 0.3641666666666667 0.01 0.01
5 0.7441666666666666 0.7308333333333333 0.016666666666666666 0.015
5 0.295 0.7266666666666667 0.01 0.01
5 0.815 0.6033333333333334 0.016666666666666666 0.018333333333333333
5 0.23583333333333334 0.8941666666666667 0.008333333333333333 0.008333333333333333
5 0.9441666666666667 0.5675 0.015 0.013333333333333334
5 0.34833333333333333 0.7575 0.016666666666666666 0.015
5 0.5525 0.3 0.015 0.011666666666666667
5 0.08 0.5333333333333333 0.008333333333333333 0.008333333333333333
5 0.3308333333333333 0.13833333333333334 0.016666666666666666 0.015
