2.0 0.13874166666666665 0.19931957186544347 0.13593333333333335 0.058381984987489574
2.0 0.8587999999999999 0.25422365860439256 0.08993333333333334 0.06255212677231026
2.0 0.29845 0.7233646093967195 0.07201666666666667 0.09730608840700584
5 0.3 0.41083333333333333 0.01 0.011666666666666667
5 0.7875 0.5991666666666666 0.01 0.008333333333333333
5 0.475 0.6008333333333333 0.013333333333333334 0.025
5 0.2791666666666667 0.8041666666666667 0.011666666666666667 0.011666666666666667
5 0.5225 0.985 0.006666666666666667 0.006666666666666667
5 0.8516666666666667 0.20666666666666667 0.015 0.015
5 0.6041666666666666 0.6133333333333333 0.01 0.01
5 0.14333333333333334 0.7641666666666667 0.008333333333333333 0.008333333333333333
5 0.3308333333333333 0.2 0.01 0.01
5 0.37583333333333335 0.5941666666666666 0.01 0.008333333333333333
5 0.92 0.5933333333333334 0.006666666666666667 0.008333333333333333
5 0.7483333333333333 0.43416666666666665 0.01 0.008333333333333333
5 0.11 0.0175 0.011666666666666667 0.011666666666666667
5 0.034166666666666665 0.92 0.008333333333333333 0.008333333333333333
