5 0.6533333333333333 0.15083333333333335 0.006666666666666667 0.006666666666666667
5 0.375 0.22583333333333333 0.01 0.008333333333333333
5 0.18333333333333332 0.185 0.005 0.005
5 0.145 0.2425 0.015 0.015
5 0.9733333333333334 0.9691666666666666 0.015 0.015
5 0.5808333333333333 0.86 0.018333333333333333 0.025
5 0.15833333333333333 0.2816666666666667 0.008333333333333333 0.008333333333333333
5 0.8341666666666666 0.5483333333333333 0.008333333333333333 0.008333333333333333
5 0.14583333333333334 0.42833333333333334 0.008333333333333333 0.008333333333333333
5 0.7533333333333333 0.2966666666666667 0.008333333333333333 0.008333333333333333
5 0.6183333333333333 0.2758333333333333 0.01 0.01
5 0.6775 0.37416666666666665 0.008333333333333333 0.006666666666666667
5 0.8391666666666666 0.7741666666666667 0.013333333333333334 0.015
5 0.06333333333333334 0.45916666666666667 0.008333333333333333 0.008333333333333333
5 0.7266666666666667 0.9491666666666667 0.01 0.01
5 0.5566666666666666 0.075 0.008333333333333333 0.008333333333333333
5 0.09166666666666666 0.6608333333333334 0.015 0.015
0 0.7575 0.1025 0.013333333333333334 0.015
0 0.6883333333333334 0.8058333333333333 0.01 0.008333333333333333
0 0.6391666666666667 0.7375 0.01 0.011666666666666667
0 0.15833333333333333 0.07916666666666666 0.018333333333333333 0.018333333333333333
