5 0.9275 0.2658333333333333 0.01 0.016666666666666666
5 0.9408333333333333 0.5608333333333333 0.015 0.013333333333333334
5 0.5358333333333334 0.9308333333333333 0.01 0.01
5 0.665 0.4241666666666667 0.008333333333333333 0.008333333333333333
5 0.21416666666666667 0.1875 0.008333333333333333 0.008333333333333333
5 0.3233333333333333 0.8883333333333333 0.0033333333333333335 0.005
5 0.9058333333333334 0.8933333333333333 0.008333333333333333 0.008333333333333333
5 0.205 0.041666666666666664 0.008333333333333333 0.008333333333333333
5 0.3333333333333333 0.015833333333333335 0.016666666666666666 0.016666666666666666
5 0.13833333333333334 0.16416666666666666 0.018333333333333333 0.016666666666666666
5 0.07666666666666666 0.7258333333333333 0.01 0.01
5 0.8533333333333334 0.3075 0.016666666666666666 0.018333333333333333
5 0.5516666666666666 0.8625 0.011666666666666667 0.01
0 0.5291666666666667 0.12916666666666668 0.011666666666666667 0.013333333333333334
0 0.6641666666666667 0.5975 0.03 0.03166666666666667
0 0.9533333333333334 0.13666666666666666 0.025 0.028333333333333332
