4.0 0.3406666666666667 0.264725 0.07200000000000001 0.08055833333333333
4.0 0.6684083333333334 0.5980583333333334 0.09136666666666667 0.06944166666666667
5 0.015 0.25 0.008333333333333333 0.008333333333333333
5 0.11583333333333333 0.45 0.01 0.011666666666666667
5 0.92 0.5883333333333334 0.01 0.01
5 0.6125 0.6316666666666667 0.006666666666666667 0.006666666666666667
5 0.7491666666666666 0.8433333333333334 0.008333333333333333 0.008333333333333333
5 0.13583333333333333 0.215 0.008333333333333333 0.008333333333333333
5 0.6683333333333333 0.17666666666666667 0.02 0.018333333333333333
5 0.6791666666666667 0.81 0.015 0.015
5 0.3675 0.20666666666666667 0.0033333333333333335 0.005
5 0.09166666666666666 0.5433333333333333 0.011666666666666667 0.011666666666666667
5 0.4175 0.6408333333333334 0.015 0.016666666666666666
5 0.2658333333333333 0.9066666666666666 0.013333333333333334 0.011666666666666667
5 0.22916666666666666 0.8 0.018333333333333333 0.018333333333333333
5 0.4141666666666667 0.975 0.013333333333333334 0.015
5 0.10583333333333333 0.16916666666666666 0.01 0.011666666666666667
5 0.7708333333333334 0.33916666666666667 0.015 0.013333333333333334
5 0.8316666666666667 0.43416666666666665 0.011666666666666667 0.011666666666666667
5 0.0175 0.04583333333333333 0.008333333333333333 0.008333333333333333
5 0.25833333333333336 0.7516666666666667 0.02 0.018333333333333333
0 0.04083333333333333 0.9533333333333334 0.01 0.013333333333333334
0 0.5166666666666667 0.575 0.018333333333333333 0.016666666666666666
0 0.8125 0.8608333333333333 0.018333333333333333 0.016666666666666666
0 0.10166666666666667 0.6558333333333334 0.016666666666666666 0.016666666666666666
0 0.16833333333333333 0.5825 0.021666666666666667 0.016666666666666666
0 0.7241666666666666 0.94 0.015 0.015
0 0.9566666666666667 0.3875 0.018333333333333333 0.016666666666666666
3 0.4666666666666667 0.5875 0.10833333333333334 0.041666666666666664
