4.0 0.32233333333333336 0.26389166666666664 0.07200000000000001 0.08055833333333333
4.0 0.6500750000000001 0.5972249999999999 0.09136666666666667 0.06944166666666667
0 0.7933333333333333 0.5575 0.018333333333333333 0.021666666666666667
0 0.51 0.9575 0.013333333333333334 0.015
0 0.43083333333333335 0.37916666666666665 0.015 0.016666666666666666
0 0.11583333333333333 0.6583333333333333 0.02666666666666667 0.023333333333333334
0 0.4791666666666667 0.72 0.023333333333333334 0.02666666666666667
0 0.38083333333333336 0.3175 0.01 0.013333333333333334
0 0.5325 0.30083333333333334 0.02 0.03
0 0.8358333333333333 0.8433333333333334 0.023333333333333334 0.018333333333333333
