5 0.42916666666666664 0.04416666666666667 0.008333333333333333 0.008333333333333333
5 0.2658333333333333 0.7858333333333334 0.008333333333333333 0.008333333333333333
5 0.6425 0.8241666666666667 0.013333333333333334 0.015
5 0.7975 0.15 0.011666666666666667 0.011666666666666667
5 0.9883333333333333 0.535 0.015 0.015
5 0.1625 0.5566666666666666 0.011666666666666667 0.011666666666666667
5 0.5991666666666666 0.5533333333333333 0.016666666666666666 0.015
5 0.2708333333333333 0.48 0.006666666666666667 0.008333333333333333
5 0.45666666666666667 0.2375 0.01 0.008333333333333333
5 0.029166666666666667 0.03916666666666667 0.008333333333333333 0.008333333333333333
0 0.3075 0.22833333333333333 0.018333333333333333 0.016666666666666666
0 0.9325 0.2275 0.013333333333333334 0.015
0 0.8675 0.675 0.016666666666666666 0.016666666666666666
0 0.07083333333333333 0.8291666666666667 0.013333333333333334 0.018333333333333333
0 0.27 0.9158333333333334 0.013333333333333334 0.008333333333333333
0 0.9366666666666666 0.3433333333333333 0.011666666666666667 0.011666666666666667
0 0.245 0.27 0.016666666666666666 0.016666666666666666
0 0.7158333333333333 0.6766666666666666 0.02 0.025
0 0.885 0.3175 0.01 0.013333333333333334
