5 0.7033333333333334 0.44 0.008333333333333333 0.008333333333333333
5 0.2841666666666667 0.0825 0.01 0.008333333333333333
5 0.12916666666666668 0.15666666666666668 0.013333333333333334 0.013333333333333334
5 0.5516666666666666 0.5108333333333334 0.006666666666666667 0.008333333333333333
5 0.0925 0.6366666666666667 0.008333333333333333 0.008333333333333333
5 0.7183333333333334 0.2866666666666667 0.016666666666666666 0.011666666666666667
5 0.9908333333333333 0.5258333333333334 0.006666666666666667 0.008333333333333333
5 0.31583333333333335 0.7341666666666666 0.016666666666666666 0.016666666666666666
5 0.9441666666666667 0.7291666666666666 0.016666666666666666 0.02
5 0.9158333333333334 0.455 0.013333333333333334 0.013333333333333334
5 0.30333333333333334 0.5466666666666666 0.013333333333333334 0.016666666666666666
0 0.041666666666666664 0.17916666666666667 0.008333333333333333 0.008333333333333333
0 0.595 0.7916666666666666 0.021666666666666667 0.025
0 0.08333333333333333 0.9533333333333334 0.028333333333333332 0.03166666666666667
0 0.7666666666666667 0.9008333333333334 0.011666666666666667 0.015
0 0.17083333333333334 0.7575 0.025 0.02
0 0.0975 0.6108333333333333 0.02666666666666667 0.023333333333333334
0 0.13666666666666666 0.6008333333333333 0.015 0.015
0 0.5241666666666667 0.36083333333333334 0.023333333333333334 0.021666666666666667
0 0.6141666666666666 0.6833333333333333 0.013333333333333334 0.008333333333333333
