5 0.3433333333333333 0.8316666666666667 0.015 0.013333333333333334
5 0.5733333333333334 0.33166666666666667 0.011666666666666667 0.011666666666666667
5 0.6308333333333334 0.4675 0.013333333333333334 0.013333333333333334
5 0.5958333333333333 0.8525 0.006666666666666667 0.006666666666666667
5 0.08166666666666667 0.7583333333333333 0.015 0.013333333333333334
5 0.31833333333333336 0.7008333333333333 0.008333333333333333 0.008333333333333333
5 0.4816666666666667 0.2791666666666667 0.013333333333333334 0.013333333333333334
5 0.5233333333333333 0.9075 0.016666666666666666 0.016666666666666666
5 0.7966666666666666 0.4116666666666667 0.008333333333333333 0.008333333333333333
5 0.4558333333333333 0.5591666666666667 0.01 0.01
5 0.325 0.5383333333333333 0.013333333333333334 0.013333333333333334
5 0.8333333333333334 0.9733333333333334 0.013333333333333334 0.013333333333333334
5 0.15916666666666668 0.03916666666666667 0.006666666666666667 0.006666666666666667
5 0.6925 0.7 0.016666666666666666 0.02
5 0.42 0.43666666666666665 0.016666666666666666 0.018333333333333333
0 0.65 0.8741666666666666 0.011666666666666667 0.013333333333333334
0 0.355 0.8641666666666666 0.028333333333333332 0.021666666666666667
0 0.7025 0.20166666666666666 0.021666666666666667 0.025
0 0.6633333333333333 0.08583333333333333 0.02666666666666667 0.025
0 0.1775 0.925 0.02666666666666667 0.021666666666666667
