5 0.6658333333333334 0.955 0.01 0.008333333333333333
5 0.09166666666666666 0.5733333333333334 0.008333333333333333 0.008333333333333333
5 0.5833333333333334 0.305 0.008333333333333333 0.006666666666666667
5 0.135 0.5025 0.011666666666666667 0.01
5 0.3433333333333333 0.185 0.01 0.011666666666666667
5 0.19666666666666666 0.745 0.011666666666666667 0.011666666666666667
5 0.3283333333333333 0.5825 0.01 0.008333333333333333
5 0.3641666666666667 0.9608333333333333 0.016666666666666666 0.02
5 0.08833333333333333 0.17 0.01 0.008333333333333333
5 0.275 0.9508333333333333 0.015 0.016666666666666666
