5 0.4691666666666667 0.7691666666666667 0.015 0.015
5 0.03333333333333333 0.5633333333333334 0.008333333333333333 0.008333333333333333
5 0.195 0.36 0.011666666666666667 0.015
5 0.16916666666666666 0.6866666666666666 0.013333333333333334 0.011666666666666667
5 0.2733333333333333 0.3358333333333333 0.016666666666666666 0.016666666666666666
5 0.6491666666666667 0.975 0.015 0.013333333333333334
5 0.8708333333333333 0.6558333333333334 0.013333333333333334 0.011666666666666667
5 0.3308333333333333 0.4033333333333333 0.016666666666666666 0.015
5 0.8666666666666667 0.9416666666666667 0.013333333333333334 0.013333333333333334
5 0.64 0.7383333333333333 0.013333333333333334 0.013333333333333334
0 0.9058333333333334 0.115 0.015 0.011666666666666667
0 0.02 0.39416666666666667 0.02666666666666667 0.023333333333333334
