1.0 0.19590833333333335 0.39802543786488737 0.026591666666666666 0.025904920767306088
1.0 0.7604666666666666 0.7863240200166804 0.025916666666666668 0.025054211843202667
1.0 0.6793250000000001 0.29991868223519597 0.03294166666666667 0.034261884904086735
5 0.7583333333333333 0.8641666666666666 0.008333333333333333 0.008333333333333333
5 0.3591666666666667 0.07166666666666667 0.008333333333333333 0.008333333333333333
5 0.36 0.14416666666666667 0.006666666666666667 0.006666666666666667
5 0.455 0.30916666666666665 0.006666666666666667 0.006666666666666667
5 0.0125 0.9475 0.006666666666666667 0.008333333333333333
5 0.12916666666666668 0.30916666666666665 0.015 0.013333333333333334
5 0.6925 0.6775 0.01 0.011666666666666667
5 0.03916666666666667 0.415 0.013333333333333334 0.015
5 0.11416666666666667 0.495 0.008333333333333333 0.008333333333333333
5 0.6508333333333334 0.10416666666666667 0.01 0.01
5 0.5116666666666667 0.8166666666666667 0.015 0.011666666666666667
5 0.1225 0.6825 0.01 0.011666666666666667
