5 0.6158333333333333 0.7966666666666666 0.01 0.01
5 0.9366666666666666 0.4691666666666667 0.01 0.01
5 0.5433333333333333 0.7925 0.011666666666666667 0.011666666666666667
5 0.44416666666666665 0.5141666666666667 0.015 0.015
5 0.2925 0.22333333333333333 0.008333333333333333 0.006666666666666667
5 0.20583333333333334 0.6991666666666667 0.008333333333333333 0.01
5 0.7058333333333333 0.8566666666666667 0.013333333333333334 0.013333333333333334
5 0.0925 0.7 0.006666666666666667 0.006666666666666667
5 0.5983333333333334 0.7033333333333334 0.011666666666666667 0.011666666666666667
0 0.8 0.5033333333333333 0.023333333333333334 0.03166666666666667
0 0.15 0.555 0.011666666666666667 0.01
0 0.7141666666666666 0.8283333333333334 0.021666666666666667 0.02
0 0.020833333333333332 0.6766666666666666 0.021666666666666667 0.023333333333333334
0 0.6 0.895 0.013333333333333334 0.015
0 0.645 0.52 0.01 0.013333333333333334
0 0.9716666666666667 0.8975 0.018333333333333333 0.016666666666666666
0 0.3616666666666667 0.6808333333333333 0.02 0.015
0 0.08916666666666667 0.15166666666666667 0.011666666666666667 0.011666666666666667
