5 0.6433333333333333 0.011666666666666667 0.015 0.013333333333333334
5 0.10166666666666667 0.3016666666666667 0.015 0.013333333333333334
5 0.38333333333333336 0.525 0.023333333333333334 0.02
5 0.555 0.7225 0.01 0.01
5 0.38166666666666665 0.1275 0.011666666666666667 0.015
5 0.6116666666666667 0.23166666666666666 0.018333333333333333 0.025
5 0.33166666666666667 0.8466666666666667 0.011666666666666667 0.011666666666666667
5 0.5491666666666667 0.035 0.011666666666666667 0.011666666666666667
5 0.45666666666666667 0.8816666666666667 0.016666666666666666 0.015
5 0.7383333333333333 0.8266666666666667 0.015 0.013333333333333334
5 0.145 0.76 0.013333333333333334 0.013333333333333334
5 0.0575 0.6258333333333334 0.006666666666666667 0.008333333333333333
5 0.9816666666666667 0.205 0.006666666666666667 0.006666666666666667
5 0.5633333333333334 0.8191666666666667 0.015 0.013333333333333334
5 0.43833333333333335 0.39416666666666667 0.02 0.016666666666666666
6 0.4666666666666667 0.38333333333333336 0.03333333333333333 0.16166666666666665
6 0.5891666666666666 0.15416666666666667 0.041666666666666664 0.021666666666666667
6 0.7466666666666667 0.11916666666666667 0.03333333333333333 0.075
