8.0 0.30492500000000006 0.5555455935501807 0.3353 0.6538782318598833
5 0.315 0.8691666666666666 0.008333333333333333 0.01
5 0.0875 0.73 0.01 0.01
5 0.8266666666666667 0.2791666666666667 0.01 0.01
5 0.8741666666666666 0.1175 0.008333333333333333 0.008333333333333333
5 0.051666666666666666 0.11166666666666666 0.006666666666666667 0.006666666666666667
5 0.17166666666666666 0.9841666666666666 0.006666666666666667 0.008333333333333333
5 0.0225 0.5058333333333334 0.01 0.01
5 0.9783333333333334 0.14 0.008333333333333333 0.01
5 0.5316666666666666 0.7033333333333334 0.016666666666666666 0.015
5 0.9258333333333333 0.16083333333333333 0.008333333333333333 0.008333333333333333
5 0.97 0.1825 0.006666666666666667 0.006666666666666667
5 0.31333333333333335 0.5225 0.008333333333333333 0.008333333333333333
5 0.7166666666666667 0.8941666666666667 0.01 0.01
5 0.31 0.3325 0.011666666666666667 0.01
5 0.3283333333333333 0.37583333333333335 0.011666666666666667 0.011666666666666667
5 0.8033333333333333 0.23833333333333334 0.006666666666666667 0.006666666666666667
5 0.28833333333333333 0.8158333333333333 0.015 0.015
5 0.0775 0.5125 0.005 0.006666666666666667
5 0.8625 0.135 0.015 0.016666666666666666
0 0.2658333333333333 0.5666666666666667 0.03 0.02
0 0.8541666666666666 0.31333333333333335 0.021666666666666667 0.021666666666666667
0 0.3566666666666667 0.9066666666666666 0.016666666666666666 0.015
0 0.6483333333333333 0.49166666666666664 0.03 0.02
0 0.32666666666666666 0.435 0.008333333333333333 0.01
0 0.265 0.2025 0.018333333333333333 0.018333333333333333
