5 0.3925 0.6266666666666667 0.008333333333333333 0.008333333333333333
5 0.058333333333333334 0.2775 0.005 0.005
5 0.33 0.09166666666666666 0.006666666666666667 0.006666666666666667
5 0.785 0.6741666666666667 0.01 0.008333333333333333
5 0.5775 0.2175 0.008333333333333333 0.008333333333333333
5 0.20916666666666667 0.6933333333333334 0.006666666666666667 0.006666666666666667
5 0.17666666666666667 0.88 0.008333333333333333 0.008333333333333333
5 0.08333333333333333 0.07083333333333333 0.008333333333333333 0.008333333333333333
5 0.33 0.815 0.008333333333333333 0.008333333333333333
5 0.06916666666666667 0.535 0.01 0.01
