5 0.765 0.195 0.015 0.011666666666666667
5 0.5966666666666667 0.9016666666666666 0.008333333333333333 0.006666666666666667
5 0.7583333333333333 0.9841666666666666 0.006666666666666667 0.008333333333333333
5 0.5866666666666667 0.75 0.006666666666666667 0.006666666666666667
5 0.19333333333333333 0.9158333333333334 0.011666666666666667 0.013333333333333334
5 0.0875 0.5333333333333333 0.015 0.011666666666666667
5 0.9608333333333333 0.5458333333333333 0.011666666666666667 0.011666666666666667
5 0.16333333333333333 0.6833333333333333 0.008333333333333333 0.008333333333333333
0 0.5216666666666666 0.17666666666666667 0.016666666666666666 0.023333333333333334
0 0.8741666666666666 0.3458333333333333 0.023333333333333334 0.021666666666666667
0 0.4025 0.8841666666666667 0.018333333333333333 0.015
0 0.6258333333333334 0.44166666666666665 0.016666666666666666 0.015
0 0.16333333333333333 0.7741666666666667 0.03333333333333333 0.028333333333333332
0 0.355 0.2966666666666667 0.013333333333333334 0.015
