5 0.5108333333333334 0.7483333333333333 0.015 0.013333333333333334
5 0.38333333333333336 0.14166666666666666 0.013333333333333334 0.011666666666666667
5 0.5175 0.14916666666666667 0.006666666666666667 0.005
5 0.4225 0.42083333333333334 0.013333333333333334 0.013333333333333334
5 0.9758333333333333 0.4791666666666667 0.011666666666666667 0.011666666666666667
5 0.23166666666666666 0.9291666666666667 0.016666666666666666 0.018333333333333333
5 0.2991666666666667 0.7825 0.01 0.01
5 0.035 0.28 0.006666666666666667 0.006666666666666667
5 0.23083333333333333 0.9591666666666666 0.011666666666666667 0.01
5 0.8175 0.83 0.016666666666666666 0.016666666666666666
5 0.37916666666666665 0.2916666666666667 0.018333333333333333 0.016666666666666666
5 0.5225 0.07166666666666667 0.006666666666666667 0.006666666666666667
5 0.67 0.5825 0.016666666666666666 0.02
5 0.4425 0.08583333333333333 0.008333333333333333 0.008333333333333333
0 0.85 0.265 0.015 0.015
0 0.4525 0.1425 0.013333333333333334 0.011666666666666667
0 0.6991666666666667 0.21833333333333332 0.016666666666666666 0.016666666666666666
0 0.9091666666666667 0.9616666666666667 0.016666666666666666 0.015
0 0.7216666666666667 0.32083333333333336 0.008333333333333333 0.008333333333333333
0 0.3325 0.1775 0.028333333333333332 0.03166666666666667
0 0.7575 0.2675 0.013333333333333334 0.011666666666666667
0 0.6866666666666666 0.85 0.01 0.013333333333333334
