5 0.09833333333333333 0.4075 0.013333333333333334 0.013333333333333334
5 0.6775 0.8841666666666667 0.008333333333333333 0.008333333333333333
5 0.10833333333333334 0.5416666666666666 0.015 0.018333333333333333
5 0.1825 0.43333333333333335 0.01 0.01
5 0.8641666666666666 0.5766666666666667 0.008333333333333333 0.008333333333333333
5 0.4033333333333333 0.2891666666666667 0.01 0.01
5 0.27416666666666667 0.7858333333333334 0.011666666666666667 0.011666666666666667
5 0.01 0.7291666666666666 0.02 0.021666666666666667
5 0.5891666666666666 0.7125 0.011666666666666667 0.01
5 0.19583333333333333 0.9858333333333333 0.01 0.01
5 0.5066666666666667 0.6516666666666666 0.013333333333333334 0.013333333333333334
5 0.20333333333333334 0.9466666666666667 0.01 0.01
5 0.5241666666666667 0.155 0.013333333333333334 0.015
5 0.0925 0.5025 0.011666666666666667 0.011666666666666667
5 0.9133333333333333 0.585 0.01 0.011666666666666667
5 0.9491666666666667 0.23416666666666666 0.016666666666666666 0.015
