4.0 0.32080833333333336 0.32596330275229357 0.07339166666666666 0.08479566305254378
4.0 0.6443749999999999 0.6567973311092578 0.0872 0.06811509591326105
5 0.41583333333333333 0.0525 0.013333333333333334 0.015
5 0.69 0.3933333333333333 0.015 0.016666666666666666
5 0.6433333333333333 0.6733333333333333 0.008333333333333333 0.008333333333333333
5 0.2475 0.12416666666666666 0.016666666666666666 0.02
5 0.4 0.1875 0.01 0.01
0 0.0975 0.5841666666666666 0.01 0.01
0 0.43666666666666665 0.05583333333333333 0.013333333333333334 0.008333333333333333
0 0.7858333333333334 0.2875 0.01 0.013333333333333334
0 0.9083333333333333 0.3475 0.016666666666666666 0.015
0 0.2975 0.8308333333333333 0.011666666666666667 0.013333333333333334
0 0.2841666666666667 0.9808333333333333 0.02 0.021666666666666667
0 0.05333333333333334 0.6533333333333333 0.023333333333333334 0.025
