5 0.6491666666666667 0.5558333333333333 0.013333333333333334 0.011666666666666667
5 0.8133333333333334 0.25166666666666665 0.008333333333333333 0.01
5 0.92 0.8825 0.015 0.013333333333333334
5 0.4025 0.1875 0.016666666666666666 0.016666666666666666
5 0.6541666666666667 0.7541666666666667 0.008333333333333333 0.008333333333333333
5 0.4 0.5333333333333333 0.016666666666666666 0.015
5 0.88 0.5775 0.013333333333333334 0.016666666666666666
5 0.6775 0.085 0.006666666666666667 0.008333333333333333
5 0.37833333333333335 0.07833333333333334 0.02 0.02
5 0.505 0.38 0.01 0.01
5 0.27416666666666667 0.43666666666666665 0.013333333333333334 0.013333333333333334
5 0.13166666666666665 0.060833333333333336 0.011666666666666667 0.011666666666666667
5 0.4041666666666667 0.5125 0.008333333333333333 0.008333333333333333
5 0.15583333333333332 0.1725 0.011666666666666667 0.011666666666666667
5 0.9916666666666667 0.2808333333333333 0.016666666666666666 0.015
0 0.7116666666666667 0.7641666666666667 0.015 0.015
0 0.425 0.9583333333333334 0.016666666666666666 0.018333333333333333
