5 0.715 0.6241666666666666 0.013333333333333334 0.011666666666666667
5 0.9266666666666666 0.17916666666666667 0.008333333333333333 0.008333333333333333
5 0.26 0.8608333333333333 0.013333333333333334 0.015
5 0.49416666666666664 0.665 0.013333333333333334 0.013333333333333334
5 0.7783333333333333 0.019166666666666665 0.006666666666666667 0.008333333333333333
5 0.9858333333333333 0.6008333333333333 0.013333333333333334 0.016666666666666666
5 0.655 0.5975 0.02 0.016666666666666666
5 0.8991666666666667 0.6875 0.01 0.01
5 0.8575 0.5966666666666667 0.008333333333333333 0.008333333333333333
5 0.395 0.705 0.013333333333333334 0.011666666666666667
5 0.5325 0.7075 0.011666666666666667 0.01
5 0.3175 0.7925 0.008333333333333333 0.008333333333333333
5 0.14 0.09416666666666666 0.016666666666666666 0.015
5 0.5641666666666667 0.7308333333333333 0.015 0.013333333333333334
5 0.9116666666666666 0.0625 0.016666666666666666 0.015
5 0.2991666666666667 0.9366666666666666 0.016666666666666666 0.035
5 0.7725 0.30916666666666665 0.008333333333333333 0.008333333333333333
5 0.7766666666666666 0.265 0.008333333333333333 0.005
