2.0 0.15975402883799836 0.05634435962680234 0.059194232400339275 0.06361323155216285
2.0 0.28767599660729437 0.859991518235793 0.11429177268871925 0.05371501272264631
2.0 0.9067684478371502 0.2910093299406276 0.04629346904156064 0.12016115351993213
5.0 0.19264631043257002 0.21808312128922813 0.009567430025445292 0.010390161153519931
5 0.5841666666666666 0.12083333333333333 0.008333333333333333 0.006666666666666667
5 0.2841666666666667 0.7608333333333334 0.008333333333333333 0.008333333333333333
5 0.9216666666666666 0.41583333333333333 0.006666666666666667 0.006666666666666667
5 0.8833333333333333 0.12083333333333333 0.006666666666666667 0.008333333333333333
5 0.008333333333333333 0.32166666666666666 0.013333333333333334 0.013333333333333334
5 0.7116666666666667 0.47833333333333333 0.011666666666666667 0.011666666666666667
5 0.6941666666666667 0.5266666666666666 0.011666666666666667 0.011666666666666667
5 0.10916666666666666 0.7941666666666667 0.006666666666666667 0.008333333333333333
5 0.43333333333333335 0.7966666666666666 0.011666666666666667 0.011666666666666667
5 0.705 0.5258333333333334 0.008333333333333333 0.008333333333333333
5 0.18083333333333335 0.77 0.008333333333333333 0.01
5 0.060833333333333336 0.6108333333333333 0.018333333333333333 0.016666666666666666
5 0.8291666666666667 0.2625 0.008333333333333333 0.008333333333333333
5 0.2791666666666667 0.6475 0.016666666666666666 0.018333333333333333
5 0.7675 0.6741666666666667 0.01 0.01
