5 0.009166666666666667 0.45666666666666667 0.011666666666666667 0.011666666666666667
5 0.9075 0.3675 0.008333333333333333 0.008333333333333333
5 0.6833333333333333 0.36083333333333334 0.006666666666666667 0.006666666666666667
5 0.3775 0.1 0.008333333333333333 0.006666666666666667
5 0.8083333333333333 0.8008333333333333 0.015 0.011666666666666667
5 0.8875 0.7491666666666666 0.023333333333333334 0.02
5 0.5241666666666667 0.6241666666666666 0.015 0.018333333333333333
5 0.44 0.5575 0.013333333333333334 0.016666666666666666
5 0.20083333333333334 0.8691666666666666 0.02 0.02
5 0.9783333333333334 0.019166666666666665 0.01 0.011666666666666667
0 0.045 0.5308333333333334 0.02666666666666667 0.023333333333333334
0 0.2875 0.6141666666666666 0.01 0.01
