5 0.7275 0.6025 0.015 0.021666666666666667
5 0.2025 0.515 0.018333333333333333 0.021666666666666667
5 0.05 0.07833333333333334 0.008333333333333333 0.008333333333333333
5 0.12416666666666666 0.43416666666666665 0.008333333333333333 0.008333333333333333
5 0.09166666666666666 0.3975 0.013333333333333334 0.015
5 0.37583333333333335 0.06916666666666667 0.015 0.015
5 0.6441666666666667 0.6716666666666666 0.016666666666666666 0.02
5 0.6558333333333334 0.05333333333333334 0.013333333333333334 0.011666666666666667
5 0.20083333333333334 0.6733333333333333 0.013333333333333334 0.011666666666666667
5 0.21833333333333332 0.7158333333333333 0.01 0.008333333333333333
5 0.7916666666666666 0.028333333333333332 0.018333333333333333 0.016666666666666666
5 0.7133333333333334 0.28583333333333333 0.008333333333333333 0.008333333333333333
5 0.7983333333333333 0.08833333333333333 0.008333333333333333 0.008333333333333333
