5 0.49333333333333335 0.8958333333333334 0.013333333333333334 0.013333333333333334
5 0.20166666666666666 0.021666666666666667 0.013333333333333334 0.016666666666666666
5 0.5 0.7716666666666666 0.008333333333333333 0.008333333333333333
5 0.32416666666666666 0.5425 0.008333333333333333 0.008333333333333333
5 0.2758333333333333 0.5916666666666667 0.013333333333333334 0.013333333333333334
5 0.7625 0.7041666666666667 0.02 0.015
5 0.10083333333333333 0.33916666666666667 0.008333333333333333 0.008333333333333333
5 0.71 0.9125 0.015 0.016666666666666666
5 0.565 0.30583333333333335 0.01 0.008333333333333333
5 0.5658333333333333 0.30833333333333335 0.015 0.011666666666666667
