5 0.3425 0.3575 0.016666666666666666 0.015
5 0.1 0.7741666666666667 0.008333333333333333 0.008333333333333333
5 0.8341666666666666 0.4975 0.013333333333333334 0.013333333333333334
5 0.20916666666666667 0.7758333333333334 0.01 0.01
5 0.405 0.8891666666666667 0.013333333333333334 0.013333333333333334
5 0.6358333333333334 0.5725 0.015 0.015
5 0.7366666666666667 0.25583333333333336 0.013333333333333334 0.01
5 0.3525 0.4691666666666667 0.01 0.008333333333333333
5 0.6191666666666666 0.14416666666666667 0.013333333333333334 0.013333333333333334
5 0.68 0.009166666666666667 0.008333333333333333 0.008333333333333333
5 0.7008333333333333 0.1125 0.016666666666666666 0.015
5 0.6425 0.9791666666666666 0.018333333333333333 0.016666666666666666
5 0.7233333333333334 0.6158333333333333 0.008333333333333333 0.008333333333333333
5 0.07666666666666666 0.2866666666666667 0.008333333333333333 0.008333333333333333
5 0.37333333333333335 0.0525 0.011666666666666667 0.01
5 0.255 0.3275 0.011666666666666667 0.011666666666666667
5 0.4075 0.2608333333333333 0.018333333333333333 0.025
5 0.6858333333333333 0.16166666666666665 0.015 0.016666666666666666
