5 0.0725 0.4766666666666667 0.006666666666666667 0.008333333333333333
5 0.3308333333333333 0.32666666666666666 0.023333333333333334 0.021666666666666667
5 0.38083333333333336 0.42333333333333334 0.008333333333333333 0.008333333333333333
5 0.47583333333333333 0.43833333333333335 0.013333333333333334 0.015
5 0.075 0.43416666666666665 0.01 0.01
5 0.435 0.5533333333333333 0.008333333333333333 0.01
5 0.15916666666666668 0.7358333333333333 0.006666666666666667 0.006666666666666667
5 0.9733333333333334 0.0925 0.008333333333333333 0.008333333333333333
5 0.42833333333333334 0.7216666666666667 0.013333333333333334 0.013333333333333334
5 0.5458333333333333 0.13083333333333333 0.006666666666666667 0.006666666666666667
5 0.9125 0.31916666666666665 0.008333333333333333 0.01
