5 0.4375 0.7125 0.008333333333333333 0.01
5 0.32916666666666666 0.8975 0.006666666666666667 0.006666666666666667
5 0.8458333333333333 0.02 0.008333333333333333 0.008333333333333333
5 0.6591666666666667 0.5475 0.008333333333333333 0.008333333333333333
5 0.5691666666666667 0.8783333333333333 0.006666666666666667 0.006666666666666667
5 0.5725 0.4575 0.008333333333333333 0.008333333333333333
5 0.3358333333333333 0.625 0.011666666666666667 0.011666666666666667
5 0.24833333333333332 0.9708333333333333 0.01 0.01
5 0.8725 0.6583333333333333 0.006666666666666667 0.006666666666666667
5 0.9808333333333333 0.115 0.013333333333333334 0.013333333333333334
