5 0.056666666666666664 0.9716666666666667 0.011666666666666667 0.011666666666666667
5 0.6208333333333333 0.2175 0.018333333333333333 0.018333333333333333
5 0.64 0.35333333333333333 0.011666666666666667 0.011666666666666667
5 0.395 0.3433333333333333 0.015 0.011666666666666667
5 0.17666666666666667 0.4866666666666667 0.01 0.01
5 0.056666666666666664 0.38416666666666666 0.015 0.015
0 0.8158333333333333 0.14166666666666666 0.025 0.02666666666666667
0 0.9666666666666667 0.5816666666666667 0.02 0.021666666666666667
0 0.18166666666666667 0.7616666666666667 0.02 0.018333333333333333
0 0.2808333333333333 0.5758333333333333 0.015 0.013333333333333334
