5 0.4666666666666667 0.2966666666666667 0.016666666666666666 0.015
5 0.8158333333333333 0.7308333333333333 0.008333333333333333 0.006666666666666667
5 0.5816666666666667 0.3175 0.013333333333333334 0.016666666666666666
5 0.8308333333333333 0.6891666666666667 0.008333333333333333 0.008333333333333333
5 0.07583333333333334 0.94 0.008333333333333333 0.01
5 0.7491666666666666 0.6758333333333333 0.013333333333333334 0.013333333333333334
5 0.3908333333333333 0.28583333333333333 0.008333333333333333 0.008333333333333333
5 0.37 0.6491666666666667 0.01 0.01
5 0.61 0.1025 0.008333333333333333 0.006666666666666667
5 0.915 0.07333333333333333 0.011666666666666667 0.011666666666666667
5 0.7125 0.8658333333333333 0.016666666666666666 0.015
5 0.11916666666666667 0.9533333333333334 0.02 0.015
0 0.008333333333333333 0.6008333333333333 0.011666666666666667 0.013333333333333334
0 0.4975 0.73 0.013333333333333334 0.018333333333333333
