5 0.23 0.0675 0.008333333333333333 0.01
5 0.11166666666666666 0.8133333333333334 0.008333333333333333 0.008333333333333333
5 0.36083333333333334 0.9075 0.015 0.021666666666666667
5 0.005 0.46166666666666667 0.006666666666666667 0.006666666666666667
5 0.11916666666666667 0.04 0.008333333333333333 0.008333333333333333
5 0.5725 0.3416666666666667 0.013333333333333334 0.013333333333333334
5 0.8908333333333334 0.245 0.008333333333333333 0.008333333333333333
5 0.6483333333333333 0.06 0.01 0.01
5 0.48333333333333334 0.7116666666666667 0.011666666666666667 0.008333333333333333
5 0.155 0.6825 0.008333333333333333 0.01
5 0.17166666666666666 0.9008333333333334 0.02 0.015
