5 0.04583333333333333 0.050833333333333335 0.006666666666666667 0.006666666666666667
5 0.945 0.06166666666666667 0.008333333333333333 0.008333333333333333
5 0.5841666666666666 0.26166666666666666 0.01 0.011666666666666667
5 0.0225 0.30583333333333335 0.006666666666666667 0.006666666666666667
5 0.4083333333333333 0.5483333333333333 0.01 0.011666666666666667
5 0.575 0.54 0.008333333333333333 0.008333333333333333
5 0.2075 0.35833333333333334 0.01 0.01
5 0.6641666666666667 0.365 0.006666666666666667 0.01
5 0.7058333333333333 0.12083333333333333 0.01 0.01
5 0.2425 0.7316666666666667 0.006666666666666667 0.005
5 0.33 0.0625 0.011666666666666667 0.01
5 0.8266666666666667 0.3466666666666667 0.015 0.011666666666666667
5 0.10333333333333333 0.15333333333333332 0.008333333333333333 0.008333333333333333
5 0.1325 0.21583333333333332 0.01 0.008333333333333333
