5 0.7316666666666667 0.9266666666666666 0.015 0.015
5 0.9891666666666666 0.7808333333333334 0.013333333333333334 0.013333333333333334
5 0.03166666666666667 0.2625 0.006666666666666667 0.006666666666666667
5 0.8091666666666667 0.17416666666666666 0.008333333333333333 0.008333333333333333
5 0.0225 0.205 0.011666666666666667 0.01
5 0.49916666666666665 0.92 0.006666666666666667 0.006666666666666667
5 0.32083333333333336 0.6383333333333333 0.015 0.013333333333333334
5 0.4841666666666667 0.8966666666666666 0.008333333333333333 0.008333333333333333
5 0.7866666666666666 0.7875 0.013333333333333334 0.025
5 0.3525 0.8316666666666667 0.016666666666666666 0.02
5 0.31333333333333335 0.32666666666666666 0.011666666666666667 0.01
