4.0 0.32983333333333337 0.27139166666666664 0.07200000000000001 0.08055833333333333
4.0 0.657575 0.604725 0.09136666666666667 0.06944166666666667
5 0.5133333333333333 0.06 0.013333333333333334 0.013333333333333334
5 0.4041666666666667 0.30583333333333335 0.01 0.01
5 0.9566666666666667 0.0275 0.011666666666666667 0.01
5 0.08583333333333333 0.9566666666666667 0.021666666666666667 0.018333333333333333
5 0.8625 0.6516666666666666 0.015 0.016666666666666666
5 0.9616666666666667 0.8291666666666667 0.006666666666666667 0.006666666666666667
5 0.7075 0.6091666666666666 0.01 0.01
5 0.57 0.8216666666666667 0.006666666666666667 0.008333333333333333
5 0.2875 0.2733333333333333 0.008333333333333333 0.008333333333333333
5 0.5908333333333333 0.9341666666666667 0.018333333333333333 0.016666666666666666
5 0.9591666666666666 0.9041666666666667 0.011666666666666667 0.015
