2.0 0.1787416666666667 0.09313594662218516 0.06925833333333334 0.07783986655546288
2.0 0.22387500000000002 0.815954962468724 0.0873 0.07783986655546288
2.0 0.6349333333333333 0.5303002502085071 0.04554166666666667 0.045871559633027525
0.0 0.9771583333333332 0.128023352793995 0.010558333333333333 0.014662218515429523
5 0.5841666666666666 0.915 0.011666666666666667 0.011666666666666667
5 0.4266666666666667 0.6083333333333333 0.006666666666666667 0.006666666666666667
5 0.7025 0.9875 0.008333333333333333 0.008333333333333333
5 0.25666666666666665 0.8466666666666667 0.01 0.011666666666666667
5 0.36666666666666664 0.24583333333333332 0.015 0.016666666666666666
5 0.8416666666666667 0.875 0.005 0.005
5 0.475 0.1675 0.011666666666666667 0.011666666666666667
5 0.42833333333333334 0.47833333333333333 0.01 0.01
5 0.5241666666666667 0.4925 0.016666666666666666 0.018333333333333333
5 0.5191666666666667 0.6441666666666667 0.008333333333333333 0.008333333333333333
5 0.8825 0.4325 0.008333333333333333 0.005
5 0.7325 0.38166666666666665 0.006666666666666667 0.006666666666666667
5 0.9525 0.645 0.008333333333333333 0.006666666666666667
5 0.26416666666666666 0.1425 0.01 0.01
5 0.7508333333333334 0.12 0.011666666666666667 0.011666666666666667
5 0.8208333333333333 0.6858333333333333 0.011666666666666667 0.011666666666666667
5 0.645 0.805 0.013333333333333334 0.013333333333333334
5 0.4658333333333333 0.6383333333333333 0.013333333333333334 0.011666666666666667
