5 0.38166666666666665 0.9758333333333333 0.02 0.018333333333333333
5 0.7883333333333333 0.6833333333333333 0.016666666666666666 0.015
5 0.415 0.92 0.01 0.01
5 0.8325 0.5341666666666667 0.015 0.013333333333333334
5 0.3525 0.9533333333333334 0.008333333333333333 0.008333333333333333
5 0.22 0.021666666666666667 0.01 0.01
5 0.30583333333333335 0.09833333333333333 0.008333333333333333 0.008333333333333333
5 0.8275 0.25083333333333335 0.006666666666666667 0.006666666666666667
5 0.7641666666666667 0.39666666666666667 0.013333333333333334 0.013333333333333334
5 0.85 0.0975 0.016666666666666666 0.015
5 0.41 0.7291666666666666 0.008333333333333333 0.008333333333333333
5 0.7625 0.23416666666666666 0.016666666666666666 0.02
5 0.6058333333333333 0.024166666666666666 0.013333333333333334 0.011666666666666667
5 0.9116666666666666 0.13166666666666665 0.008333333333333333 0.008333333333333333
5 0.3 0.45166666666666666 0.008333333333333333 0.008333333333333333
5 0.4066666666666667 0.9741666666666666 0.015 0.015
0 0.7033333333333334 0.6291666666666667 0.01 0.01
0 0.9516666666666667 0.8166666666666667 0.008333333333333333 0.008333333333333333
0 0.5233333333333333 0.8991666666666667 0.021666666666666667 0.025
