5 0.45166666666666666 0.74 0.015 0.015
5 0.8408333333333333 0.6683333333333333 0.006666666666666667 0.008333333333333333
5 0.28 0.285 0.008333333333333333 0.008333333333333333
5 0.5966666666666667 0.25833333333333336 0.008333333333333333 0.008333333333333333
5 0.22416666666666665 0.4583333333333333 0.016666666666666666 0.018333333333333333
5 0.3491666666666667 0.32083333333333336 0.011666666666666667 0.011666666666666667
5 0.24666666666666667 0.3525 0.013333333333333334 0.013333333333333334
5 0.6941666666666667 0.6841666666666667 0.008333333333333333 0.008333333333333333
5 0.4191666666666667 0.315 0.01 0.01
5 0.6075 0.7125 0.006666666666666667 0.008333333333333333
5 0.9575 0.44666666666666666 0.008333333333333333 0.005
5 0.014166666666666666 0.03333333333333333 0.02 0.016666666666666666
5 0.7675 0.12833333333333333 0.01 0.01
5 0.9741666666666666 0.65 0.015 0.016666666666666666
5 0.27166666666666667 0.45166666666666666 0.01 0.008333333333333333
