5 0.38 0.3616666666666667 0.015 0.018333333333333333
5 0.6916666666666667 0.9433333333333334 0.011666666666666667 0.01
5 0.295 0.99 0.006666666666666667 0.006666666666666667
5 0.8908333333333334 0.8016666666666666 0.013333333333333334 0.011666666666666667
5 0.5325 0.019166666666666665 0.011666666666666667 0.011666666666666667
5 0.37333333333333335 0.36833333333333335 0.008333333333333333 0.008333333333333333
5 0.995 0.15166666666666667 0.008333333333333333 0.008333333333333333
5 0.5416666666666666 0.2775 0.01 0.01
5 0.6066666666666667 0.021666666666666667 0.013333333333333334 0.013333333333333334
5 0.48083333333333333 0.95 0.01 0.01
5 0.2275 0.035833333333333335 0.008333333333333333 0.008333333333333333
5 0.26 0.2175 0.013333333333333334 0.013333333333333334
5 0.9441666666666667 0.6191666666666666 0.008333333333333333 0.008333333333333333
0 0.5908333333333333 0.36666666666666664 0.021666666666666667 0.02
