5 0.35333333333333333 0.3325 0.008333333333333333 0.008333333333333333
5 0.43416666666666665 0.895 0.013333333333333334 0.016666666666666666
5 0.5525 0.0175 0.023333333333333334 0.02
5 0.0525 0.7083333333333334 0.0033333333333333335 0.005
5 0.07916666666666666 0.8208333333333333 0.006666666666666667 0.006666666666666667
5 0.05333333333333334 0.725 0.008333333333333333 0.008333333333333333
5 0.6808333333333333 0.9516666666666667 0.008333333333333333 0.008333333333333333
5 0.87 0.18916666666666668 0.013333333333333334 0.013333333333333334
5 0.015833333333333335 0.9308333333333333 0.013333333333333334 0.013333333333333334
5 0.9158333333333334 0.016666666666666666 0.008333333333333333 0.008333333333333333
5 0.5808333333333333 0.7016666666666667 0.01 0.01
5 0.25 0.77 0.006666666666666667 0.005
5 0.06166666666666667 0.11833333333333333 0.008333333333333333 0.008333333333333333
5 0.9416666666666667 0.6975 0.011666666666666667 0.011666666666666667
0 0.06166666666666667 0.9875 0.018333333333333333 0.015
0 0.6766666666666666 0.20166666666666666 0.013333333333333334 0.015
0 0.2175 0.02666666666666667 0.01 0.011666666666666667
0 0.8766666666666667 0.095 0.01 0.011666666666666667
0 0.47833333333333333 0.6541666666666667 0.008333333333333333 0.008333333333333333
0 0.6258333333333334 0.3308333333333333 0.008333333333333333 0.011666666666666667
0 0.1825 0.98 0.015 0.015
0 0.19583333333333333 0.105 0.011666666666666667 0.013333333333333334
0 0.9525 0.7116666666666667 0.021666666666666667 0.025
