5 0.14333333333333334 0.6583333333333333 0.008333333333333333 0.008333333333333333
5 0.255 0.49 0.006666666666666667 0.006666666666666667
5 0.20916666666666667 0.6216666666666667 0.008333333333333333 0.008333333333333333
5 0.7408333333333333 0.21333333333333335 0.008333333333333333 0.008333333333333333
5 0.07333333333333333 0.825 0.01 0.01
5 0.37166666666666665 0.8066666666666666 0.01 0.01
5 0.015833333333333335 0.7391666666666666 0.008333333333333333 0.008333333333333333
5 0.5058333333333334 0.5325 0.006666666666666667 0.006666666666666667
5 0.3408333333333333 0.79 0.013333333333333334 0.01
5 0.19333333333333333 0.13 0.015 0.011666666666666667
5 0.5916666666666667 0.365 0.013333333333333334 0.013333333333333334
5 0.6366666666666667 0.19916666666666666 0.01 0.011666666666666667
5 0.565 0.035 0.01 0.01
5 0.8158333333333333 0.06916666666666667 0.006666666666666667 0.006666666666666667
5 0.5591666666666667 0.9425 0.008333333333333333 0.008333333333333333
0 0.5925 0.1 0.01 0.011666666666666667
0 0.4041666666666667 0.009166666666666667 0.013333333333333334 0.013333333333333334
0 0.6 0.9125 0.018333333333333333 0.015
0 0.8425 0.3775 0.008333333333333333 0.01
0 0.5666666666666667 0.03916666666666667 0.025 0.04833333333333333
