5 0.7716666666666666 0.3925 0.016666666666666666 0.015
5 0.2816666666666667 0.9508333333333333 0.016666666666666666 0.018333333333333333
5 0.9383333333333334 0.9733333333333334 0.015 0.011666666666666667
5 0.7191666666666666 0.8216666666666667 0.015 0.013333333333333334
5 0.1475 0.010833333333333334 0.013333333333333334 0.013333333333333334
5 0.7025 0.41333333333333333 0.016666666666666666 0.016666666666666666
0 0.065 0.8616666666666667 0.015 0.015
0 0.03166666666666667 0.49583333333333335 0.018333333333333333 0.02666666666666667
0 0.7208333333333333 0.9575 0.008333333333333333 0.008333333333333333
0 0.5883333333333334 0.4708333333333333 0.028333333333333332 0.025
0 0.5533333333333333 0.31166666666666665 0.016666666666666666 0.015
3 0.055 0.24666666666666667 0.0875 0.06666666666666667
3 0.5725 0.48583333333333334 0.10833333333333334 0.041666666666666664
