1.0 0.18459166666666663 0.3861916666666667 0.026583333333333334 0.028358333333333333
1.0 0.1850083333333333 0.8178583333333334 0.03575833333333333 0.0392
1.0 0.8318 0.2193666666666667 0.03476666666666667 0.03836666666666667
5.0 0.7319833333333333 0.21912500000000001 0.007425 0.005908333333333333
5 0.6391666666666667 0.5883333333333334 0.018333333333333333 0.021666666666666667
5 0.24666666666666667 0.61 0.01 0.01
5 0.023333333333333334 0.5975 0.013333333333333334 0.013333333333333334
5 0.2808333333333333 0.02666666666666667 0.006666666666666667 0.006666666666666667
5 0.5208333333333334 0.26666666666666666 0.01 0.01
5 0.08416666666666667 0.19666666666666666 0.008333333333333333 0.008333333333333333
5 0.17083333333333334 0.2808333333333333 0.006666666666666667 0.006666666666666667
5 0.23916666666666667 0.365 0.005 0.005
5 0.9925 0.29833333333333334 0.008333333333333333 0.01
