5 0.1375 0.35833333333333334 0.011666666666666667 0.011666666666666667
5 0.475 0.5425 0.01 0.01
5 0.675 0.6566666666666666 0.016666666666666666 0.018333333333333333
5 0.3 0.5466666666666666 0.013333333333333334 0.025
5 0.04 0.16916666666666666 0.006666666666666667 0.006666666666666667
5 0.5658333333333333 0.5516666666666666 0.008333333333333333 0.008333333333333333
5 0.2525 0.17083333333333334 0.016666666666666666 0.015
5 0.4125 0.5558333333333333 0.023333333333333334 0.02
5 0.9483333333333334 0.8958333333333334 0.011666666666666667 0.013333333333333334
5 0.78 0.15416666666666667 0.006666666666666667 0.006666666666666667
5 0.9 0.3075 0.008333333333333333 0.008333333333333333
0 0.4041666666666667 0.2991666666666667 0.023333333333333334 0.02666666666666667
0 0.9241666666666667 0.685 0.018333333333333333 0.016666666666666666
0 0.1275 0.3725 0.013333333333333334 0.011666666666666667
0 0.35 0.5725 0.02 0.021666666666666667
0 0.2925 0.465 0.011666666666666667 0.011666666666666667
