7.0 0.56605 0.47916180150125104 0.15110833333333334 0.724211843202669
5 0.12583333333333332 0.3358333333333333 0.013333333333333334 0.013333333333333334
5 0.20083333333333334 0.47333333333333333 0.006666666666666667 0.006666666666666667
5 0.14666666666666667 0.5225 0.02 0.016666666666666666
5 0.8216666666666667 0.8316666666666667 0.008333333333333333 0.008333333333333333
5 0.2475 0.11333333333333333 0.01 0.01
5 0.25583333333333336 0.665 0.013333333333333334 0.013333333333333334
5 0.5333333333333333 0.6675 0.01 0.01
5 0.9166666666666666 0.4708333333333333 0.011666666666666667 0.011666666666666667
5 0.0825 0.285 0.01 0.01
