5 0.4058333333333333 0.925 0.02 0.015
5 0.10916666666666666 0.0675 0.011666666666666667 0.015
5 0.9675 0.025 0.013333333333333334 0.013333333333333334
5 0.27666666666666667 0.12083333333333333 0.008333333333333333 0.008333333333333333
5 0.17666666666666667 0.5175 0.011666666666666667 0.011666666666666667
5 0.8025 0.5058333333333334 0.008333333333333333 0.008333333333333333
5 0.09083333333333334 0.32666666666666666 0.01 0.01
5 0.8175 0.29333333333333333 0.006666666666666667 0.005
5 0.31083333333333335 0.20833333333333334 0.006666666666666667 0.008333333333333333
5 0.2841666666666667 0.6758333333333333 0.01 0.01
5 0.655 0.6491666666666667 0.013333333333333334 0.013333333333333334
5 0.8366666666666667 0.63 0.015 0.015
5 0.7583333333333333 0.49666666666666665 0.01 0.01
5 0.16666666666666666 0.9616666666666667 0.016666666666666666 0.015
5 0.175 0.4008333333333333 0.008333333333333333 0.008333333333333333
5 0.4266666666666667 0.9041666666666667 0.011666666666666667 0.01
