1.0 0.187575 0.3880254378648874 0.026591666666666666 0.025904920767306088
1.0 0.7521333333333333 0.7763240200166805 0.025916666666666668 0.025054211843202667
1.0 0.6709916666666667 0.289918682235196 0.03294166666666667 0.034261884904086735
5 0.42333333333333334 0.7441666666666666 0.008333333333333333 0.008333333333333333
5 0.1675 0.42333333333333334 0.018333333333333333 0.016666666666666666
5 0.15 0.6033333333333334 0.008333333333333333 0.008333333333333333
5 0.6833333333333333 0.029166666666666667 0.013333333333333334 0.013333333333333334
5 0.5833333333333334 0.4775 0.011666666666666667 0.011666666666666667
5 0.14583333333333334 0.6208333333333333 0.011666666666666667 0.011666666666666667
5 0.44 0.28833333333333333 0.015 0.016666666666666666
5 0.535 0.16 0.011666666666666667 0.011666666666666667
5 0.5808333333333333 0.7433333333333333 0.023333333333333334 0.02
5 0.9141666666666667 0.9483333333333334 0.006666666666666667 0.01
5 0.30833333333333335 0.9858333333333333 0.011666666666666667 0.011666666666666667
5 0.9291666666666667 0.45666666666666667 0.016666666666666666 0.015
5 0.5441666666666667 0.5383333333333333 0.013333333333333334 0.013333333333333334
5 0.8216666666666667 0.0525 0.008333333333333333 0.008333333333333333
