5 0.10416666666666667 0.15666666666666668 0.018333333333333333 0.016666666666666666
5 0.2875 0.255 0.006666666666666667 0.006666666666666667
5 0.9266666666666666 0.5608333333333333 0.013333333333333334 0.011666666666666667
5 0.6533333333333333 0.3408333333333333 0.006666666666666667 0.006666666666666667
5 0.4 0.6741666666666667 0.011666666666666667 0.013333333333333334
5 0.82 0.016666666666666666 0.008333333333333333 0.01
5 0.9841666666666666 0.6566666666666666 0.006666666666666667 0.006666666666666667
5 0.7291666666666666 0.9625 0.016666666666666666 0.035
5 0.63 0.8641666666666666 0.008333333333333333 0.008333333333333333
5 0.9458333333333333 0.45166666666666666 0.011666666666666667 0.011666666666666667
5 0.6716666666666666 0.015833333333333335 0.011666666666666667 0.01
5 0.3325 0.09166666666666666 0.011666666666666667 0.01
5 0.6808333333333333 0.8208333333333333 0.02 0.018333333333333333
