8.0 0.225975 0.5626499999999999 0.2840666666666667 0.6424333333333333
8.0 0.526525 0.6829916666666667 0.3133583333333333 0.24582500000000002
5 0.665 0.2925 0.013333333333333334 0.013333333333333334
5 0.4925 0.92 0.015 0.011666666666666667
5 0.2791666666666667 0.9075 0.008333333333333333 0.008333333333333333
5 0.4666666666666667 0.305 0.006666666666666667 0.008333333333333333
5 0.8208333333333333 0.1125 0.018333333333333333 0.021666666666666667
5 0.12 0.20166666666666666 0.013333333333333334 0.015
5 0.09666666666666666 0.695 0.011666666666666667 0.01
5 0.4725 0.49166666666666664 0.018333333333333333 0.021666666666666667
5 0.685 0.2816666666666667 0.006666666666666667 0.005
5 0.8383333333333334 0.7725 0.016666666666666666 0.016666666666666666
5 0.3883333333333333 0.825 0.01 0.01
0 0.5241666666666667 0.5241666666666667 0.011666666666666667 0.013333333333333334
0 0.15166666666666667 0.9308333333333333 0.008333333333333333 0.008333333333333333
0 0.17666666666666667 0.3491666666666667 0.03333333333333333 0.03166666666666667
0 0.13166666666666665 0.36583333333333334 0.023333333333333334 0.018333333333333333
0 0.5008333333333334 0.14333333333333334 0.01 0.01
6 0.9191666666666667 0.56 0.041666666666666664 0.021666666666666667
6 0.2075 0.505 0.028333333333333332 0.041666666666666664
