5 0.25916666666666666 0.7533333333333333 0.011666666666666667 0.01
5 0.5516666666666666 0.7625 0.005 0.005
5 0.4633333333333333 0.8166666666666667 0.013333333333333334 0.013333333333333334
5 0.25083333333333335 0.32166666666666666 0.01 0.01
5 0.28833333333333333 0.44416666666666665 0.013333333333333334 0.01
5 0.85 0.2225 0.008333333333333333 0.008333333333333333
5 0.915 0.37833333333333335 0.016666666666666666 0.015
5 0.09833333333333333 0.5758333333333333 0.006666666666666667 0.008333333333333333
5 0.6508333333333334 0.265 0.006666666666666667 0.008333333333333333
5 0.9575 0.295 0.011666666666666667 0.011666666666666667
5 0.10166666666666667 0.28833333333333333 0.02 0.02
5 0.19833333333333333 0.31416666666666665 0.008333333333333333 0.008333333333333333
5 0.09333333333333334 0.34833333333333333 0.02 0.016666666666666666
5 0.023333333333333334 0.9816666666666667 0.011666666666666667 0.011666666666666667
5 0.23666666666666666 0.1825 0.013333333333333334 0.01
5 0.8675 0.8883333333333333 0.011666666666666667 0.011666666666666667
5 0.27166666666666667 0.8775 0.018333333333333333 0.016666666666666666
5 0.6925 0.43916666666666665 0.006666666666666667 0.008333333333333333
0 0.9758333333333333 0.29583333333333334 0.016666666666666666 0.016666666666666666
0 0.2633333333333333 0.3925 0.018333333333333333 0.02
0 0.5166666666666667 0.5608333333333333 0.01 0.01
0 0.5716666666666667 0.9708333333333333 0.011666666666666667 0.011666666666666667
0 0.7633333333333333 0.23833333333333334 0.025 0.02
0 0.06666666666666667 0.235 0.015 0.023333333333333334
0 0.4891666666666667 0.9558333333333333 0.013333333333333334 0.011666666666666667
0 0.8466666666666667 0.7683333333333333 0.02666666666666667 0.028333333333333332
0 0.5425 0.7266666666666667 0.015 0.015
