5 0.07666666666666666 0.38916666666666666 0.008333333333333333 0.008333333333333333
5 0.775 0.5108333333333334 0.015 0.015
5 0.6541666666666667 0.06583333333333333 0.008333333333333333 0.008333333333333333
5 0.115 0.05 0.011666666666666667 0.011666666666666667
5 0.06416666666666666 0.30833333333333335 0.01 0.01
5 0.7966666666666666 0.24833333333333332 0.015 0.011666666666666667
5 0.6666666666666666 0.11833333333333333 0.008333333333333333 0.008333333333333333
5 0.15416666666666667 0.5683333333333334 0.008333333333333333 0.008333333333333333
5 0.6141666666666666 0.035 0.013333333333333334 0.013333333333333334
5 0.27 0.8041666666666667 0.016666666666666666 0.015
5 0.6866666666666666 0.32916666666666666 0.011666666666666667 0.008333333333333333
5 0.10083333333333333 0.4166666666666667 0.016666666666666666 0.015
5 0.9416666666666667 0.41333333333333333 0.008333333333333333 0.008333333333333333
5 0.5275 0.7991666666666667 0.008333333333333333 0.008333333333333333
5 0.93 0.8183333333333334 0.011666666666666667 0.01
5 0.16416666666666666 0.45666666666666667 0.006666666666666667 0.006666666666666667
