5 0.2 0.9541666666666667 0.008333333333333333 0.008333333333333333
5 0.6183333333333333 0.135 0.013333333333333334 0.025
5 0.5641666666666667 0.9541666666666667 0.008333333333333333 0.008333333333333333
5 0.5358333333333334 0.6433333333333333 0.013333333333333334 0.013333333333333334
5 0.2941666666666667 0.5166666666666667 0.006666666666666667 0.006666666666666667
5 0.31666666666666665 0.17833333333333334 0.006666666666666667 0.006666666666666667
5 0.29333333333333333 0.5041666666666667 0.008333333333333333 0.008333333333333333
5 0.36916666666666664 0.2791666666666667 0.013333333333333334 0.01
5 0.14666666666666667 0.7475 0.01 0.011666666666666667
5 0.024166666666666666 0.18583333333333332 0.015 0.013333333333333334
5 0.5183333333333333 0.37666666666666665 0.013333333333333334 0.013333333333333334
5 0.9808333333333333 0.3875 0.023333333333333334 0.02
5 0.24833333333333332 0.17833333333333334 0.006666666666666667 0.006666666666666667
5 0.5291666666666667 0.7341666666666666 0.006666666666666667 0.01
5 0.7058333333333333 0.49416666666666664 0.0033333333333333335 0.005
5 0.9066666666666666 0.545 0.008333333333333333 0.008333333333333333
5 0.37333333333333335 0.7066666666666667 0.008333333333333333 0.008333333333333333
