4.0 0.19305 0.8204166666666666 0.117875 0.05416666666666667
4.0 0.356225 0.4176416666666667 0.052975 0.12083333333333333
4.0 0.8526833333333333 0.13221666666666665 0.120475 0.061116666666666666
5 0.26 0.47 0.02 0.015
5 0.75 0.04 0.008333333333333333 0.01
5 0.43166666666666664 0.9008333333333334 0.02 0.02
5 0.9791666666666666 0.07333333333333333 0.01 0.01
5 0.3925 0.35 0.013333333333333334 0.013333333333333334
5 0.9908333333333333 0.9433333333333334 0.01 0.011666666666666667
5 0.0975 0.2941666666666667 0.013333333333333334 0.011666666666666667
5 0.14166666666666666 0.4625 0.006666666666666667 0.006666666666666667
5 0.6525 0.0125 0.008333333333333333 0.008333333333333333
5 0.9733333333333334 0.6183333333333333 0.016666666666666666 0.018333333333333333
5 0.65 0.25166666666666665 0.008333333333333333 0.008333333333333333
5 0.7591666666666667 0.10916666666666666 0.015 0.015
5 0.9916666666666667 0.3566666666666667 0.01 0.01
5 0.905 0.44666666666666666 0.011666666666666667 0.011666666666666667
0 0.1375 0.11 0.011666666666666667 0.011666666666666667
0 0.485 0.5875 0.008333333333333333 0.008333333333333333
