5 0.8675 0.6816666666666666 0.011666666666666667 0.01
5 0.5933333333333334 0.88 0.013333333333333334 0.015
5 0.7275 0.6466666666666666 0.008333333333333333 0.008333333333333333
5 0.9141666666666667 0.9408333333333333 0.008333333333333333 0.008333333333333333
5 0.30333333333333334 0.9675 0.008333333333333333 0.008333333333333333
5 0.21833333333333332 0.835 0.015 0.015
5 0.0825 0.12916666666666668 0.008333333333333333 0.008333333333333333
5 0.96 0.13416666666666666 0.013333333333333334 0.011666666666666667
5 0.13916666666666666 0.8958333333333334 0.01 0.008333333333333333
0 0.7975 0.5716666666666667 0.015 0.011666666666666667
