5 0.43833333333333335 0.05416666666666667 0.008333333333333333 0.008333333333333333
5 0.69 0.565 0.013333333333333334 0.011666666666666667
5 0.12916666666666668 0.17333333333333334 0.011666666666666667 0.01
5 0.6941666666666667 0.5733333333333334 0.011666666666666667 0.011666666666666667
5 0.7983333333333333 0.7775 0.018333333333333333 0.021666666666666667
5 0.21083333333333334 0.16333333333333333 0.008333333333333333 0.008333333333333333
5 0.8175 0.8133333333333334 0.013333333333333334 0.015
5 0.9125 0.465 0.016666666666666666 0.015
5 0.38083333333333336 0.8941666666666667 0.008333333333333333 0.006666666666666667
0 0.5833333333333334 0.21333333333333335 0.013333333333333334 0.015
0 0.28583333333333333 0.9816666666666667 0.016666666666666666 0.015
0 0.8616666666666667 0.44333333333333336 0.008333333333333333 0.008333333333333333
0 0.46166666666666667 0.5358333333333334 0.01 0.011666666666666667
