5 0.5308333333333334 0.7083333333333334 0.016666666666666666 0.02
5 0.3275 0.8383333333333334 0.008333333333333333 0.008333333333333333
5 0.8925 0.37 0.016666666666666666 0.016666666666666666
5 0.20666666666666667 0.7108333333333333 0.02 0.018333333333333333
5 0.9825 0.455 0.008333333333333333 0.006666666666666667
5 0.0325 0.4 0.016666666666666666 0.018333333333333333
5 0.5241666666666667 0.12166666666666667 0.0033333333333333335 0.005
5 0.5341666666666667 0.8316666666666667 0.008333333333333333 0.006666666666666667
5 0.3283333333333333 0.8825 0.016666666666666666 0.015
5 0.43416666666666665 0.02 0.013333333333333334 0.013333333333333334
5 0.8583333333333333 0.9475 0.01 0.011666666666666667
5 0.8041666666666667 0.5175 0.008333333333333333 0.008333333333333333
5 0.6716666666666666 0.9275 0.015 0.013333333333333334
