5 0.5116666666666667 0.7441666666666666 0.016666666666666666 0.011666666666666667
5 0.043333333333333335 0.7258333333333333 0.013333333333333334 0.011666666666666667
5 0.7558333333333334 0.795 0.01 0.011666666666666667
5 0.20666666666666667 0.6 0.011666666666666667 0.011666666666666667
5 0.3 0.9475 0.011666666666666667 0.011666666666666667
5 0.31833333333333336 0.5775 0.016666666666666666 0.015
5 0.79 0.3475 0.008333333333333333 0.006666666666666667
5 0.6208333333333333 0.9775 0.01 0.011666666666666667
5 0.38416666666666666 0.57 0.018333333333333333 0.021666666666666667
5 0.5158333333333334 0.1025 0.008333333333333333 0.008333333333333333
5 0.9275 0.4925 0.011666666666666667 0.011666666666666667
5 0.49166666666666664 0.155 0.008333333333333333 0.008333333333333333
0 0.2825 0.9866666666666667 0.013333333333333334 0.011666666666666667
0 0.014166666666666666 0.18916666666666668 0.021666666666666667 0.025
0 0.25583333333333336 0.37333333333333335 0.011666666666666667 0.013333333333333334
0 0.29583333333333334 0.1425 0.01 0.013333333333333334
0 0.7016666666666667 0.695 0.015 0.015
0 0.0425 0.8091666666666667 0.016666666666666666 0.015
0 0.3416666666666667 0.9291666666666667 0.015 0.02
0 0.075 0.7316666666666667 0.021666666666666667 0.021666666666666667
