5 0.5316666666666666 0.625 0.006666666666666667 0.006666666666666667
5 0.10416666666666667 0.15666666666666668 0.015 0.015
5 0.44916666666666666 0.8458333333333333 0.008333333333333333 0.01
5 0.8833333333333333 0.44166666666666665 0.016666666666666666 0.015
5 0.8941666666666667 0.7425 0.015 0.016666666666666666
5 0.605 0.9875 0.006666666666666667 0.006666666666666667
5 0.6591666666666667 0.825 0.006666666666666667 0.008333333333333333
5 0.98 0.9525 0.013333333333333334 0.015
5 0.395 0.0325 0.01 0.008333333333333333
5 0.5333333333333333 0.8391666666666666 0.01 0.01
0 0.03916666666666667 0.7 0.03166666666666667 0.02666666666666667
0 0.3416666666666667 0.31166666666666665 0.011666666666666667 0.013333333333333334
0 0.21916666666666668 0.9808333333333333 0.021666666666666667 0.023333333333333334
0 0.021666666666666667 0.8941666666666667 0.016666666666666666 0.016666666666666666
0 0.49 0.4275 0.016666666666666666 0.015
0 0.6775 0.9541666666666667 0.025 0.028333333333333332
