8.0 0.220975 0.5809833333333333 0.2840666666666667 0.6424333333333333
8.0 0.521525 0.7013250000000001 0.3133583333333333 0.24582500000000002
5 0.9325 0.4483333333333333 0.01 0.01
5 0.5008333333333334 0.6 0.015 0.013333333333333334
5 0.9275 0.725 0.015 0.011666666666666667
5 0.6575 0.3125 0.008333333333333333 0.008333333333333333
5 0.21 0.36083333333333334 0.008333333333333333 0.008333333333333333
5 0.18583333333333332 0.6958333333333333 0.013333333333333334 0.013333333333333334
5 0.53 0.07333333333333333 0.021666666666666667 0.018333333333333333
5 0.6925 0.39416666666666667 0.016666666666666666 0.015
5 0.9466666666666667 0.19 0.008333333333333333 0.008333333333333333
5 0.06916666666666667 0.7675 0.01 0.008333333333333333
5 0.3175 0.021666666666666667 0.008333333333333333 0.008333333333333333
0 0.1625 0.6108333333333333 0.013333333333333334 0.015
0 0.185 0.7383333333333333 0.008333333333333333 0.008333333333333333
