4.0 0.17388333333333333 0.8095833333333333 0.117875 0.05416666666666667
4.0 0.33705833333333335 0.4068083333333334 0.052975 0.12083333333333333
4.0 0.8335166666666667 0.12138333333333334 0.120475 0.061116666666666666
5 0.5975 0.86 0.021666666666666667 0.02
5 0.5875 0.9816666666666667 0.015 0.021666666666666667
5 0.16166666666666665 0.5241666666666667 0.008333333333333333 0.008333333333333333
5 0.16833333333333333 0.5383333333333333 0.016666666666666666 0.018333333333333333
5 0.27 0.3333333333333333 0.008333333333333333 0.008333333333333333
5 0.5158333333333334 0.6625 0.013333333333333334 0.011666666666666667
5 0.0675 0.595 0.013333333333333334 0.013333333333333334
5 0.6275 0.225 0.008333333333333333 0.006666666666666667
5 0.6025 0.4425 0.015 0.013333333333333334
