5 0.19 0.31 0.011666666666666667 0.011666666666666667
5 0.5841666666666666 0.4141666666666667 0.008333333333333333 0.008333333333333333
5 0.11083333333333334 0.8475 0.011666666666666667 0.011666666666666667
5 0.9583333333333334 0.18916666666666668 0.016666666666666666 0.015
5 0.7541666666666667 0.675 0.01 0.01
5 0.6716666666666666 0.8016666666666666 0.018333333333333333 0.016666666666666666
5 0.08333333333333333 0.2525 0.008333333333333333 0.008333333333333333
5 0.38166666666666665 0.8333333333333334 0.008333333333333333 0.008333333333333333
5 0.3625 0.5408333333333334 0.011666666666666667 0.011666666666666667
5 0.6425 0.14 0.006666666666666667 0.006666666666666667
5 0.6908333333333333 0.6041666666666666 0.013333333333333334 0.015
