5 0.9833333333333333 0.9233333333333333 0.01 0.008333333333333333
5 0.9833333333333333 0.043333333333333335 0.006666666666666667 0.008333333333333333
5 0.85 0.3383333333333333 0.013333333333333334 0.013333333333333334
5 0.805 0.05333333333333334 0.008333333333333333 0.008333333333333333
5 0.435 0.08833333333333333 0.011666666666666667 0.01
0 0.7025 0.9208333333333333 0.023333333333333334 0.023333333333333334
0 0.8141666666666667 0.2675 0.008333333333333333 0.008333333333333333
0 0.5991666666666666 0.25166666666666665 0.018333333333333333 0.018333333333333333
0 0.22583333333333333 0.9041666666666667 0.023333333333333334 0.018333333333333333
0 0.955 0.11583333333333333 0.021666666666666667 0.025
0 0.9175 0.7225 0.011666666666666667 0.013333333333333334
0 0.7483333333333333 0.915 0.025 0.028333333333333332
