5 0.06333333333333334 0.4533333333333333 0.008333333333333333 0.008333333333333333
5 0.5583333333333333 0.12 0.015 0.015
5 0.034166666666666665 0.9308333333333333 0.013333333333333334 0.015
5 0.29333333333333333 0.6691666666666667 0.01 0.01
5 0.5666666666666667 0.6491666666666667 0.008333333333333333 0.008333333333333333
5 0.035833333333333335 0.045 0.008333333333333333 0.008333333333333333
5 0.5466666666666666 0.9675 0.011666666666666667 0.013333333333333334
5 0.08833333333333333 0.29 0.008333333333333333 0.008333333333333333
5 0.9741666666666666 0.8141666666666667 0.01 0.01
5 0.6508333333333334 0.8875 0.011666666666666667 0.011666666666666667
5 0.68 0.6275 0.006666666666666667 0.01
5 0.12666666666666668 0.011666666666666667 0.015 0.013333333333333334
5 0.3 0.8166666666666667 0.008333333333333333 0.008333333333333333
5 0.049166666666666664 0.8641666666666666 0.01 0.01
5 0.5291666666666667 0.9016666666666666 0.013333333333333334 0.013333333333333334
5 0.7591666666666667 0.9783333333333334 0.013333333333333334 0.015
0 0.07166666666666667 0.36333333333333334 0.011666666666666667 0.011666666666666667
0 0.3491666666666667 0.9225 0.016666666666666666 0.016666666666666666
0 0.030833333333333334 0.4775 0.035 0.04
0 0.88 0.4 0.02 0.021666666666666667
3 0.1525 0.5141666666666667 0.0375 0.03333333333333333
3 0.5808333333333333 0.8958333333333334 0.05 0.020833333333333332
