5 0.13166666666666665 0.5558333333333333 0.008333333333333333 0.008333333333333333
5 0.30416666666666664 0.5008333333333334 0.01 0.01
5 0.23 0.04833333333333333 0.011666666666666667 0.015
5 0.38416666666666666 0.13583333333333333 0.013333333333333334 0.025
5 0.5966666666666667 0.5133333333333333 0.008333333333333333 0.008333333333333333
5 0.26416666666666666 0.26416666666666666 0.016666666666666666 0.015
5 0.6583333333333333 0.4716666666666667 0.013333333333333334 0.013333333333333334
5 0.5233333333333333 0.43666666666666665 0.013333333333333334 0.013333333333333334
5 0.7175 0.9516666666666667 0.015 0.015
5 0.645 0.09416666666666666 0.01 0.01
5 0.5958333333333333 0.18333333333333332 0.013333333333333334 0.015
5 0.6016666666666667 0.61 0.011666666666666667 0.01
5 0.6008333333333333 0.795 0.02 0.016666666666666666
5 0.2425 0.9383333333333334 0.006666666666666667 0.008333333333333333
5 0.5333333333333333 0.11833333333333333 0.008333333333333333 0.008333333333333333
5 0.7166666666666667 0.15333333333333332 0.01 0.008333333333333333
5 0.7116666666666667 0.33 0.005 0.005
