5 0.9408333333333333 0.5583333333333333 0.011666666666666667 0.011666666666666667
5 0.6575 0.1625 0.021666666666666667 0.021666666666666667
5 0.45166666666666666 0.11916666666666667 0.011666666666666667 0.01
5 0.4666666666666667 0.7125 0.008333333333333333 0.008333333333333333
5 0.5483333333333333 0.6791666666666667 0.01 0.008333333333333333
5 0.31416666666666665 0.5116666666666667 0.013333333333333334 0.013333333333333334
5 0.9066666666666666 0.8575 0.006666666666666667 0.005
5 0.225 0.07083333333333333 0.008333333333333333 0.008333333333333333
5 0.43416666666666665 0.8333333333333334 0.008333333333333333 0.008333333333333333
5 0.38333333333333336 0.9608333333333333 0.01 0.011666666666666667
5 0.07583333333333334 0.3358333333333333 0.008333333333333333 0.008333333333333333
5 0.4741666666666667 0.4033333333333333 0.01 0.011666666666666667
3 0.7316666666666667 0.6616666666666666 0.11666666666666667 0.175
