5 0.5833333333333334 0.9066666666666666 0.016666666666666666 0.018333333333333333
5 0.6033333333333334 0.5533333333333333 0.011666666666666667 0.011666666666666667
5 0.3441666666666667 0.1875 0.01 0.01
5 0.23333333333333334 0.9525 0.01 0.011666666666666667
5 0.03666666666666667 0.23166666666666666 0.008333333333333333 0.008333333333333333
5 0.39666666666666667 0.5141666666666667 0.015 0.018333333333333333
5 0.9658333333333333 0.8333333333333334 0.006666666666666667 0.008333333333333333
5 0.62 0.2658333333333333 0.01 0.01
0 0.8575 0.5425 0.008333333333333333 0.008333333333333333
0 0.2825 0.22083333333333333 0.01 0.01
0 0.31083333333333335 0.9791666666666666 0.015 0.021666666666666667
