5 0.9458333333333333 0.13916666666666666 0.011666666666666667 0.011666666666666667
5 0.925 0.19166666666666668 0.015 0.013333333333333334
5 0.2575 0.17166666666666666 0.006666666666666667 0.008333333333333333
5 0.5108333333333334 0.16 0.015 0.011666666666666667
5 0.49333333333333335 0.3333333333333333 0.016666666666666666 0.015
0 0.875 0.8783333333333333 0.013333333333333334 0.01
0 0.2791666666666667 0.7316666666666667 0.023333333333333334 0.018333333333333333
0 0.8808333333333334 0.935 0.03333333333333333 0.028333333333333332
0 0.7283333333333334 0.8608333333333333 0.013333333333333334 0.016666666666666666
0 0.06166666666666667 0.6891666666666667 0.01 0.01
0 0.835 0.8425 0.025 0.02
0 0.3383333333333333 0.7125 0.021666666666666667 0.023333333333333334
