5 0.9075 0.4925 0.01 0.01
5 0.395 0.7366666666666667 0.011666666666666667 0.011666666666666667
5 0.38916666666666666 0.265 0.013333333333333334 0.013333333333333334
5 0.75 0.28583333333333333 0.011666666666666667 0.01
5 0.5408333333333334 0.26916666666666667 0.008333333333333333 0.008333333333333333
5 0.99 0.2608333333333333 0.006666666666666667 0.005
5 0.22416666666666665 0.18833333333333332 0.011666666666666667 0.01
5 0.30416666666666664 0.51 0.008333333333333333 0.008333333333333333
5 0.125 0.9725 0.006666666666666667 0.006666666666666667
5 0.4775 0.9283333333333333 0.008333333333333333 0.008333333333333333
5 0.33666666666666667 0.2891666666666667 0.011666666666666667 0.011666666666666667
5 0.5741666666666667 0.2675 0.006666666666666667 0.006666666666666667
5 0.9383333333333334 0.3416666666666667 0.016666666666666666 0.018333333333333333
5 0.3516666666666667 0.2825 0.013333333333333334 0.013333333333333334
5 0.6875 0.9066666666666666 0.016666666666666666 0.02
5 0.9683333333333334 0.6975 0.011666666666666667 0.01
5 0.2733333333333333 0.41 0.008333333333333333 0.008333333333333333
