8.0 0.30159166666666676 0.5655455935501807 0.3353 0.6538782318598833
5 0.09916666666666667 0.12333333333333334 0.013333333333333334 0.015
5 0.5441666666666667 0.22916666666666666 0.016666666666666666 0.015
5 0.8175 0.9141666666666667 0.01 0.01
5 0.2808333333333333 0.5575 0.006666666666666667 0.008333333333333333
5 0.3416666666666667 0.16 0.01 0.01
5 0.875 0.6616666666666666 0.008333333333333333 0.008333333333333333
5 0.24916666666666668 0.5641666666666667 0.006666666666666667 0.006666666666666667
5 0.3466666666666667 0.2125 0.016666666666666666 0.035
5 0.8775 0.7491666666666666 0.01 0.01
5 0.5375 0.6866666666666666 0.01 0.011666666666666667
5 0.20916666666666667 0.7483333333333333 0.01 0.008333333333333333
5 0.805 0.37333333333333335 0.006666666666666667 0.006666666666666667
5 0.9125 0.0575 0.011666666666666667 0.013333333333333334
5 0.8816666666666667 0.905 0.008333333333333333 0.008333333333333333
5 0.21 0.8341666666666666 0.013333333333333334 0.011666666666666667
5 0.11333333333333333 0.495 0.018333333333333333 0.016666666666666666
5 0.71 0.1825 0.006666666666666667 0.008333333333333333
5 0.2833333333333333 0.755 0.011666666666666667 0.011666666666666667
5 0.14166666666666666 0.6125 0.008333333333333333 0.01
0 0.5375 0.20833333333333334 0.011666666666666667 0.013333333333333334
0 0.5491666666666667 0.9325 0.018333333333333333 0.015
0 0.65 0.9808333333333333 0.01 0.015
0 0.32916666666666666 0.034166666666666665 0.011666666666666667 0.01
