5 0.37583333333333335 0.6375 0.021666666666666667 0.021666666666666667
5 0.645 0.034166666666666665 0.006666666666666667 0.008333333333333333
5 0.6225 0.06 0.01 0.01
5 0.011666666666666667 0.19083333333333333 0.021666666666666667 0.02
5 0.16583333333333333 0.5733333333333334 0.006666666666666667 0.008333333333333333
5 0.6133333333333333 0.49833333333333335 0.006666666666666667 0.005
5 0.14166666666666666 0.7491666666666666 0.016666666666666666 0.015
5 0.65 0.25166666666666665 0.008333333333333333 0.008333333333333333
5 0.03 0.43083333333333335 0.015 0.021666666666666667
5 0.49583333333333335 0.5533333333333333 0.018333333333333333 0.016666666666666666
5 0.2 0.0075 0.013333333333333334 0.013333333333333334
5 0.42083333333333334 0.7008333333333333 0.013333333333333334 0.013333333333333334
5 0.07083333333333333 0.9141666666666667 0.013333333333333334 0.025
5 0.30083333333333334 0.1175 0.01 0.01
5 0.6008333333333333 0.795 0.018333333333333333 0.021666666666666667
5 0.5408333333333334 0.8191666666666667 0.006666666666666667 0.008333333333333333
5 0.38 0.2625 0.013333333333333334 0.011666666666666667
0 0.4066666666666667 0.18416666666666667 0.01 0.011666666666666667
