7.0 0.54925 0.48053725326661106 0.15805833333333333 0.7297748123436196
5 0.11333333333333333 0.7766666666666666 0.008333333333333333 0.008333333333333333
5 0.42083333333333334 0.165 0.008333333333333333 0.01
5 0.15 0.21916666666666668 0.011666666666666667 0.015
5 0.675 0.9108333333333334 0.015 0.013333333333333334
5 0.8233333333333334 0.415 0.013333333333333334 0.013333333333333334
5 0.8891666666666667 0.405 0.013333333333333334 0.011666666666666667
5 0.12666666666666668 0.16083333333333333 0.015 0.015
5 0.49 0.5208333333333334 0.015 0.015
5 0.18416666666666667 0.8108333333333333 0.01 0.01
5 0.04083333333333333 0.8366666666666667 0.011666666666666667 0.011666666666666667
0 0.8825 0.23583333333333334 0.015 0.013333333333333334
0 0.33166666666666667 0.05333333333333334 0.02 0.02
0 0.3233333333333333 0.2825 0.023333333333333334 0.018333333333333333
0 0.5291666666666667 0.18916666666666668 0.02 0.021666666666666667
0 0.09333333333333334 0.9041666666666667 0.016666666666666666 0.018333333333333333
0 0.15333333333333332 0.44 0.01 0.015
0 0.14666666666666667 0.24416666666666667 0.018333333333333333 0.018333333333333333
0 0.22416666666666665 0.7758333333333334 0.011666666666666667 0.013333333333333334
