5 0.9675 0.6333333333333333 0.008333333333333333 0.01
5 0.7816666666666666 0.18083333333333335 0.013333333333333334 0.016666666666666666
5 0.8225 0.79 0.011666666666666667 0.011666666666666667
5 0.8675 0.5366666666666666 0.018333333333333333 0.021666666666666667
5 0.3433333333333333 0.675 0.011666666666666667 0.013333333333333334
5 0.8133333333333334 0.71 0.006666666666666667 0.006666666666666667
5 0.5691666666666667 0.4766666666666667 0.008333333333333333 0.008333333333333333
5 0.41833333333333333 0.8233333333333334 0.006666666666666667 0.006666666666666667
5 0.3441666666666667 0.4041666666666667 0.01 0.011666666666666667
5 0.69 0.29833333333333334 0.015 0.011666666666666667
5 0.9883333333333333 0.6083333333333333 0.013333333333333334 0.013333333333333334
5 0.13333333333333333 0.39166666666666666 0.008333333333333333 0.006666666666666667
5 0.6375 0.6491666666666667 0.008333333333333333 0.008333333333333333
5 0.035833333333333335 0.9566666666666667 0.008333333333333333 0.008333333333333333
5 0.31583333333333335 0.025 0.006666666666666667 0.008333333333333333
5 0.6275 0.028333333333333332 0.008333333333333333 0.006666666666666667
5 0.018333333333333333 0.7683333333333333 0.015 0.016666666666666666
5 0.645 0.95 0.008333333333333333 0.006666666666666667
5 0.31083333333333335 0.125 0.011666666666666667 0.011666666666666667
0 0.6366666666666667 0.17166666666666666 0.013333333333333334 0.011666666666666667
0 0.6675 0.9316666666666666 0.018333333333333333 0.015
0 0.1325 0.3491666666666667 0.011666666666666667 0.011666666666666667
0 0.5641666666666667 0.9358333333333333 0.021666666666666667 0.02
