2.0 0.12749166666666667 0.22712121212121217 0.13731666666666667 0.05281901584653878
2.0 0.84755 0.2875882680011121 0.10520833333333333 0.07089241034195162
2.0 0.28719999999999996 0.7497817625799278 0.06229166666666667 0.09174311926605505
5 0.07833333333333334 0.7666666666666667 0.008333333333333333 0.008333333333333333
5 0.25583333333333336 0.15833333333333333 0.008333333333333333 0.01
5 0.735 0.6616666666666666 0.018333333333333333 0.016666666666666666
5 0.44333333333333336 0.44333333333333336 0.015 0.018333333333333333
5 0.18833333333333332 0.5733333333333334 0.008333333333333333 0.008333333333333333
5 0.2758333333333333 0.225 0.01 0.01
5 0.7691666666666667 0.8591666666666666 0.008333333333333333 0.008333333333333333
5 0.8183333333333334 0.7141666666666666 0.023333333333333334 0.02
5 0.5058333333333334 0.6133333333333333 0.01 0.01
5 0.37166666666666665 0.9441666666666667 0.013333333333333334 0.013333333333333334
5 0.9158333333333334 0.17416666666666666 0.006666666666666667 0.006666666666666667
5 0.9416666666666667 0.4225 0.016666666666666666 0.015
5 0.8808333333333334 0.2725 0.011666666666666667 0.01
5 0.5291666666666667 0.43 0.015 0.013333333333333334
5 0.8575 0.8258333333333333 0.008333333333333333 0.008333333333333333
5 0.4266666666666667 0.06916666666666667 0.008333333333333333 0.008333333333333333
5 0.08666666666666667 0.7875 0.008333333333333333 0.008333333333333333
0 0.8616666666666667 0.8666666666666667 0.013333333333333334 0.008333333333333333
0 0.8175 0.6225 0.025 0.028333333333333332
0 0.49583333333333335 0.019166666666666665 0.018333333333333333 0.02
