8.0 0.3016117597998332 0.5104102564102564 0.25005004170141787 0.7171880341880342
5 0.09166666666666666 0.25166666666666665 0.013333333333333334 0.013333333333333334
5 0.8375 0.5641666666666667 0.006666666666666667 0.008333333333333333
5 0.8475 0.23833333333333334 0.006666666666666667 0.008333333333333333
5 0.6091666666666666 0.6091666666666666 0.011666666666666667 0.011666666666666667
5 0.9 0.6083333333333333 0.015 0.013333333333333334
5 0.7466666666666667 0.7633333333333333 0.013333333333333334 0.013333333333333334
5 0.045 0.5758333333333333 0.008333333333333333 0.008333333333333333
5 0.675 0.5533333333333333 0.015 0.015
5 0.5191666666666667 0.3175 0.011666666666666667 0.011666666666666667
5 0.33416666666666667 0.25583333333333336 0.011666666666666667 0.01
5 0.7008333333333333 0.9166666666666666 0.008333333333333333 0.008333333333333333
5 0.32083333333333336 0.07 0.01 0.008333333333333333
5 0.8833333333333333 0.6 0.008333333333333333 0.008333333333333333
5 0.6241666666666666 0.23 0.021666666666666667 0.018333333333333333
5 0.6466666666666666 0.22833333333333333 0.013333333333333334 0.013333333333333334
5 0.0475 0.45416666666666666 0.011666666666666667 0.01
0 0.8766666666666667 0.7941666666666667 0.008333333333333333 0.008333333333333333
0 0.295 0.27666666666666667 0.018333333333333333 0.018333333333333333
0 0.32166666666666666 0.5358333333333334 0.02 0.028333333333333332
