5 0.6258333333333334 0.9375 0.01 0.01
5 0.765 0.685 0.01 0.01
5 0.5675 0.18416666666666667 0.011666666666666667 0.01
5 0.42 0.9508333333333333 0.008333333333333333 0.006666666666666667
5 0.9808333333333333 0.18416666666666667 0.008333333333333333 0.006666666666666667
5 0.08 0.010833333333333334 0.01 0.008333333333333333
5 0.37583333333333335 0.5433333333333333 0.006666666666666667 0.006666666666666667
5 0.15666666666666668 0.12833333333333333 0.011666666666666667 0.011666666666666667
5 0.4325 0.7525 0.008333333333333333 0.01
5 0.4666666666666667 0.22833333333333333 0.008333333333333333 0.008333333333333333
5 0.22333333333333333 0.5125 0.015 0.011666666666666667
5 0.7558333333333334 0.9883333333333333 0.013333333333333334 0.013333333333333334
5 0.08833333333333333 0.7016666666666667 0.013333333333333334 0.011666666666666667
5 0.3125 0.30916666666666665 0.006666666666666667 0.005
5 0.10083333333333333 0.79 0.011666666666666667 0.011666666666666667
5 0.12416666666666666 0.7008333333333333 0.016666666666666666 0.015
5 0.075 0.8116666666666666 0.011666666666666667 0.01
0 0.805 0.2225 0.01 0.01
