5 0.3525 0.2575 0.011666666666666667 0.011666666666666667
5 0.6841666666666667 0.345 0.01 0.01
5 0.2791666666666667 0.2608333333333333 0.008333333333333333 0.008333333333333333
0 0.5741666666666667 0.8425 0.01 0.011666666666666667
0 0.37833333333333335 0.42916666666666664 0.021666666666666667 0.021666666666666667
0 0.8533333333333334 0.9908333333333333 0.011666666666666667 0.01
0 0.3875 0.38916666666666666 0.021666666666666667 0.023333333333333334
0 0.5991666666666666 0.49583333333333335 0.023333333333333334 0.018333333333333333
0 0.585 0.235 0.011666666666666667 0.013333333333333334
0 0.3358333333333333 0.7241666666666666 0.023333333333333334 0.018333333333333333
