5 0.445 0.7125 0.01 0.01
5 0.835 0.5666666666666667 0.013333333333333334 0.013333333333333334
5 0.8908333333333334 0.37833333333333335 0.01 0.01
5 0.20083333333333334 0.9166666666666666 0.013333333333333334 0.013333333333333334
5 0.30666666666666664 0.8633333333333333 0.016666666666666666 0.02
5 0.8316666666666667 0.5325 0.008333333333333333 0.008333333333333333
5 0.79 0.45 0.008333333333333333 0.008333333333333333
5 0.6491666666666667 0.24416666666666667 0.008333333333333333 0.01
5 0.6858333333333333 0.8875 0.006666666666666667 0.008333333333333333
0 0.7858333333333334 0.9241666666666667 0.01 0.01
0 0.4083333333333333 0.5508333333333333 0.03333333333333333 0.03333333333333333
0 0.4091666666666667 0.19833333333333333 0.011666666666666667 0.013333333333333334
0 0.21583333333333332 0.7808333333333334 0.01 0.01
0 0.32 0.5308333333333334 0.028333333333333332 0.025
