5 0.465 0.9566666666666667 0.01 0.008333333333333333
5 0.8391666666666666 0.5858333333333333 0.02 0.016666666666666666
5 0.8225 0.96 0.01 0.01
5 0.6225 0.5308333333333334 0.015 0.015
5 0.1675 0.075 0.008333333333333333 0.006666666666666667
5 0.9575 0.7966666666666666 0.008333333333333333 0.01
5 0.8483333333333334 0.5091666666666667 0.008333333333333333 0.008333333333333333
5 0.8941666666666667 0.15083333333333335 0.016666666666666666 0.02
5 0.8741666666666666 0.62 0.011666666666666667 0.011666666666666667
5 0.86 0.09 0.01 0.011666666666666667
5 0.8858333333333334 0.8733333333333333 0.013333333333333334 0.015
5 0.48333333333333334 0.058333333333333334 0.006666666666666667 0.006666666666666667
5 0.27666666666666667 0.8408333333333333 0.008333333333333333 0.01
0 0.5416666666666666 0.7916666666666666 0.016666666666666666 0.016666666666666666
0 0.5825 0.04416666666666667 0.016666666666666666 0.018333333333333333
3 0.525 0.19166666666666668 0.10833333333333334 0.041666666666666664
