5 0.7525 0.6758333333333333 0.008333333333333333 0.008333333333333333
5 0.8583333333333333 0.24666666666666667 0.018333333333333333 0.018333333333333333
5 0.10916666666666666 0.30333333333333334 0.013333333333333334 0.016666666666666666
5 0.13916666666666666 0.23333333333333334 0.018333333333333333 0.021666666666666667
5 0.4 0.9441666666666667 0.013333333333333334 0.01
5 0.7066666666666667 0.8391666666666666 0.013333333333333334 0.013333333333333334
5 0.355 0.105 0.008333333333333333 0.008333333333333333
5 0.5475 0.8741666666666666 0.013333333333333334 0.015
5 0.17833333333333334 0.925 0.01 0.01
5 0.205 0.21083333333333334 0.015 0.013333333333333334
5 0.7258333333333333 0.8108333333333333 0.015 0.013333333333333334
5 0.535 0.6516666666666666 0.013333333333333334 0.011666666666666667
5 0.25666666666666665 0.7675 0.008333333333333333 0.006666666666666667
