5 0.81 0.43916666666666665 0.021666666666666667 0.018333333333333333
5 0.44 0.5008333333333334 0.015 0.015
5 0.8541666666666666 0.2075 0.013333333333333334 0.013333333333333334
5 0.6958333333333333 0.3283333333333333 0.016666666666666666 0.018333333333333333
5 0.5641666666666667 0.18833333333333332 0.01 0.01
5 0.3025 0.5 0.006666666666666667 0.008333333333333333
5 0.29 0.4791666666666667 0.008333333333333333 0.008333333333333333
5 0.41333333333333333 0.42 0.016666666666666666 0.015
5 0.8733333333333333 0.24416666666666667 0.01 0.01
0 0.32 0.27 0.028333333333333332 0.03166666666666667
0 0.2816666666666667 0.7683333333333333 0.013333333333333334 0.013333333333333334
0 0.685 0.5758333333333333 0.03333333333333333 0.03166666666666667
3 0.5533333333333333 0.7166666666666667 0.05 0.020833333333333332
3 0.79 0.45416666666666666 0.23333333333333334 0.125
