5 0.655 0.75 0.02 0.016666666666666666
5 0.17083333333333334 0.20083333333333334 0.016666666666666666 0.018333333333333333
5 0.7325 0.685 0.01 0.01
5 0.38666666666666666 0.21 0.01 0.011666666666666667
5 0.5408333333333334 0.5 0.008333333333333333 0.008333333333333333
5 0.034166666666666665 0.09666666666666666 0.013333333333333334 0.013333333333333334
5 0.7133333333333334 0.0925 0.008333333333333333 0.008333333333333333
5 0.42 0.5858333333333333 0.023333333333333334 0.021666666666666667
5 0.050833333333333335 0.7958333333333333 0.008333333333333333 0.008333333333333333
5 0.43416666666666665 0.9558333333333333 0.01 0.01
5 0.5325 0.145 0.011666666666666667 0.01
5 0.5908333333333333 0.9666666666666667 0.013333333333333334 0.013333333333333334
5 0.34 0.9891666666666666 0.015 0.021666666666666667
5 0.115 0.07833333333333334 0.01 0.01
5 0.24416666666666667 0.8625 0.01 0.011666666666666667
5 0.30583333333333335 0.5416666666666666 0.008333333333333333 0.008333333333333333
5 0.5116666666666667 0.9658333333333333 0.008333333333333333 0.006666666666666667
5 0.09833333333333333 0.8808333333333334 0.016666666666666666 0.015
5 0.25583333333333336 0.925 0.015 0.013333333333333334
