5 0.11333333333333333 0.395 0.008333333333333333 0.008333333333333333
5 0.35333333333333333 0.0375 0.008333333333333333 0.008333333333333333
5 0.051666666666666666 0.5891666666666666 0.01 0.01
5 0.7683333333333333 0.2683333333333333 0.016666666666666666 0.015
5 0.7741666666666667 0.32166666666666666 0.005 0.006666666666666667
5 0.016666666666666666 0.21333333333333335 0.008333333333333333 0.008333333333333333
5 0.7491666666666666 0.6116666666666667 0.008333333333333333 0.006666666666666667
5 0.6 0.7816666666666666 0.01 0.008333333333333333
5 0.22916666666666666 0.4275 0.011666666666666667 0.011666666666666667
5 0.615 0.14916666666666667 0.018333333333333333 0.025
5 0.7933333333333333 0.2991666666666667 0.008333333333333333 0.006666666666666667
5 0.14916666666666667 0.7466666666666667 0.016666666666666666 0.02
5 0.16583333333333333 0.535 0.006666666666666667 0.01
5 0.5616666666666666 0.45416666666666666 0.011666666666666667 0.011666666666666667
