5 0.3433333333333333 0.085 0.008333333333333333 0.008333333333333333
5 0.18833333333333332 0.9325 0.01 0.01
5 0.030833333333333334 0.04833333333333333 0.016666666666666666 0.015
5 0.45916666666666667 0.15 0.01 0.011666666666666667
5 0.8591666666666666 0.0875 0.01 0.008333333333333333
5 0.945 0.7616666666666667 0.01 0.011666666666666667
5 0.8741666666666666 0.125 0.023333333333333334 0.02
5 0.81 0.6991666666666667 0.01 0.01
5 0.7025 0.36583333333333334 0.02 0.021666666666666667
5 0.7133333333333334 0.24916666666666668 0.008333333333333333 0.008333333333333333
5 0.8675 0.565 0.013333333333333334 0.015
5 0.6783333333333333 0.20416666666666666 0.008333333333333333 0.008333333333333333
5 0.675 0.6733333333333333 0.01 0.008333333333333333
