5 0.3883333333333333 0.5116666666666667 0.01 0.01
5 0.37416666666666665 0.1675 0.016666666666666666 0.02
5 0.225 0.8991666666666667 0.016666666666666666 0.015
5 0.5533333333333333 0.8791666666666667 0.018333333333333333 0.016666666666666666
5 0.29583333333333334 0.32166666666666666 0.011666666666666667 0.011666666666666667
5 0.5825 0.6241666666666666 0.008333333333333333 0.008333333333333333
5 0.7191666666666666 0.6333333333333333 0.011666666666666667 0.01
5 0.8683333333333333 0.07583333333333334 0.008333333333333333 0.01
5 0.15916666666666668 0.42083333333333334 0.01 0.01
5 0.235 0.43166666666666664 0.0033333333333333335 0.005
5 0.4266666666666667 0.7616666666666667 0.016666666666666666 0.016666666666666666
5 0.3525 0.4066666666666667 0.006666666666666667 0.008333333333333333
5 0.9233333333333333 0.1925 0.011666666666666667 0.011666666666666667
5 0.17583333333333334 0.7091666666666666 0.011666666666666667 0.011666666666666667
5 0.765 0.8408333333333333 0.01 0.01
5 0.5525 0.8333333333333334 0.015 0.015
5 0.010833333333333334 0.9125 0.013333333333333334 0.011666666666666667
5 0.9108333333333334 0.39916666666666667 0.01 0.01
