5 0.23666666666666666 0.7841666666666667 0.006666666666666667 0.006666666666666667
5 0.505 0.6441666666666667 0.011666666666666667 0.011666666666666667
5 0.30333333333333334 0.10916666666666666 0.008333333333333333 0.008333333333333333
5 0.1375 0.7825 0.008333333333333333 0.008333333333333333
5 0.49666666666666665 0.7975 0.021666666666666667 0.02
5 0.5091666666666667 0.44416666666666665 0.013333333333333334 0.013333333333333334
5 0.30583333333333335 0.39 0.016666666666666666 0.015
5 0.9175 0.48833333333333334 0.013333333333333334 0.013333333333333334
5 0.8533333333333334 0.3591666666666667 0.01 0.011666666666666667
5 0.9625 0.5275 0.006666666666666667 0.006666666666666667
5 0.5366666666666666 0.2625 0.008333333333333333 0.01
0 0.8516666666666667 0.33166666666666667 0.02 0.021666666666666667
0 0.16416666666666666 0.8933333333333333 0.021666666666666667 0.023333333333333334
0 0.38083333333333336 0.305 0.023333333333333334 0.023333333333333334
0 0.9316666666666666 0.415 0.016666666666666666 0.016666666666666666
0 0.5183333333333333 0.02 0.018333333333333333 0.016666666666666666
