7.0 0.5527166666666667 0.48082846816791774 0.15110833333333334 0.724211843202669
5 0.4141666666666667 0.5675 0.013333333333333334 0.013333333333333334
5 0.3466666666666667 0.24833333333333332 0.006666666666666667 0.006666666666666667
5 0.2941666666666667 0.445 0.013333333333333334 0.013333333333333334
5 0.21166666666666667 0.3383333333333333 0.008333333333333333 0.008333333333333333
5 0.32 0.44583333333333336 0.013333333333333334 0.01
5 0.16083333333333333 0.9558333333333333 0.018333333333333333 0.016666666666666666
5 0.17916666666666667 0.4125 0.008333333333333333 0.008333333333333333
5 0.6858333333333333 0.13666666666666666 0.01 0.01
5 0.4083333333333333 0.09833333333333333 0.01 0.01
5 0.33666666666666667 0.8566666666666667 0.01 0.011666666666666667
5 0.04666666666666667 0.6458333333333334 0.008333333333333333 0.008333333333333333
5 0.535 0.1 0.01 0.01
5 0.014166666666666666 0.8058333333333333 0.008333333333333333 0.008333333333333333
5 0.8341666666666666 0.6425 0.008333333333333333 0.008333333333333333
5 0.3983333333333333 0.16916666666666666 0.006666666666666667 0.01
5 0.7 0.9141666666666667 0.008333333333333333 0.008333333333333333
5 0.25916666666666666 0.07083333333333333 0.013333333333333334 0.011666666666666667
5 0.4625 0.8133333333333334 0.011666666666666667 0.011666666666666667
