5 0.25666666666666665 0.6608333333333334 0.011666666666666667 0.011666666666666667
5 0.975 0.4741666666666667 0.01 0.01
5 0.94 0.4866666666666667 0.015 0.015
5 0.43 0.2833333333333333 0.016666666666666666 0.011666666666666667
5 0.8716666666666667 0.32666666666666666 0.01 0.008333333333333333
5 0.19333333333333333 0.8291666666666667 0.011666666666666667 0.013333333333333334
5 0.21 0.015833333333333335 0.016666666666666666 0.016666666666666666
5 0.3475 0.08 0.008333333333333333 0.01
5 0.9016666666666666 0.9641666666666666 0.018333333333333333 0.025
5 0.3475 0.8141666666666667 0.016666666666666666 0.015
5 0.9883333333333333 0.4708333333333333 0.02 0.016666666666666666
5 0.405 0.4583333333333333 0.013333333333333334 0.011666666666666667
5 0.14166666666666666 0.29333333333333333 0.01 0.011666666666666667
5 0.8841666666666667 0.45916666666666667 0.013333333333333334 0.013333333333333334
5 0.6691666666666667 0.33916666666666667 0.013333333333333334 0.013333333333333334
5 0.455 0.6233333333333333 0.008333333333333333 0.008333333333333333
5 0.19916666666666666 0.13833333333333334 0.011666666666666667 0.01
5 0.5275 0.9075 0.011666666666666667 0.011666666666666667
0 0.6525 0.6541666666666667 0.023333333333333334 0.023333333333333334
