5 0.6708333333333333 0.08833333333333333 0.016666666666666666 0.015
5 0.19583333333333333 0.8883333333333333 0.011666666666666667 0.01
5 0.7866666666666666 0.17083333333333334 0.013333333333333334 0.013333333333333334
5 0.9508333333333333 0.7825 0.013333333333333334 0.01
5 0.4425 0.7866666666666666 0.011666666666666667 0.013333333333333334
5 0.45916666666666667 0.2733333333333333 0.011666666666666667 0.01
5 0.62 0.9191666666666667 0.015 0.013333333333333334
5 0.7216666666666667 0.5166666666666667 0.015 0.015
5 0.9891666666666666 0.3541666666666667 0.01 0.01
5 0.875 0.7466666666666667 0.016666666666666666 0.015
5 0.2275 0.75 0.006666666666666667 0.006666666666666667
