5 0.30333333333333334 0.9433333333333334 0.008333333333333333 0.01
5 0.5075 0.8616666666666667 0.01 0.01
5 0.11333333333333333 0.4066666666666667 0.016666666666666666 0.015
5 0.7116666666666667 0.6366666666666667 0.013333333333333334 0.013333333333333334
5 0.5558333333333333 0.7808333333333334 0.008333333333333333 0.008333333333333333
5 0.0675 0.6325 0.008333333333333333 0.008333333333333333
5 0.8908333333333334 0.125 0.015 0.015
5 0.5283333333333333 0.5958333333333333 0.011666666666666667 0.01
5 0.37916666666666665 0.0275 0.013333333333333334 0.011666666666666667
5 0.8733333333333333 0.0275 0.011666666666666667 0.011666666666666667
3 0.215 0.2833333333333333 0.23333333333333334 0.125
