5 0.9025 0.8891666666666667 0.011666666666666667 0.011666666666666667
5 0.17833333333333334 0.28833333333333333 0.008333333333333333 0.008333333333333333
5 0.8858333333333334 0.06583333333333333 0.01 0.011666666666666667
5 0.8225 0.7991666666666667 0.008333333333333333 0.008333333333333333
5 0.185 0.36833333333333335 0.013333333333333334 0.013333333333333334
5 0.8283333333333334 0.04583333333333333 0.008333333333333333 0.01
5 0.7991666666666667 0.09166666666666666 0.021666666666666667 0.018333333333333333
5 0.5533333333333333 0.08 0.015 0.016666666666666666
5 0.7941666666666667 0.4116666666666667 0.008333333333333333 0.01
5 0.7025 0.7 0.008333333333333333 0.01
5 0.045 0.775 0.011666666666666667 0.015
5 0.018333333333333333 0.2633333333333333 0.013333333333333334 0.015
5 0.2925 0.5466666666666666 0.006666666666666667 0.008333333333333333
5 0.86 0.5341666666666667 0.01 0.011666666666666667
5 0.8741666666666666 0.6141666666666666 0.01 0.008333333333333333
