5 0.47333333333333333 0.45666666666666667 0.015 0.018333333333333333
5 0.3775 0.18333333333333332 0.006666666666666667 0.006666666666666667
0 0.5575 0.6308333333333334 0.02 0.021666666666666667
0 0.5141666666666667 0.8125 0.013333333333333334 0.011666666666666667
0 0.7966666666666666 0.0975 0.011666666666666667 0.013333333333333334
0 0.2425 0.735 0.023333333333333334 0.018333333333333333
0 0.9108333333333334 0.49333333333333335 0.015 0.015
0 0.7766666666666666 0.44416666666666665 0.02 0.021666666666666667
0 0.9708333333333333 0.5291666666666667 0.023333333333333334 0.018333333333333333
0 0.5975 0.7025 0.03333333333333333 0.028333333333333332
