5 0.9408333333333333 0.7941666666666667 0.011666666666666667 0.011666666666666667
5 0.245 0.075 0.01 0.008333333333333333
5 0.9366666666666666 0.30583333333333335 0.01 0.01
5 0.11333333333333333 0.7433333333333333 0.01 0.008333333333333333
5 0.8858333333333334 0.5708333333333333 0.015 0.015
5 0.13166666666666665 0.5608333333333333 0.011666666666666667 0.011666666666666667
5 0.49166666666666664 0.2916666666666667 0.01 0.01
5 0.9533333333333334 0.9758333333333333 0.013333333333333334 0.013333333333333334
5 0.6983333333333334 0.455 0.015 0.016666666666666666
5 0.030833333333333334 0.9 0.01 0.01
5 0.7608333333333334 0.73 0.008333333333333333 0.006666666666666667
5 0.4241666666666667 0.7466666666666667 0.01 0.01
5 0.6566666666666666 0.7816666666666666 0.006666666666666667 0.005
5 0.135 0.075 0.011666666666666667 0.015
5 0.08166666666666667 0.5058333333333334 0.015 0.013333333333333334
5 0.38166666666666665 0.88 0.005 0.006666666666666667
5 0.7433333333333333 0.5016666666666667 0.008333333333333333 0.008333333333333333
