5 0.25583333333333336 0.22916666666666666 0.01 0.008333333333333333
5 0.8908333333333334 0.21 0.013333333333333334 0.013333333333333334
5 0.8141666666666667 0.6558333333333334 0.01 0.01
5 0.9016666666666666 0.23583333333333334 0.016666666666666666 0.016666666666666666
5 0.12083333333333333 0.5158333333333334 0.006666666666666667 0.006666666666666667
5 0.31083333333333335 0.2725 0.013333333333333334 0.013333333333333334
5 0.6391666666666667 0.48083333333333333 0.011666666666666667 0.011666666666666667
5 0.25 0.17166666666666666 0.011666666666666667 0.01
5 0.5333333333333333 0.4175 0.008333333333333333 0.008333333333333333
5 0.5866666666666667 0.8041666666666667 0.005 0.005
5 0.14833333333333334 0.14083333333333334 0.006666666666666667 0.006666666666666667
5 0.6341666666666667 0.6658333333333334 0.016666666666666666 0.015
5 0.4925 0.8841666666666667 0.013333333333333334 0.01
5 0.016666666666666666 0.8675 0.008333333333333333 0.008333333333333333
5 0.1575 0.4066666666666667 0.011666666666666667 0.011666666666666667
