2.0 0.11700777202072543 0.042962402765773545 0.0516321243523316 0.0677009507346586
2.0 0.8869214162348877 0.2763245462402766 0.048575129533678756 0.1138029386343993
2.0 0.25443436960276344 0.8604472774416594 0.10196891191709845 0.057623163353500435
5 0.17916666666666667 0.1775 0.013333333333333334 0.015
5 0.3225 0.075 0.006666666666666667 0.008333333333333333
5 0.36083333333333334 0.7058333333333333 0.008333333333333333 0.01
5 0.4841666666666667 0.57 0.008333333333333333 0.006666666666666667
5 0.1 0.5983333333333334 0.013333333333333334 0.011666666666666667
5 0.07833333333333334 0.23666666666666666 0.006666666666666667 0.006666666666666667
5 0.3475 0.405 0.006666666666666667 0.008333333333333333
5 0.40166666666666667 0.8683333333333333 0.018333333333333333 0.016666666666666666
5 0.12833333333333333 0.885 0.018333333333333333 0.016666666666666666
5 0.059166666666666666 0.8558333333333333 0.015 0.013333333333333334
5 0.84 0.23333333333333334 0.01 0.011666666666666667
5 0.3458333333333333 0.0625 0.01 0.01
5 0.9833333333333333 0.29583333333333334 0.008333333333333333 0.008333333333333333
5 0.2575 0.8975 0.011666666666666667 0.011666666666666667
5 0.43083333333333335 0.33166666666666667 0.006666666666666667 0.008333333333333333
5 0.11583333333333333 0.2866666666666667 0.008333333333333333 0.008333333333333333
5 0.47333333333333333 0.3258333333333333 0.015 0.013333333333333334
5 0.051666666666666666 0.11583333333333333 0.01 0.01
5 0.8825 0.38416666666666666 0.01 0.01
