5 0.3625 0.19083333333333333 0.018333333333333333 0.016666666666666666
5 0.7125 0.4633333333333333 0.011666666666666667 0.015
5 0.09833333333333333 0.5291666666666667 0.006666666666666667 0.006666666666666667
5 0.235 0.5441666666666667 0.013333333333333334 0.013333333333333334
5 0.0725 0.43 0.015 0.016666666666666666
5 0.9516666666666667 0.15333333333333332 0.01 0.008333333333333333
5 0.8316666666666667 0.9225 0.013333333333333334 0.013333333333333334
5 0.20833333333333334 0.14583333333333334 0.015 0.016666666666666666
5 0.035833333333333335 0.6 0.008333333333333333 0.008333333333333333
5 0.32416666666666666 0.0525 0.02 0.015
6 0.9258333333333333 0.7475 0.028333333333333332 0.058333333333333334
6 0.8183333333333334 0.8808333333333334 0.03333333333333333 0.07833333333333334
