5 0.6433333333333333 0.54 0.016666666666666666 0.015
5 0.7208333333333333 0.7975 0.008333333333333333 0.008333333333333333
5 0.04833333333333333 0.25 0.006666666666666667 0.006666666666666667
5 0.4175 0.7425 0.013333333333333334 0.013333333333333334
5 0.3725 0.23166666666666666 0.008333333333333333 0.008333333333333333
5 0.10916666666666666 0.8783333333333333 0.006666666666666667 0.008333333333333333
5 0.49166666666666664 0.44166666666666665 0.015 0.015
5 0.7408333333333333 0.7725 0.01 0.008333333333333333
5 0.3575 0.71 0.016666666666666666 0.016666666666666666
5 0.39666666666666667 0.37833333333333335 0.006666666666666667 0.006666666666666667
5 0.765 0.6083333333333333 0.015 0.015
5 0.4166666666666667 0.6783333333333333 0.008333333333333333 0.01
