5 0.0225 0.3175 0.013333333333333334 0.013333333333333334
5 0.735 0.8558333333333333 0.008333333333333333 0.008333333333333333
5 0.6466666666666666 0.44 0.01 0.01
5 0.19166666666666668 0.6833333333333333 0.013333333333333334 0.015
5 0.525 0.17166666666666666 0.006666666666666667 0.008333333333333333
5 0.6683333333333333 0.26166666666666666 0.013333333333333334 0.016666666666666666
5 0.44916666666666666 0.785 0.008333333333333333 0.008333333333333333
5 0.2575 0.1375 0.015 0.013333333333333334
5 0.27 0.2025 0.015 0.016666666666666666
5 0.9625 0.08583333333333333 0.011666666666666667 0.011666666666666667
5 0.9075 0.04083333333333333 0.011666666666666667 0.011666666666666667
5 0.435 0.8391666666666666 0.01 0.01
5 0.9733333333333334 0.10166666666666667 0.011666666666666667 0.013333333333333334
5 0.365 0.6583333333333333 0.01 0.01
5 0.0225 0.6733333333333333 0.01 0.01
5 0.9833333333333333 0.5725 0.006666666666666667 0.006666666666666667
5 0.37833333333333335 0.36 0.011666666666666667 0.011666666666666667
5 0.29083333333333333 0.8416666666666667 0.008333333333333333 0.008333333333333333
5 0.065 0.023333333333333334 0.008333333333333333 0.01
0 0.8291666666666667 0.28833333333333333 0.011666666666666667 0.015
0 0.38166666666666665 0.5916666666666667 0.023333333333333334 0.018333333333333333
0 0.5925 0.71 0.018333333333333333 0.02
0 0.021666666666666667 0.11083333333333334 0.025 0.028333333333333332
0 0.12 0.7233333333333334 0.011666666666666667 0.01
0 0.415 0.285 0.03 0.035
