5 0.0775 0.3625 0.023333333333333334 0.02
5 0.25583333333333336 0.755 0.01 0.008333333333333333
5 0.39 0.6475 0.011666666666666667 0.011666666666666667
5 0.2625 0.02666666666666667 0.013333333333333334 0.013333333333333334
5 0.4475 0.36083333333333334 0.018333333333333333 0.016666666666666666
5 0.024166666666666666 0.13166666666666665 0.006666666666666667 0.006666666666666667
5 0.32916666666666666 0.695 0.013333333333333334 0.015
5 0.32166666666666666 0.65 0.008333333333333333 0.008333333333333333
5 0.7158333333333333 0.06583333333333333 0.016666666666666666 0.015
5 0.49583333333333335 0.18 0.02 0.018333333333333333
5 0.8208333333333333 0.445 0.013333333333333334 0.013333333333333334
5 0.7616666666666667 0.15 0.01 0.01
5 0.5108333333333334 0.9908333333333333 0.008333333333333333 0.008333333333333333
5 0.08583333333333333 0.615 0.018333333333333333 0.016666666666666666
5 0.5341666666666667 0.7108333333333333 0.008333333333333333 0.008333333333333333
5 0.6966666666666667 0.23166666666666666 0.006666666666666667 0.005
5 0.99 0.185 0.008333333333333333 0.008333333333333333
5 0.415 0.9091666666666667 0.015 0.015
