5 0.7975 0.8308333333333333 0.01 0.01
5 0.8483333333333334 0.24583333333333332 0.016666666666666666 0.015
5 0.6166666666666667 0.4008333333333333 0.018333333333333333 0.016666666666666666
5 0.5241666666666667 0.15583333333333332 0.008333333333333333 0.008333333333333333
5 0.7225 0.43333333333333335 0.011666666666666667 0.015
5 0.24666666666666667 0.28583333333333333 0.015 0.016666666666666666
5 0.9441666666666667 0.16833333333333333 0.016666666666666666 0.015
5 0.31083333333333335 0.1375 0.016666666666666666 0.016666666666666666
5 0.7 0.8925 0.008333333333333333 0.01
5 0.23166666666666666 0.0825 0.016666666666666666 0.015
5 0.8375 0.7275 0.015 0.013333333333333334
5 0.36583333333333334 0.085 0.015 0.013333333333333334
5 0.7216666666666667 0.6625 0.013333333333333334 0.01
5 0.018333333333333333 0.17666666666666667 0.008333333333333333 0.008333333333333333
5 0.034166666666666665 0.935 0.011666666666666667 0.01
5 0.09583333333333334 0.21833333333333332 0.01 0.011666666666666667
5 0.5641666666666667 0.875 0.008333333333333333 0.008333333333333333
