4.0 0.16305000000000003 0.8170833333333333 0.117875 0.05416666666666667
4.0 0.32622500000000004 0.41430833333333333 0.052975 0.12083333333333333
4.0 0.8226833333333334 0.1288833333333333 0.120475 0.061116666666666666
5 0.6266666666666667 0.44916666666666666 0.008333333333333333 0.006666666666666667
5 0.5791666666666667 0.6025 0.008333333333333333 0.01
5 0.3525 0.82 0.008333333333333333 0.005
5 0.22083333333333333 0.2975 0.006666666666666667 0.006666666666666667
5 0.36833333333333335 0.31666666666666665 0.016666666666666666 0.015
5 0.9125 0.21666666666666667 0.006666666666666667 0.006666666666666667
5 0.3175 0.9575 0.008333333333333333 0.01
5 0.8616666666666667 0.33916666666666667 0.01 0.01
5 0.23 0.4116666666666667 0.008333333333333333 0.008333333333333333
5 0.01 0.2625 0.008333333333333333 0.01
5 0.27666666666666667 0.37333333333333335 0.006666666666666667 0.006666666666666667
5 0.19583333333333333 0.2475 0.011666666666666667 0.011666666666666667
5 0.3258333333333333 0.6558333333333334 0.02 0.021666666666666667
5 0.5766666666666667 0.19583333333333333 0.011666666666666667 0.01
5 0.8816666666666667 0.4025 0.015 0.011666666666666667
