2.0 0.4532916666666667 0.2646629135390603 0.06225 0.07228523769808173
2.0 0.20748333333333338 0.7894085348901863 0.06508333333333333 0.07089241034195162
2.0 0.9337916666666666 0.8707262996941896 0.07602500000000001 0.0750625521267723
0 0.049166666666666664 0.92 0.03 0.03166666666666667
0 0.35083333333333333 0.20083333333333334 0.025 0.028333333333333332
0 0.4625 0.79 0.01 0.011666666666666667
0 0.7041666666666667 0.1 0.02 0.03
0 0.1575 0.235 0.011666666666666667 0.015
0 0.7183333333333334 0.6683333333333333 0.023333333333333334 0.02666666666666667
0 0.36916666666666664 0.9533333333333334 0.015 0.011666666666666667
0 0.9116666666666666 0.16833333333333333 0.021666666666666667 0.028333333333333332
0 0.0075 0.24916666666666668 0.01 0.013333333333333334
