5 0.33166666666666667 0.15583333333333332 0.006666666666666667 0.006666666666666667
5 0.34833333333333333 0.4058333333333333 0.013333333333333334 0.01
5 0.9066666666666666 0.10166666666666667 0.01 0.01
5 0.025 0.07416666666666667 0.01 0.01
5 0.7075 0.6641666666666667 0.013333333333333334 0.013333333333333334
5 0.24916666666666668 0.5225 0.006666666666666667 0.006666666666666667
5 0.425 0.45916666666666667 0.015 0.015
5 0.7508333333333334 0.6558333333333334 0.013333333333333334 0.015
5 0.9125 0.2875 0.01 0.01
5 0.11 0.785 0.008333333333333333 0.008333333333333333
5 0.3675 0.3433333333333333 0.01 0.008333333333333333
5 0.33166666666666667 0.1825 0.006666666666666667 0.006666666666666667
5 0.9883333333333333 0.0625 0.01 0.01
