5 0.5891666666666666 0.6775 0.011666666666666667 0.011666666666666667
5 0.3175 0.42 0.008333333333333333 0.008333333333333333
5 0.42583333333333334 0.22833333333333333 0.013333333333333334 0.013333333333333334
5 0.9175 0.021666666666666667 0.011666666666666667 0.015
5 0.3591666666666667 0.7733333333333333 0.016666666666666666 0.016666666666666666
5 0.6016666666666667 0.405 0.008333333333333333 0.008333333333333333
5 0.9333333333333333 0.5841666666666666 0.01 0.01
5 0.35 0.5116666666666667 0.013333333333333334 0.013333333333333334
5 0.9041666666666667 0.05583333333333333 0.01 0.01
5 0.018333333333333333 0.98 0.008333333333333333 0.008333333333333333
5 0.49583333333333335 0.7116666666666667 0.008333333333333333 0.008333333333333333
5 0.10916666666666666 0.4425 0.008333333333333333 0.008333333333333333
5 0.4175 0.9083333333333333 0.008333333333333333 0.008333333333333333
0 0.3358333333333333 0.3308333333333333 0.02666666666666667 0.023333333333333334
0 0.03833333333333333 0.31666666666666665 0.028333333333333332 0.025
0 0.2175 0.1125 0.008333333333333333 0.008333333333333333
0 0.2525 0.9625 0.02666666666666667 0.03333333333333333
0 0.37333333333333335 0.9083333333333333 0.018333333333333333 0.02666666666666667
0 0.5525 0.4975 0.01 0.013333333333333334
6 0.04666666666666667 0.12583333333333332 0.02666666666666667 0.07333333333333333
6 0.7958333333333333 0.0975 0.03333333333333333 0.06166666666666667
3 0.7083333333333334 0.26666666666666666 0.13333333333333333 0.15833333333333333
3 0.6391666666666667 0.3375 0.11666666666666667 0.175
