8.0 0.2732583333333334 0.5663789268835141 0.3353 0.6538782318598833
5 0.6816666666666666 0.6908333333333333 0.008333333333333333 0.008333333333333333
5 0.015 0.5341666666666667 0.008333333333333333 0.008333333333333333
5 0.48583333333333334 0.6075 0.018333333333333333 0.016666666666666666
5 0.45166666666666666 0.008333333333333333 0.006666666666666667 0.006666666666666667
5 0.605 0.5333333333333333 0.013333333333333334 0.016666666666666666
5 0.7358333333333333 0.5633333333333334 0.006666666666666667 0.006666666666666667
5 0.41083333333333333 0.13666666666666666 0.011666666666666667 0.011666666666666667
5 0.45416666666666666 0.07166666666666667 0.008333333333333333 0.008333333333333333
5 0.755 0.3275 0.015 0.015
5 0.0675 0.7816666666666666 0.011666666666666667 0.013333333333333334
5 0.745 0.3016666666666667 0.008333333333333333 0.008333333333333333
0 0.5866666666666667 0.6208333333333333 0.02 0.013333333333333334
0 0.8625 0.4525 0.015 0.013333333333333334
0 0.655 0.7333333333333333 0.021666666666666667 0.028333333333333332
0 0.06833333333333333 0.03 0.01 0.011666666666666667
0 0.365 0.0125 0.015 0.015
0 0.8266666666666667 0.5766666666666667 0.018333333333333333 0.021666666666666667
