5 0.3425 0.6166666666666667 0.018333333333333333 0.016666666666666666
5 0.7058333333333333 0.6 0.01 0.01
5 0.20833333333333334 0.10666666666666667 0.008333333333333333 0.008333333333333333
5 0.4683333333333333 0.7025 0.011666666666666667 0.011666666666666667
5 0.14666666666666667 0.7325 0.006666666666666667 0.006666666666666667
5 0.7891666666666667 0.8816666666666667 0.011666666666666667 0.01
5 0.7758333333333334 0.58 0.016666666666666666 0.018333333333333333
5 0.305 0.855 0.011666666666666667 0.011666666666666667
5 0.6891666666666667 0.5333333333333333 0.015 0.013333333333333334
5 0.7733333333333333 0.7091666666666666 0.011666666666666667 0.01
5 0.3025 0.18333333333333332 0.013333333333333334 0.013333333333333334
5 0.7025 0.08583333333333333 0.01 0.008333333333333333
5 0.435 0.5791666666666667 0.006666666666666667 0.006666666666666667
5 0.49416666666666664 0.38083333333333336 0.008333333333333333 0.008333333333333333
