5 0.6516666666666666 0.7108333333333333 0.013333333333333334 0.013333333333333334
5 0.8291666666666667 0.7041666666666667 0.013333333333333334 0.013333333333333334
5 0.09333333333333334 0.14916666666666667 0.011666666666666667 0.011666666666666667
5 0.013333333333333334 0.12083333333333333 0.011666666666666667 0.01
5 0.49416666666666664 0.22583333333333333 0.015 0.011666666666666667
5 0.135 0.7908333333333334 0.018333333333333333 0.025
5 0.6208333333333333 0.8091666666666667 0.008333333333333333 0.008333333333333333
5 0.9025 0.73 0.008333333333333333 0.008333333333333333
5 0.015 0.9041666666666667 0.008333333333333333 0.008333333333333333
5 0.1725 0.44166666666666665 0.015 0.013333333333333334
5 0.6475 0.4625 0.006666666666666667 0.008333333333333333
5 0.15166666666666667 0.26916666666666667 0.01 0.01
5 0.2783333333333333 0.31166666666666665 0.011666666666666667 0.011666666666666667
