5 0.05416666666666667 0.7108333333333333 0.008333333333333333 0.008333333333333333
5 0.8416666666666667 0.31666666666666665 0.013333333333333334 0.013333333333333334
5 0.5875 0.8333333333333334 0.011666666666666667 0.011666666666666667
5 0.7008333333333333 0.735 0.01 0.011666666666666667
5 0.9741666666666666 0.545 0.023333333333333334 0.021666666666666667
5 0.019166666666666665 0.545 0.006666666666666667 0.006666666666666667
5 0.26416666666666666 0.6466666666666666 0.015 0.013333333333333334
5 0.25333333333333335 0.63 0.011666666666666667 0.01
5 0.6066666666666667 0.06166666666666667 0.013333333333333334 0.015
5 0.06583333333333333 0.22 0.013333333333333334 0.013333333333333334
0 0.145 0.7566666666666667 0.016666666666666666 0.015
0 0.8716666666666667 0.7858333333333334 0.021666666666666667 0.028333333333333332
0 0.5083333333333333 0.48 0.03333333333333333 0.03166666666666667
0 0.4775 0.013333333333333334 0.021666666666666667 0.021666666666666667
0 0.9675 0.935 0.016666666666666666 0.015
0 0.8708333333333333 0.765 0.008333333333333333 0.01
0 0.04083333333333333 0.6766666666666666 0.008333333333333333 0.008333333333333333
0 0.025 0.41833333333333333 0.008333333333333333 0.008333333333333333
