2.0 0.15348838985640081 0.03281651376146788 0.0731255728689276 0.07339449541284404
2.0 0.6529750992972807 0.5152293577981651 0.05467461044912924 0.05045871559633028
2.0 0.20695310113046134 0.830211009174312 0.08838680109990835 0.0779816513761468
5 0.5083333333333333 0.8825 0.008333333333333333 0.008333333333333333
5 0.8166666666666667 0.5825 0.016666666666666666 0.015
5 0.6441666666666667 0.5925 0.01 0.01
5 0.52 0.6883333333333334 0.01 0.01
5 0.8625 0.8408333333333333 0.01 0.011666666666666667
5 0.0875 0.595 0.008333333333333333 0.008333333333333333
5 0.7641666666666667 0.09833333333333333 0.008333333333333333 0.008333333333333333
5 0.20666666666666667 0.8925 0.011666666666666667 0.01
5 0.59 0.41583333333333333 0.01 0.01
5 0.16833333333333333 0.9133333333333333 0.013333333333333334 0.016666666666666666
5 0.045 0.8766666666666667 0.008333333333333333 0.008333333333333333
5 0.12166666666666667 0.5766666666666667 0.013333333333333334 0.013333333333333334
5 0.8358333333333333 0.7758333333333334 0.015 0.011666666666666667
5 0.9866666666666667 0.8 0.011666666666666667 0.011666666666666667
5 0.7533333333333333 0.915 0.016666666666666666 0.011666666666666667
5 0.8866666666666667 0.6333333333333333 0.011666666666666667 0.015
5 0.105 0.24083333333333334 0.008333333333333333 0.008333333333333333
