8.0 0.5347289156626505 0.6675517454433118 0.10860982391102873 0.27134383688600555
8.0 0.21174467099165892 0.5551235712079086 0.2825671918443003 0.7230583873957368
5 0.3975 0.555 0.015 0.016666666666666666
5 0.4691666666666667 0.4533333333333333 0.006666666666666667 0.006666666666666667
5 0.20833333333333334 0.23833333333333334 0.008333333333333333 0.008333333333333333
5 0.10083333333333333 0.8541666666666666 0.008333333333333333 0.008333333333333333
5 0.9625 0.5233333333333333 0.008333333333333333 0.008333333333333333
5 0.8033333333333333 0.1825 0.01 0.01
5 0.955 0.08666666666666667 0.01 0.008333333333333333
5 0.6566666666666666 0.5866666666666667 0.008333333333333333 0.008333333333333333
5 0.21833333333333332 0.32916666666666666 0.013333333333333334 0.011666666666666667
5 0.1325 0.15 0.008333333333333333 0.01
5 0.3541666666666667 0.3591666666666667 0.01 0.011666666666666667
