5 0.5983333333333334 0.775 0.008333333333333333 0.006666666666666667
5 0.39166666666666666 0.19 0.011666666666666667 0.013333333333333334
5 0.8416666666666667 0.041666666666666664 0.015 0.016666666666666666
5 0.8641666666666666 0.17583333333333334 0.01 0.011666666666666667
5 0.7783333333333333 0.43416666666666665 0.006666666666666667 0.006666666666666667
5 0.4741666666666667 0.3175 0.011666666666666667 0.011666666666666667
5 0.10666666666666667 0.20666666666666667 0.006666666666666667 0.006666666666666667
5 0.22083333333333333 0.9691666666666666 0.02 0.018333333333333333
5 0.9441666666666667 0.9325 0.01 0.01
5 0.31 0.9625 0.013333333333333334 0.013333333333333334
5 0.9183333333333333 0.24916666666666668 0.02 0.02
5 0.845 0.7808333333333334 0.015 0.021666666666666667
5 0.375 0.20666666666666667 0.01 0.01
6 0.49 0.7358333333333333 0.03833333333333333 0.06333333333333334
6 0.055 0.3 0.02666666666666667 0.07333333333333333
6 0.12416666666666666 0.6966666666666667 0.03 0.15333333333333332
