8.0 0.19774444444444447 0.5322288888888889 0.27585777777777776 0.6886844444444444
8.0 0.5163933333333334 0.6514199999999999 0.3336 0.2627911111111111
5 0.058333333333333334 0.5091666666666667 0.008333333333333333 0.005
5 0.9933333333333333 0.7166666666666667 0.008333333333333333 0.008333333333333333
5 0.21 0.8758333333333334 0.008333333333333333 0.008333333333333333
5 0.30833333333333335 0.0475 0.01 0.008333333333333333
5 0.4975 0.13583333333333333 0.008333333333333333 0.008333333333333333
5 0.07 0.4666666666666667 0.011666666666666667 0.011666666666666667
5 0.26416666666666666 0.5966666666666667 0.01 0.011666666666666667
5 0.43 0.945 0.006666666666666667 0.006666666666666667
5 0.7191666666666666 0.08833333333333333 0.011666666666666667 0.011666666666666667
5 0.5283333333333333 0.4575 0.008333333333333333 0.008333333333333333
5 0.3425 0.7241666666666666 0.013333333333333334 0.013333333333333334
5 0.7866666666666666 0.38666666666666666 0.018333333333333333 0.021666666666666667
5 0.4816666666666667 0.265 0.016666666666666666 0.015
5 0.8491666666666666 0.2658333333333333 0.013333333333333334 0.025
5 0.315 0.57 0.008333333333333333 0.008333333333333333
5 0.4866666666666667 0.1675 0.01 0.01
