5 0.3466666666666667 0.98 0.016666666666666666 0.015
5 0.8266666666666667 0.2916666666666667 0.006666666666666667 0.006666666666666667
5 0.12583333333333332 0.23833333333333334 0.008333333333333333 0.008333333333333333
5 0.9166666666666666 0.19666666666666666 0.01 0.01
5 0.31666666666666665 0.7241666666666666 0.01 0.01
5 0.6025 0.7291666666666666 0.013333333333333334 0.013333333333333334
5 0.5141666666666667 0.735 0.01 0.008333333333333333
5 0.9183333333333333 0.7241666666666666 0.008333333333333333 0.008333333333333333
5 0.0825 0.42833333333333334 0.008333333333333333 0.008333333333333333
5 0.7641666666666667 0.9808333333333333 0.01 0.01
5 0.08333333333333333 0.7 0.01 0.011666666666666667
5 0.8308333333333333 0.1575 0.011666666666666667 0.01
5 0.5316666666666666 0.785 0.016666666666666666 0.015
5 0.13833333333333334 0.5091666666666667 0.013333333333333334 0.013333333333333334
0 0.06583333333333333 0.575 0.025 0.02666666666666667
0 0.43666666666666665 0.8841666666666667 0.011666666666666667 0.011666666666666667
0 0.9191666666666667 0.1325 0.028333333333333332 0.025
0 0.31333333333333335 0.6125 0.028333333333333332 0.021666666666666667
0 0.135 0.23583333333333334 0.02666666666666667 0.025
0 0.7766666666666666 0.21083333333333334 0.018333333333333333 0.015
