2.0 0.8678250000000001 0.29097500000000004 0.046875 0.10972499999999999
2.0 0.26025833333333337 0.8555583333333334 0.10118333333333333 0.052774999999999996
2.0 0.12763333333333335 0.06458333333333335 0.04705 0.0625
5.0 0.49565 0.8239416666666667 0.016408333333333334 0.019441666666666666
5 0.9558333333333333 0.8025 0.011666666666666667 0.011666666666666667
5 0.24916666666666668 0.11 0.013333333333333334 0.016666666666666666
5 0.25916666666666666 0.09 0.016666666666666666 0.015
5 0.9175 0.255 0.018333333333333333 0.016666666666666666
5 0.64 0.20916666666666667 0.015 0.013333333333333334
5 0.13083333333333333 0.06833333333333333 0.008333333333333333 0.008333333333333333
5 0.5016666666666667 0.26166666666666666 0.008333333333333333 0.008333333333333333
5 0.5108333333333334 0.25416666666666665 0.01 0.01
5 0.9916666666666667 0.7383333333333333 0.015833333333333335 0.015
5 0.21916666666666668 0.2825 0.008333333333333333 0.008333333333333333
5 0.6683333333333333 0.21833333333333332 0.006666666666666667 0.006666666666666667
5 0.7641666666666667 0.8358333333333333 0.008333333333333333 0.008333333333333333
5 0.16583333333333333 0.8883333333333333 0.008333333333333333 0.008333333333333333
5 0.495 0.31833333333333336 0.01 0.011666666666666667
5 0.255 0.11083333333333334 0.01 0.01
