5 0.015833333333333335 0.05416666666666667 0.013333333333333334 0.015
5 0.08 0.9566666666666667 0.006666666666666667 0.006666666666666667
5 0.43833333333333335 0.73 0.008333333333333333 0.008333333333333333
5 0.48583333333333334 0.6258333333333334 0.018333333333333333 0.021666666666666667
5 0.3858333333333333 0.36 0.011666666666666667 0.01
5 0.5633333333333334 0.41833333333333333 0.016666666666666666 0.015
5 0.3275 0.7666666666666667 0.016666666666666666 0.018333333333333333
5 0.1925 0.23416666666666666 0.01 0.01
5 0.135 0.7116666666666667 0.013333333333333334 0.013333333333333334
5 0.5825 0.6641666666666667 0.01 0.01
5 0.3858333333333333 0.5583333333333333 0.011666666666666667 0.015
5 0.019166666666666665 0.6875 0.011666666666666667 0.011666666666666667
