5 0.7358333333333333 0.42 0.008333333333333333 0.008333333333333333
5 0.08166666666666667 0.7175 0.013333333333333334 0.015
5 0.3233333333333333 0.44583333333333336 0.016666666666666666 0.018333333333333333
5 0.034166666666666665 0.7175 0.018333333333333333 0.025
5 0.024166666666666666 0.7925 0.01 0.01
5 0.13916666666666666 0.19 0.011666666666666667 0.01
5 0.3908333333333333 0.3675 0.016666666666666666 0.015
5 0.6541666666666667 0.8141666666666667 0.011666666666666667 0.013333333333333334
5 0.3375 0.6591666666666667 0.008333333333333333 0.008333333333333333
5 0.6775 0.9141666666666667 0.013333333333333334 0.013333333333333334
5 0.020833333333333332 0.034166666666666665 0.015 0.013333333333333334
5 0.73 0.14583333333333334 0.015 0.013333333333333334
