5 0.9391666666666667 0.44916666666666666 0.01 0.008333333333333333
5 0.8466666666666667 0.9275 0.018333333333333333 0.021666666666666667
5 0.8483333333333334 0.43 0.015 0.011666666666666667
5 0.8391666666666666 0.06166666666666667 0.008333333333333333 0.008333333333333333
5 0.30416666666666664 0.8441666666666666 0.006666666666666667 0.008333333333333333
5 0.5458333333333333 0.11333333333333333 0.008333333333333333 0.008333333333333333
5 0.8783333333333333 0.6983333333333334 0.008333333333333333 0.008333333333333333
5 0.29333333333333333 0.29083333333333333 0.008333333333333333 0.008333333333333333
5 0.1375 0.6233333333333333 0.01 0.011666666666666667
5 0.31833333333333336 0.37166666666666665 0.011666666666666667 0.011666666666666667
5 0.6608333333333334 0.3908333333333333 0.016666666666666666 0.02
5 0.28583333333333333 0.5641666666666667 0.008333333333333333 0.01
5 0.2975 0.35333333333333333 0.008333333333333333 0.008333333333333333
5 0.2708333333333333 0.9191666666666667 0.006666666666666667 0.006666666666666667
0 0.7666666666666667 0.5683333333333334 0.016666666666666666 0.013333333333333334
0 0.11 0.38333333333333336 0.011666666666666667 0.013333333333333334
0 0.056666666666666664 0.8916666666666667 0.011666666666666667 0.013333333333333334
0 0.0425 0.10416666666666667 0.02 0.021666666666666667
