5 0.295 0.655 0.013333333333333334 0.013333333333333334
5 0.5858333333333333 0.4241666666666667 0.015 0.015
5 0.7458333333333333 0.5725 0.015 0.011666666666666667
5 0.59 0.33416666666666667 0.006666666666666667 0.006666666666666667
5 0.26666666666666666 0.3541666666666667 0.016666666666666666 0.015
5 0.17583333333333334 0.019166666666666665 0.008333333333333333 0.01
5 0.7183333333333334 0.5358333333333334 0.016666666666666666 0.015
5 0.325 0.53 0.008333333333333333 0.008333333333333333
5 0.6891666666666667 0.485 0.008333333333333333 0.008333333333333333
5 0.06916666666666667 0.4116666666666667 0.008333333333333333 0.006666666666666667
5 0.7625 0.6425 0.011666666666666667 0.011666666666666667
5 0.125 0.46 0.008333333333333333 0.008333333333333333
5 0.31833333333333336 0.26 0.008333333333333333 0.006666666666666667
5 0.28 0.91 0.008333333333333333 0.006666666666666667
5 0.9633333333333334 0.17916666666666667 0.011666666666666667 0.01
5 0.8633333333333333 0.005 0.006666666666666667 0.006666666666666667
5 0.42 0.25666666666666665 0.013333333333333334 0.013333333333333334
5 0.7483333333333333 0.8958333333333334 0.006666666666666667 0.006666666666666667
6 0.8275 0.2825 0.02 0.028333333333333332
6 0.715 0.7075 0.028333333333333332 0.041666666666666664
