1.0 0.20169166666666669 0.4103648874061718 0.025325 0.025404503753127607
1.0 0.6848916666666667 0.3131922435362802 0.032433333333333335 0.0334278565471226
1.0 0.7659333333333334 0.7983632193494579 0.0244 0.02585487906588824
5 0.9366666666666666 0.99 0.016666666666666666 0.02
5 0.9066666666666666 0.37666666666666665 0.008333333333333333 0.008333333333333333
5 0.8716666666666667 0.07333333333333333 0.006666666666666667 0.008333333333333333
5 0.030833333333333334 0.006666666666666667 0.01 0.011666666666666667
5 0.04833333333333333 0.056666666666666664 0.008333333333333333 0.008333333333333333
5 0.6858333333333333 0.5475 0.016666666666666666 0.02
5 0.25083333333333335 0.6825 0.008333333333333333 0.008333333333333333
5 0.35333333333333333 0.5175 0.015 0.013333333333333334
5 0.7775 0.43333333333333335 0.02 0.02
5 0.2683333333333333 0.64 0.01 0.01
5 0.45666666666666667 0.84 0.013333333333333334 0.011666666666666667
5 0.12083333333333333 0.7275 0.008333333333333333 0.008333333333333333
5 0.435 0.8758333333333334 0.011666666666666667 0.01
5 0.17083333333333334 0.5516666666666666 0.011666666666666667 0.011666666666666667
5 0.035833333333333335 0.31916666666666665 0.008333333333333333 0.008333333333333333
