5 0.43333333333333335 0.32416666666666666 0.006666666666666667 0.006666666666666667
5 0.9558333333333333 0.8783333333333333 0.008333333333333333 0.008333333333333333
5 0.66 0.07916666666666666 0.016666666666666666 0.018333333333333333
5 0.7191666666666666 0.21083333333333334 0.01 0.01
5 0.72 0.36583333333333334 0.015 0.015
5 0.49666666666666665 0.47583333333333333 0.006666666666666667 0.006666666666666667
5 0.3233333333333333 0.23666666666666666 0.008333333333333333 0.01
5 0.6608333333333334 0.58 0.016666666666666666 0.011666666666666667
5 0.3025 0.3075 0.01 0.008333333333333333
5 0.7583333333333333 0.43916666666666665 0.013333333333333334 0.013333333333333334
5 0.4141666666666667 0.89 0.011666666666666667 0.011666666666666667
5 0.095 0.83 0.023333333333333334 0.02
