5 0.03166666666666667 0.5891666666666666 0.01 0.008333333333333333
5 0.3425 0.82 0.02 0.015
5 0.9708333333333333 0.8308333333333333 0.008333333333333333 0.008333333333333333
5 0.2125 0.6941666666666667 0.016666666666666666 0.015
5 0.7966666666666666 0.7916666666666666 0.011666666666666667 0.011666666666666667
5 0.43666666666666665 0.12416666666666666 0.011666666666666667 0.015
5 0.26666666666666666 0.4708333333333333 0.01 0.011666666666666667
5 0.4125 0.0275 0.008333333333333333 0.008333333333333333
5 0.9833333333333333 0.3625 0.013333333333333334 0.013333333333333334
5 0.14 0.8108333333333333 0.008333333333333333 0.006666666666666667
5 0.5416666666666666 0.265 0.013333333333333334 0.015
5 0.0325 0.6275 0.016666666666666666 0.015
5 0.8625 0.46416666666666667 0.008333333333333333 0.008333333333333333
5 0.21 0.8916666666666667 0.011666666666666667 0.011666666666666667
5 0.8316666666666667 0.39416666666666667 0.008333333333333333 0.008333333333333333
5 0.6416666666666667 0.1225 0.008333333333333333 0.01
5 0.8966666666666666 0.16666666666666666 0.015 0.016666666666666666
5 0.4575 0.18583333333333332 0.01 0.011666666666666667
5 0.04416666666666667 0.09166666666666666 0.015 0.015
