5 0.9366666666666666 0.21583333333333332 0.008333333333333333 0.008333333333333333
5 0.8108333333333333 0.4033333333333333 0.01 0.01
5 0.06916666666666667 0.17833333333333334 0.008333333333333333 0.008333333333333333
5 0.23833333333333334 0.845 0.013333333333333334 0.013333333333333334
5 0.5858333333333333 0.52 0.006666666666666667 0.008333333333333333
5 0.5425 0.9133333333333333 0.01 0.01
5 0.6075 0.6633333333333333 0.013333333333333334 0.01
5 0.75 0.695 0.011666666666666667 0.01
5 0.135 0.0225 0.008333333333333333 0.008333333333333333
5 0.305 0.056666666666666664 0.006666666666666667 0.008333333333333333
5 0.04 0.655 0.011666666666666667 0.011666666666666667
5 0.645 0.06416666666666666 0.008333333333333333 0.008333333333333333
5 0.91 0.4225 0.008333333333333333 0.008333333333333333
5 0.42 0.1 0.008333333333333333 0.008333333333333333
5 0.23916666666666667 0.40166666666666667 0.01 0.011666666666666667
5 0.8225 0.5891666666666666 0.006666666666666667 0.006666666666666667
5 0.5641666666666667 0.2758333333333333 0.013333333333333334 0.013333333333333334
5 0.9133333333333333 0.63 0.016666666666666666 0.018333333333333333
5 0.3458333333333333 0.97 0.006666666666666667 0.006666666666666667
0 0.2675 0.22666666666666666 0.008333333333333333 0.015
0 0.675 0.5383333333333333 0.023333333333333334 0.023333333333333334
0 0.20583333333333334 0.7658333333333334 0.016666666666666666 0.015
0 0.055 0.8341666666666666 0.045 0.041666666666666664
