5 0.53 0.12666666666666668 0.008333333333333333 0.008333333333333333
5 0.0975 0.755 0.008333333333333333 0.008333333333333333
5 0.4125 0.7325 0.008333333333333333 0.008333333333333333
5 0.9683333333333334 0.1625 0.006666666666666667 0.006666666666666667
5 0.9266666666666666 0.22583333333333333 0.008333333333333333 0.008333333333333333
5 0.3225 0.725 0.006666666666666667 0.005
5 0.11333333333333333 0.22083333333333333 0.008333333333333333 0.008333333333333333
5 0.4008333333333333 0.44166666666666665 0.006666666666666667 0.008333333333333333
5 0.4116666666666667 0.31333333333333335 0.006666666666666667 0.008333333333333333
5 0.865 0.7708333333333334 0.018333333333333333 0.016666666666666666
5 0.27666666666666667 0.11583333333333333 0.008333333333333333 0.008333333333333333
5 0.23083333333333333 0.9783333333333334 0.008333333333333333 0.006666666666666667
5 0.17 0.9616666666666667 0.013333333333333334 0.011666666666666667
5 0.7133333333333334 0.2325 0.006666666666666667 0.006666666666666667
5 0.3775 0.20916666666666667 0.008333333333333333 0.008333333333333333
5 0.09833333333333333 0.3908333333333333 0.02 0.018333333333333333
5 0.025 0.6483333333333333 0.018333333333333333 0.025
5 0.17833333333333334 0.8758333333333334 0.006666666666666667 0.006666666666666667
0 0.38333333333333336 0.09666666666666666 0.01 0.015
0 0.2075 0.030833333333333334 0.013333333333333334 0.013333333333333334
0 0.6425 0.7608333333333334 0.021666666666666667 0.023333333333333334
0 0.505 0.655 0.021666666666666667 0.025
0 0.535 0.3883333333333333 0.028333333333333332 0.021666666666666667
0 0.5033333333333333 0.7625 0.02 0.025
0 0.11916666666666667 0.5858333333333333 0.015 0.011666666666666667
0 0.13083333333333333 0.7241666666666666 0.015 0.015
