5 0.875 0.8008333333333333 0.011666666666666667 0.011666666666666667
5 0.225 0.7016666666666667 0.008333333333333333 0.008333333333333333
5 0.7541666666666667 0.7533333333333333 0.006666666666666667 0.006666666666666667
5 0.5091666666666667 0.24916666666666668 0.008333333333333333 0.01
5 0.4125 0.8183333333333334 0.008333333333333333 0.008333333333333333
5 0.33666666666666667 0.6666666666666666 0.01 0.01
5 0.7875 0.6383333333333333 0.006666666666666667 0.006666666666666667
5 0.2775 0.37416666666666665 0.01 0.01
5 0.7183333333333334 0.23666666666666666 0.006666666666666667 0.006666666666666667
5 0.95 0.8658333333333333 0.008333333333333333 0.008333333333333333
5 0.8175 0.9433333333333334 0.006666666666666667 0.006666666666666667
5 0.9816666666666667 0.6133333333333333 0.006666666666666667 0.008333333333333333
0 0.9533333333333334 0.36666666666666664 0.023333333333333334 0.018333333333333333
0 0.9191666666666667 0.925 0.015 0.015
0 0.2825 0.4683333333333333 0.011666666666666667 0.011666666666666667
0 0.17166666666666666 0.25416666666666665 0.015 0.02
0 0.0225 0.6525 0.028333333333333332 0.03166666666666667
0 0.8941666666666667 0.5266666666666666 0.016666666666666666 0.016666666666666666
0 0.13666666666666666 0.5733333333333334 0.02 0.021666666666666667
0 0.6 0.5708333333333333 0.011666666666666667 0.011666666666666667
