1.0 0.17542499999999997 0.38202500000000006 0.026583333333333334 0.028358333333333333
1.0 0.17584166666666665 0.8136916666666667 0.03575833333333333 0.0392
1.0 0.8226333333333333 0.21520000000000006 0.03476666666666667 0.03836666666666667
5.0 0.7228166666666667 0.21495833333333336 0.007425 0.005908333333333333
5 0.7033333333333334 0.9525 0.008333333333333333 0.008333333333333333
5 0.9075 0.575 0.015 0.016666666666666666
5 0.39416666666666667 0.18416666666666667 0.015 0.015
5 0.17583333333333334 0.25833333333333336 0.01 0.01
5 0.9933333333333333 0.06166666666666667 0.01 0.01
5 0.4766666666666667 0.7 0.015 0.013333333333333334
5 0.18 0.8283333333333334 0.01 0.008333333333333333
5 0.9908333333333333 0.48 0.013333333333333334 0.01
5 0.17166666666666666 0.24416666666666667 0.013333333333333334 0.013333333333333334
5 0.36666666666666664 0.14166666666666666 0.01 0.01
5 0.565 0.10416666666666667 0.008333333333333333 0.008333333333333333
5 0.43583333333333335 0.12 0.01 0.01
5 0.2991666666666667 0.0875 0.016666666666666666 0.015
5 0.29583333333333334 0.2675 0.011666666666666667 0.011666666666666667
5 0.885 0.4091666666666667 0.02 0.02
5 0.3475 0.535 0.006666666666666667 0.006666666666666667
5 0.35 0.9216666666666666 0.011666666666666667 0.011666666666666667
5 0.6958333333333333 0.4658333333333333 0.01 0.01
5 0.615 0.335 0.01 0.01
0 0.13 0.22666666666666666 0.023333333333333334 0.02666666666666667
0 0.9658333333333333 0.435 0.021666666666666667 0.025
