5 0.7866666666666666 0.64 0.015 0.011666666666666667
5 0.5841666666666666 0.0125 0.006666666666666667 0.006666666666666667
5 0.9316666666666666 0.935 0.016666666666666666 0.018333333333333333
5 0.7425 0.925 0.011666666666666667 0.011666666666666667
5 0.9841666666666666 0.9233333333333333 0.008333333333333333 0.008333333333333333
5 0.5433333333333333 0.7675 0.008333333333333333 0.008333333333333333
5 0.20166666666666666 0.4816666666666667 0.013333333333333334 0.015
5 0.8225 0.8883333333333333 0.008333333333333333 0.006666666666666667
5 0.043333333333333335 0.028333333333333332 0.015 0.013333333333333334
5 0.5983333333333334 0.075 0.01 0.011666666666666667
5 0.02 0.27416666666666667 0.008333333333333333 0.008333333333333333
5 0.6908333333333333 0.6683333333333333 0.008333333333333333 0.008333333333333333
5 0.3975 0.5358333333333334 0.01 0.008333333333333333
5 0.1225 0.11916666666666667 0.01 0.008333333333333333
5 0.37916666666666665 0.6933333333333334 0.006666666666666667 0.008333333333333333
5 0.5375 0.07 0.011666666666666667 0.011666666666666667
5 0.6116666666666667 0.8533333333333334 0.015 0.015
5 0.305 0.31333333333333335 0.021666666666666667 0.021666666666666667
5 0.13833333333333334 0.16166666666666665 0.01 0.01
