4.0 0.3181666666666667 0.26889166666666664 0.07200000000000001 0.08055833333333333
4.0 0.6459083333333334 0.602225 0.09136666666666667 0.06944166666666667
5 0.26166666666666666 0.0225 0.008333333333333333 0.008333333333333333
5 0.7716666666666666 0.23666666666666666 0.013333333333333334 0.013333333333333334
5 0.06166666666666667 0.71 0.01 0.011666666666666667
5 0.6725 0.6966666666666667 0.01 0.01
5 0.655 0.5441666666666667 0.008333333333333333 0.008333333333333333
5 0.22 0.3516666666666667 0.015 0.013333333333333334
5 0.23083333333333333 0.3275 0.015 0.013333333333333334
5 0.2633333333333333 0.8283333333333334 0.008333333333333333 0.008333333333333333
5 0.26916666666666667 0.235 0.008333333333333333 0.006666666666666667
5 0.5433333333333333 0.7216666666666667 0.015 0.011666666666666667
5 0.48083333333333333 0.2966666666666667 0.013333333333333334 0.013333333333333334
5 0.7491666666666666 0.585 0.013333333333333334 0.015
5 0.25666666666666665 0.6241666666666666 0.015 0.021666666666666667
0 0.3525 0.99 0.016666666666666666 0.015
0 0.08916666666666667 0.51 0.018333333333333333 0.02666666666666667
0 0.0475 0.23 0.016666666666666666 0.013333333333333334
0 0.645 0.4841666666666667 0.01 0.01
0 0.575 0.7166666666666667 0.013333333333333334 0.011666666666666667
0 0.1425 0.06666666666666667 0.015 0.011666666666666667
0 0.1525 0.49916666666666665 0.021666666666666667 0.025
0 0.38333333333333336 0.18666666666666668 0.02 0.02
0 0.45916666666666667 0.6616666666666666 0.025 0.02666666666666667
