5 0.6541666666666667 0.12166666666666667 0.008333333333333333 0.008333333333333333
5 0.2633333333333333 0.17083333333333334 0.008333333333333333 0.008333333333333333
5 0.5425 0.8391666666666666 0.008333333333333333 0.008333333333333333
5 0.6208333333333333 0.1325 0.016666666666666666 0.018333333333333333
5 0.8441666666666666 0.050833333333333335 0.013333333333333334 0.011666666666666667
5 0.6066666666666667 0.075 0.023333333333333334 0.02
5 0.03666666666666667 0.8708333333333333 0.016666666666666666 0.016666666666666666
5 0.3425 0.2125 0.006666666666666667 0.008333333333333333
5 0.26166666666666666 0.3016666666666667 0.011666666666666667 0.011666666666666667
5 0.5075 0.7133333333333334 0.01 0.01
5 0.15916666666666668 0.6858333333333333 0.015 0.011666666666666667
5 0.11083333333333334 0.3425 0.01 0.01
5 0.9916666666666667 0.1175 0.008333333333333333 0.008333333333333333
0 0.3125 0.02 0.011666666666666667 0.015
0 0.5825 0.04666666666666667 0.016666666666666666 0.016666666666666666
