5 0.26166666666666666 0.43 0.006666666666666667 0.008333333333333333
5 0.1725 0.7191666666666666 0.013333333333333334 0.015
5 0.5316666666666666 0.5058333333333334 0.011666666666666667 0.015
5 0.38333333333333336 0.051666666666666666 0.008333333333333333 0.008333333333333333
5 0.5975 0.8233333333333334 0.011666666666666667 0.01
5 0.435 0.7533333333333333 0.008333333333333333 0.008333333333333333
5 0.5083333333333333 0.15166666666666667 0.013333333333333334 0.013333333333333334
5 0.8175 0.85 0.006666666666666667 0.006666666666666667
5 0.7066666666666667 0.96 0.013333333333333334 0.016666666666666666
5 0.20166666666666666 0.275 0.015 0.015
5 0.255 0.7241666666666666 0.011666666666666667 0.01
5 0.865 0.035 0.01 0.01
5 0.39 0.715 0.006666666666666667 0.008333333333333333
0 0.09666666666666666 0.485 0.015 0.011666666666666667
0 0.12333333333333334 0.7591666666666667 0.013333333333333334 0.016666666666666666
0 0.08166666666666667 0.365 0.03333333333333333 0.03166666666666667
0 0.895 0.71 0.023333333333333334 0.021666666666666667
0 0.62 0.8925 0.035 0.04
0 0.45166666666666666 0.6875 0.021666666666666667 0.018333333333333333
