5 0.1075 0.2775 0.01 0.008333333333333333
5 0.5983333333333334 0.13333333333333333 0.013333333333333334 0.013333333333333334
5 0.9916666666666667 0.16666666666666666 0.008333333333333333 0.008333333333333333
5 0.059166666666666666 0.3675 0.011666666666666667 0.01
5 0.7183333333333334 0.7908333333333334 0.016666666666666666 0.015
5 0.9266666666666666 0.15083333333333335 0.005 0.005
5 0.6208333333333333 0.13083333333333333 0.008333333333333333 0.01
5 0.6508333333333334 0.20416666666666666 0.015 0.015
5 0.3325 0.3475 0.006666666666666667 0.008333333333333333
5 0.31416666666666665 0.25583333333333336 0.013333333333333334 0.016666666666666666
5 0.3491666666666667 0.6033333333333334 0.015 0.013333333333333334
5 0.1275 0.8058333333333333 0.01 0.008333333333333333
5 0.9425 0.25583333333333336 0.008333333333333333 0.008333333333333333
5 0.07 0.775 0.006666666666666667 0.008333333333333333
5 0.11 0.6975 0.01 0.01
5 0.44416666666666665 0.5141666666666667 0.016666666666666666 0.015
5 0.9108333333333334 0.9075 0.013333333333333334 0.011666666666666667
5 0.21166666666666667 0.5908333333333333 0.008333333333333333 0.008333333333333333
5 0.9816666666666667 0.19916666666666666 0.01 0.01
