5 0.9216666666666666 0.5425 0.013333333333333334 0.015
5 0.2525 0.08083333333333333 0.011666666666666667 0.015
5 0.07 0.09666666666666666 0.016666666666666666 0.015
5 0.3383333333333333 0.33166666666666667 0.01 0.01
5 0.675 0.6616666666666666 0.008333333333333333 0.008333333333333333
5 0.5658333333333333 0.8891666666666667 0.011666666666666667 0.011666666666666667
5 0.2075 0.8483333333333334 0.015 0.013333333333333334
6 0.4375 0.9125 0.03 0.15333333333333332
6 0.93 0.8141666666666667 0.02 0.028333333333333332
3 0.05583333333333333 0.53 0.0875 0.06666666666666667
