5 0.12166666666666667 0.195 0.008333333333333333 0.008333333333333333
5 0.8158333333333333 0.835 0.008333333333333333 0.006666666666666667
5 0.3333333333333333 0.12083333333333333 0.013333333333333334 0.011666666666666667
5 0.2941666666666667 0.5025 0.008333333333333333 0.008333333333333333
5 0.2633333333333333 0.38666666666666666 0.013333333333333334 0.011666666666666667
5 0.31916666666666665 0.8583333333333333 0.01 0.01
5 0.5091666666666667 0.7991666666666667 0.008333333333333333 0.008333333333333333
5 0.535 0.16583333333333333 0.008333333333333333 0.008333333333333333
5 0.7658333333333334 0.19166666666666668 0.006666666666666667 0.006666666666666667
5 0.009166666666666667 0.875 0.008333333333333333 0.008333333333333333
5 0.42083333333333334 0.2425 0.011666666666666667 0.011666666666666667
5 0.54 0.3075 0.011666666666666667 0.01
5 0.7216666666666667 0.5566666666666666 0.006666666666666667 0.006666666666666667
5 0.3441666666666667 0.8375 0.008333333333333333 0.008333333333333333
5 0.7116666666666667 0.04083333333333333 0.01 0.01
6 0.3983333333333333 0.115 0.02666666666666667 0.085
