2.0 0.802275 0.336807061440089 0.07745 0.09313594662218516
2.0 0.20026666666666665 0.1561064776202391 0.09286666666666667 0.08479566305254378
2.0 0.3238583333333333 0.7253308312482625 0.09561666666666667 0.08340283569641367
5 0.29333333333333333 0.16666666666666666 0.016666666666666666 0.015
5 0.8308333333333333 0.06583333333333333 0.013333333333333334 0.016666666666666666
5 0.6108333333333333 0.0825 0.006666666666666667 0.006666666666666667
5 0.6408333333333334 0.3575 0.008333333333333333 0.006666666666666667
5 0.7716666666666666 0.24416666666666667 0.008333333333333333 0.008333333333333333
5 0.0525 0.7058333333333333 0.015 0.016666666666666666
5 0.875 0.9666666666666667 0.008333333333333333 0.008333333333333333
5 0.7291666666666666 0.029166666666666667 0.006666666666666667 0.008333333333333333
0 0.17583333333333334 0.025 0.011666666666666667 0.011666666666666667
0 0.9216666666666666 0.795 0.016666666666666666 0.015
0 0.5591666666666667 0.024166666666666666 0.015 0.015
0 0.6983333333333334 0.2075 0.023333333333333334 0.018333333333333333
0 0.5591666666666667 0.1925 0.023333333333333334 0.025
0 0.6891666666666667 0.31 0.016666666666666666 0.015
0 0.73 0.2475 0.02 0.018333333333333333
0 0.9741666666666666 0.195 0.013333333333333334 0.016666666666666666
