5 0.6666666666666666 0.5933333333333334 0.011666666666666667 0.011666666666666667
5 0.5566666666666666 0.9108333333333334 0.011666666666666667 0.01
5 0.7316666666666667 0.8791666666666667 0.015 0.018333333333333333
5 0.17333333333333334 0.38916666666666666 0.013333333333333334 0.013333333333333334
5 0.24583333333333332 0.5508333333333333 0.01 0.016666666666666666
5 0.21166666666666667 0.49 0.011666666666666667 0.011666666666666667
5 0.6908333333333333 0.7233333333333334 0.023333333333333334 0.02
5 0.30083333333333334 0.9 0.006666666666666667 0.008333333333333333
5 0.7958333333333333 0.8016666666666666 0.008333333333333333 0.008333333333333333
5 0.7575 0.31166666666666665 0.013333333333333334 0.015
5 0.5191666666666667 0.62 0.008333333333333333 0.008333333333333333
5 0.06583333333333333 0.04083333333333333 0.01 0.011666666666666667
5 0.12583333333333332 0.9366666666666666 0.01 0.01
