5 0.0825 0.24 0.008333333333333333 0.008333333333333333
5 0.5266666666666666 0.6141666666666666 0.01 0.01
5 0.7716666666666666 0.165 0.011666666666666667 0.011666666666666667
5 0.5216666666666666 0.5091666666666667 0.008333333333333333 0.008333333333333333
5 0.7766666666666666 0.8833333333333333 0.005 0.005
5 0.3775 0.6166666666666667 0.011666666666666667 0.01
0 0.8208333333333333 0.5566666666666666 0.023333333333333334 0.018333333333333333
0 0.225 0.22333333333333333 0.013333333333333334 0.015
0 0.7158333333333333 0.37916666666666665 0.013333333333333334 0.018333333333333333
0 0.20166666666666666 0.49333333333333335 0.011666666666666667 0.011666666666666667
0 0.49166666666666664 0.2775 0.023333333333333334 0.018333333333333333
0 0.7908333333333334 0.23083333333333333 0.025 0.04833333333333333
