5 0.0775 0.09916666666666667 0.013333333333333334 0.013333333333333334
5 0.6175 0.265 0.006666666666666667 0.006666666666666667
5 0.8016666666666666 0.6441666666666667 0.016666666666666666 0.015
5 0.5991666666666666 0.5591666666666667 0.006666666666666667 0.006666666666666667
5 0.07416666666666667 0.5958333333333333 0.011666666666666667 0.011666666666666667
5 0.6175 0.20166666666666666 0.008333333333333333 0.008333333333333333
5 0.9616666666666667 0.7258333333333333 0.011666666666666667 0.01
5 0.018333333333333333 0.9833333333333333 0.015 0.021666666666666667
5 0.21833333333333332 0.4816666666666667 0.006666666666666667 0.008333333333333333
5 0.22416666666666665 0.6108333333333333 0.011666666666666667 0.011666666666666667
5 0.325 0.9558333333333333 0.01 0.011666666666666667
5 0.11416666666666667 0.05333333333333334 0.013333333333333334 0.015
5 0.5841666666666666 0.49666666666666665 0.011666666666666667 0.011666666666666667
5 0.31 0.355 0.008333333333333333 0.008333333333333333
5 0.9291666666666667 0.03166666666666667 0.008333333333333333 0.008333333333333333
5 0.26166666666666666 0.8666666666666667 0.006666666666666667 0.008333333333333333
5 0.6416666666666667 0.16166666666666665 0.013333333333333334 0.015
5 0.8316666666666667 0.7733333333333333 0.018333333333333333 0.018333333333333333
5 0.0925 0.5033333333333333 0.006666666666666667 0.006666666666666667
6 0.11 0.25 0.01 0.018333333333333333
6 0.4633333333333333 0.7175 0.028333333333333332 0.058333333333333334
