5 0.3975 0.9491666666666667 0.016666666666666666 0.015
5 0.1025 0.6608333333333334 0.015 0.016666666666666666
5 0.8883333333333333 0.225 0.011666666666666667 0.011666666666666667
5 0.5975 0.6291666666666667 0.011666666666666667 0.01
5 0.32916666666666666 0.5983333333333334 0.006666666666666667 0.006666666666666667
5 0.9533333333333334 0.7808333333333334 0.02 0.018333333333333333
5 0.7158333333333333 0.49833333333333335 0.013333333333333334 0.016666666666666666
5 0.7308333333333333 0.3441666666666667 0.015 0.021666666666666667
5 0.06583333333333333 0.12 0.01 0.01
5 0.9066666666666666 0.29583333333333334 0.011666666666666667 0.011666666666666667
5 0.6666666666666666 0.2125 0.011666666666666667 0.011666666666666667
5 0.7058333333333333 0.5008333333333334 0.01 0.011666666666666667
5 0.9625 0.6283333333333333 0.016666666666666666 0.015
5 0.2775 0.0925 0.008333333333333333 0.008333333333333333
5 0.6133333333333333 0.4583333333333333 0.016666666666666666 0.018333333333333333
5 0.6991666666666667 0.5366666666666666 0.01 0.011666666666666667
5 0.4225 0.32166666666666666 0.018333333333333333 0.016666666666666666
5 0.21083333333333334 0.295 0.021666666666666667 0.018333333333333333
0 0.9725 0.5666666666666667 0.013333333333333334 0.011666666666666667
0 0.20416666666666666 0.6233333333333333 0.03 0.02
0 0.6475 0.8658333333333333 0.016666666666666666 0.015
0 0.1475 0.13833333333333334 0.016666666666666666 0.015
0 0.1025 0.04666666666666667 0.016666666666666666 0.015
0 0.445 0.06583333333333333 0.013333333333333334 0.015
0 0.9433333333333334 0.095 0.02666666666666667 0.03333333333333333
0 0.3408333333333333 0.335 0.016666666666666666 0.015
