5 0.0425 0.945 0.013333333333333334 0.011666666666666667
5 0.31583333333333335 0.8183333333333334 0.006666666666666667 0.006666666666666667
5 0.25166666666666665 0.4175 0.013333333333333334 0.011666666666666667
5 0.7808333333333334 0.955 0.008333333333333333 0.008333333333333333
5 0.8308333333333333 0.9716666666666667 0.011666666666666667 0.01
5 0.32666666666666666 0.030833333333333334 0.013333333333333334 0.011666666666666667
5 0.6058333333333333 0.6883333333333334 0.006666666666666667 0.006666666666666667
5 0.8083333333333333 0.9733333333333334 0.008333333333333333 0.008333333333333333
5 0.5075 0.2808333333333333 0.011666666666666667 0.013333333333333334
5 0.27416666666666667 0.011666666666666667 0.015 0.013333333333333334
5 0.28 0.15666666666666668 0.008333333333333333 0.005
5 0.3233333333333333 0.14416666666666667 0.005 0.006666666666666667
5 0.5691666666666667 0.12583333333333332 0.013333333333333334 0.013333333333333334
5 0.3983333333333333 0.10333333333333333 0.01 0.011666666666666667
5 0.68 0.011666666666666667 0.018333333333333333 0.016666666666666666
