5 0.06833333333333333 0.7083333333333334 0.01 0.01
5 0.11166666666666666 0.18416666666666667 0.018333333333333333 0.018333333333333333
5 0.9566666666666667 0.10166666666666667 0.015 0.011666666666666667
5 0.0775 0.5283333333333333 0.013333333333333334 0.011666666666666667
5 0.9125 0.17916666666666667 0.013333333333333334 0.016666666666666666
5 0.0725 0.4216666666666667 0.008333333333333333 0.01
5 0.4825 0.31 0.018333333333333333 0.018333333333333333
5 0.21666666666666667 0.9708333333333333 0.008333333333333333 0.008333333333333333
5 0.3175 0.43666666666666665 0.008333333333333333 0.008333333333333333
5 0.415 0.8966666666666666 0.008333333333333333 0.008333333333333333
5 0.21583333333333332 0.135 0.008333333333333333 0.008333333333333333
5 0.4658333333333333 0.8191666666666667 0.008333333333333333 0.008333333333333333
5 0.765 0.22833333333333333 0.008333333333333333 0.01
5 0.405 0.795 0.011666666666666667 0.008333333333333333
5 0.029166666666666667 0.84 0.013333333333333334 0.011666666666666667
5 0.5008333333333334 0.02 0.013333333333333334 0.015
5 0.73 0.3883333333333333 0.008333333333333333 0.008333333333333333
