5 0.9408333333333333 0.75 0.011666666666666667 0.013333333333333334
5 0.6408333333333334 0.5166666666666667 0.01 0.016666666666666666
5 0.5716666666666667 0.33 0.016666666666666666 0.015
5 0.22916666666666666 0.6291666666666667 0.006666666666666667 0.008333333333333333
5 0.4216666666666667 0.5333333333333333 0.01 0.01
5 0.9583333333333334 0.9916666666666667 0.015 0.016666666666666666
5 0.875 0.5966666666666667 0.01 0.008333333333333333
0 0.7 0.8741666666666666 0.02666666666666667 0.025
0 0.4691666666666667 0.7441666666666666 0.013333333333333334 0.011666666666666667
0 0.9891666666666666 0.2808333333333333 0.011666666666666667 0.01
0 0.8016666666666666 0.065 0.023333333333333334 0.025
0 0.7316666666666667 0.14416666666666667 0.01 0.015
0 0.19666666666666666 0.475 0.015 0.023333333333333334
0 0.595 0.4775 0.01 0.01
