5 0.3908333333333333 0.8875 0.006666666666666667 0.008333333333333333
5 0.6258333333333334 0.9866666666666667 0.018333333333333333 0.025
5 0.3475 0.8733333333333333 0.008333333333333333 0.008333333333333333
5 0.1225 0.9058333333333334 0.011666666666666667 0.013333333333333334
5 0.715 0.7941666666666667 0.006666666666666667 0.006666666666666667
5 0.26666666666666666 0.10083333333333333 0.011666666666666667 0.01
5 0.32083333333333336 0.2 0.015 0.013333333333333334
5 0.07 0.4766666666666667 0.008333333333333333 0.008333333333333333
5 0.7825 0.32166666666666666 0.008333333333333333 0.008333333333333333
5 0.6783333333333333 0.2783333333333333 0.015 0.015
5 0.0875 0.26666666666666666 0.01 0.01
5 0.775 0.03916666666666667 0.013333333333333334 0.013333333333333334
5 0.30583333333333335 0.5225 0.008333333333333333 0.008333333333333333
5 0.6308333333333334 0.19166666666666668 0.016666666666666666 0.015
