5 0.6683333333333333 0.0175 0.02 0.018333333333333333
5 0.9816666666666667 0.5266666666666666 0.006666666666666667 0.006666666666666667
5 0.7608333333333334 0.47583333333333333 0.013333333333333334 0.013333333333333334
5 0.42833333333333334 0.73 0.015 0.013333333333333334
5 0.475 0.7683333333333333 0.01 0.01
5 0.155 0.7808333333333334 0.006666666666666667 0.008333333333333333
5 0.36 0.4633333333333333 0.016666666666666666 0.018333333333333333
5 0.9858333333333333 0.97 0.016666666666666666 0.015
5 0.37833333333333335 0.3516666666666667 0.008333333333333333 0.008333333333333333
5 0.5933333333333334 0.7458333333333333 0.008333333333333333 0.008333333333333333
0 0.8866666666666667 0.40166666666666667 0.02 0.02
0 0.8475 0.6775 0.02 0.02
