1.0 0.10305833333333338 0.12175833333333336 0.044725 0.0455
1.0 0.9446833333333333 0.8613 0.03870833333333334 0.038391666666666664
5 0.43833333333333335 0.6691666666666667 0.008333333333333333 0.008333333333333333
5 0.9783333333333334 0.16416666666666666 0.018333333333333333 0.016666666666666666
5 0.7025 0.0625 0.021666666666666667 0.018333333333333333
5 0.005833333333333334 0.5775 0.006666666666666667 0.006666666666666667
5 0.6966666666666667 0.7716666666666666 0.01 0.008333333333333333
5 0.6908333333333333 0.2 0.018333333333333333 0.016666666666666666
5 0.4 0.8175 0.015 0.015
5 0.7833333333333333 0.11833333333333333 0.02 0.016666666666666666
5 0.24333333333333335 0.5541666666666667 0.011666666666666667 0.013333333333333334
5 0.05 0.5633333333333334 0.013333333333333334 0.013333333333333334
5 0.7025 0.9233333333333333 0.008333333333333333 0.008333333333333333
5 0.49916666666666665 0.77 0.008333333333333333 0.008333333333333333
5 0.08666666666666667 0.4533333333333333 0.013333333333333334 0.013333333333333334
5 0.985 0.04833333333333333 0.008333333333333333 0.008333333333333333
5 0.17166666666666666 0.815 0.015 0.013333333333333334
5 0.7216666666666667 0.39 0.008333333333333333 0.008333333333333333
5 0.105 0.12416666666666666 0.023333333333333334 0.021666666666666667
5 0.45416666666666666 0.9275 0.008333333333333333 0.008333333333333333
5 0.6841666666666667 0.16333333333333333 0.016666666666666666 0.018333333333333333
0 0.9475 0.9741666666666666 0.013333333333333334 0.011666666666666667
0 0.9708333333333333 0.6308333333333334 0.008333333333333333 0.015
0 0.06 0.37083333333333335 0.01 0.013333333333333334
0 0.245 0.145 0.015 0.011666666666666667
