5 0.7983333333333333 0.6391666666666667 0.015 0.013333333333333334
5 0.42583333333333334 0.7858333333333334 0.016666666666666666 0.015
5 0.12333333333333334 0.8816666666666667 0.008333333333333333 0.008333333333333333
5 0.43083333333333335 0.1975 0.008333333333333333 0.008333333333333333
5 0.018333333333333333 0.8325 0.01 0.01
5 0.7208333333333333 0.3258333333333333 0.015 0.013333333333333334
5 0.37416666666666665 0.8058333333333333 0.01 0.008333333333333333
5 0.16166666666666665 0.9016666666666666 0.015 0.016666666666666666
5 0.46416666666666667 0.8558333333333333 0.013333333333333334 0.013333333333333334
5 0.8691666666666666 0.08666666666666667 0.02 0.018333333333333333
