5 0.6966666666666667 0.925 0.008333333333333333 0.008333333333333333
5 0.6225 0.3283333333333333 0.008333333333333333 0.008333333333333333
5 0.6533333333333333 0.765 0.015 0.016666666666666666
5 0.49833333333333335 0.6708333333333333 0.01 0.008333333333333333
5 0.6858333333333333 0.0425 0.015 0.013333333333333334
5 0.7733333333333333 0.9658333333333333 0.006666666666666667 0.008333333333333333
5 0.27166666666666667 0.5816666666666667 0.015 0.018333333333333333
5 0.7716666666666666 0.5041666666666667 0.013333333333333334 0.01
5 0.315 0.8775 0.023333333333333334 0.021666666666666667
5 0.24083333333333334 0.23833333333333334 0.013333333333333334 0.016666666666666666
5 0.5775 0.12083333333333333 0.018333333333333333 0.018333333333333333
5 0.5091666666666667 0.7783333333333333 0.006666666666666667 0.006666666666666667
5 0.295 0.9191666666666667 0.015 0.016666666666666666
