5 0.8 0.9691666666666666 0.016666666666666666 0.015
5 0.30583333333333335 0.2375 0.013333333333333334 0.011666666666666667
5 0.5775 0.8358333333333333 0.006666666666666667 0.008333333333333333
5 0.6908333333333333 0.7733333333333333 0.016666666666666666 0.015
5 0.3075 0.9225 0.008333333333333333 0.008333333333333333
0 0.8508333333333333 0.4658333333333333 0.015 0.015
0 0.645 0.2758333333333333 0.015 0.021666666666666667
0 0.29083333333333333 0.9141666666666667 0.018333333333333333 0.02666666666666667
0 0.2875 0.8775 0.018333333333333333 0.016666666666666666
0 0.8966666666666666 0.4508333333333333 0.02666666666666667 0.023333333333333334
0 0.6925 0.5733333333333334 0.01 0.013333333333333334
0 0.46166666666666667 0.8766666666666667 0.013333333333333334 0.011666666666666667
0 0.8625 0.1775 0.008333333333333333 0.008333333333333333
