5 0.028333333333333332 0.6708333333333333 0.01 0.01
5 0.22 0.5691666666666667 0.008333333333333333 0.008333333333333333
5 0.6575 0.47333333333333333 0.011666666666666667 0.011666666666666667
5 0.4266666666666667 0.745 0.015 0.018333333333333333
5 0.8216666666666667 0.785 0.013333333333333334 0.013333333333333334
5 0.9175 0.9441666666666667 0.016666666666666666 0.015
5 0.2841666666666667 0.425 0.013333333333333334 0.013333333333333334
5 0.6283333333333333 0.8083333333333333 0.013333333333333334 0.011666666666666667
5 0.3258333333333333 0.305 0.015 0.013333333333333334
5 0.7933333333333333 0.030833333333333334 0.011666666666666667 0.013333333333333334
5 0.8975 0.65 0.013333333333333334 0.011666666666666667
5 0.96 0.4425 0.006666666666666667 0.006666666666666667
5 0.7591666666666667 0.435 0.008333333333333333 0.006666666666666667
5 0.7608333333333334 0.56 0.011666666666666667 0.011666666666666667
5 0.10666666666666667 0.7958333333333333 0.01 0.008333333333333333
5 0.8241666666666667 0.6241666666666666 0.006666666666666667 0.006666666666666667
5 0.5208333333333334 0.24666666666666667 0.01 0.01
5 0.29333333333333333 0.04833333333333333 0.015 0.015
0 0.18 0.92 0.028333333333333332 0.03166666666666667
0 0.9641666666666666 0.4191666666666667 0.016666666666666666 0.013333333333333334
0 0.43 0.7925 0.013333333333333334 0.015
0 0.7583333333333333 0.9283333333333333 0.011666666666666667 0.013333333333333334
0 0.8333333333333334 0.011666666666666667 0.015 0.023333333333333334
0 0.6675 0.8191666666666667 0.025 0.04833333333333333
0 0.4633333333333333 0.8316666666666667 0.015 0.016666666666666666
