5 0.3975 0.8316666666666667 0.008333333333333333 0.008333333333333333
5 0.52 0.013333333333333334 0.018333333333333333 0.025
5 0.6116666666666667 0.41833333333333333 0.011666666666666667 0.013333333333333334
5 0.30833333333333335 0.5691666666666667 0.013333333333333334 0.016666666666666666
5 0.15166666666666667 0.6433333333333333 0.013333333333333334 0.011666666666666667
5 0.38916666666666666 0.11916666666666667 0.018333333333333333 0.021666666666666667
5 0.25083333333333335 0.7775 0.008333333333333333 0.008333333333333333
5 0.9441666666666667 0.6891666666666667 0.013333333333333334 0.013333333333333334
5 0.22833333333333333 0.9383333333333334 0.01 0.008333333333333333
5 0.12416666666666666 0.7466666666666667 0.01 0.01
5 0.1625 0.675 0.008333333333333333 0.008333333333333333
5 0.45666666666666667 0.20083333333333334 0.008333333333333333 0.008333333333333333
5 0.9575 0.4658333333333333 0.016666666666666666 0.035
5 0.385 0.7716666666666666 0.01 0.01
5 0.5766666666666667 0.815 0.008333333333333333 0.008333333333333333
5 0.6391666666666667 0.22833333333333333 0.008333333333333333 0.008333333333333333
5 0.32416666666666666 0.8791666666666667 0.013333333333333334 0.015
5 0.33916666666666667 0.5716666666666667 0.016666666666666666 0.015
5 0.835 0.36 0.008333333333333333 0.008333333333333333
