5 0.4141666666666667 0.25583333333333336 0.006666666666666667 0.006666666666666667
5 0.34 0.2708333333333333 0.011666666666666667 0.01
5 0.11583333333333333 0.8241666666666667 0.01 0.01
5 0.6358333333333334 0.605 0.013333333333333334 0.013333333333333334
5 0.44583333333333336 0.5308333333333334 0.008333333333333333 0.008333333333333333
5 0.3475 0.25833333333333336 0.008333333333333333 0.008333333333333333
5 0.5733333333333334 0.7683333333333333 0.013333333333333334 0.013333333333333334
5 0.8191666666666667 0.69 0.016666666666666666 0.016666666666666666
5 0.095 0.4841666666666667 0.016666666666666666 0.015
5 0.8766666666666667 0.43416666666666665 0.015 0.011666666666666667
5 0.058333333333333334 0.4091666666666667 0.013333333333333334 0.013333333333333334
