5 0.4708333333333333 0.09 0.01 0.011666666666666667
5 0.9258333333333333 0.7358333333333333 0.01 0.01
5 0.07333333333333333 0.9875 0.008333333333333333 0.008333333333333333
5 0.25083333333333335 0.03 0.015 0.013333333333333334
5 0.7233333333333334 0.6258333333333334 0.016666666666666666 0.018333333333333333
5 0.4558333333333333 0.655 0.01 0.011666666666666667
5 0.29833333333333334 0.7858333333333334 0.008333333333333333 0.008333333333333333
5 0.6791666666666667 0.22666666666666666 0.013333333333333334 0.016666666666666666
5 0.6916666666666667 0.023333333333333334 0.013333333333333334 0.016666666666666666
5 0.49583333333333335 0.24333333333333335 0.018333333333333333 0.016666666666666666
5 0.6925 0.945 0.015 0.011666666666666667
