5 0.4741666666666667 0.5841666666666666 0.01 0.011666666666666667
5 0.17 0.15583333333333332 0.006666666666666667 0.008333333333333333
5 0.3825 0.8708333333333333 0.013333333333333334 0.025
5 0.11 0.95 0.01 0.01
5 0.8133333333333334 0.16916666666666666 0.016666666666666666 0.011666666666666667
5 0.3175 0.03333333333333333 0.011666666666666667 0.011666666666666667
5 0.20416666666666666 0.195 0.018333333333333333 0.025
5 0.7166666666666667 0.9808333333333333 0.008333333333333333 0.008333333333333333
5 0.04083333333333333 0.7375 0.006666666666666667 0.006666666666666667
5 0.025833333333333333 0.8858333333333334 0.021666666666666667 0.018333333333333333
5 0.725 0.020833333333333332 0.015 0.016666666666666666
5 0.2825 0.7091666666666666 0.013333333333333334 0.015
5 0.1625 0.9275 0.01 0.01
5 0.8616666666666667 0.44166666666666665 0.016666666666666666 0.015
5 0.1725 0.5275 0.008333333333333333 0.008333333333333333
5 0.4058333333333333 0.96 0.013333333333333334 0.015
5 0.8425 0.3025 0.008333333333333333 0.008333333333333333
6 0.38916666666666666 0.965 0.02 0.028333333333333332
6 0.43166666666666664 0.8175 0.01 0.018333333333333333
6 0.9216666666666666 0.2975 0.02 0.041666666666666664
