8.0 0.2857583333333334 0.5530455935501808 0.3353 0.6538782318598833
5 0.06416666666666666 0.32916666666666666 0.006666666666666667 0.006666666666666667
5 0.8516666666666667 0.9741666666666666 0.008333333333333333 0.008333333333333333
5 0.15083333333333335 0.1475 0.008333333333333333 0.008333333333333333
5 0.395 0.5041666666666667 0.008333333333333333 0.008333333333333333
5 0.105 0.008333333333333333 0.018333333333333333 0.016666666666666666
5 0.615 0.29 0.008333333333333333 0.006666666666666667
5 0.9358333333333333 0.7908333333333334 0.018333333333333333 0.021666666666666667
5 0.7383333333333333 0.3825 0.01 0.01
5 0.4033333333333333 0.33666666666666667 0.02 0.015
5 0.8383333333333334 0.5725 0.008333333333333333 0.008333333333333333
5 0.08 0.4741666666666667 0.006666666666666667 0.006666666666666667
