5 0.485 0.545 0.016666666666666666 0.015
5 0.7641666666666667 0.8816666666666667 0.008333333333333333 0.006666666666666667
5 0.6233333333333333 0.15583333333333332 0.01 0.008333333333333333
5 0.06416666666666666 0.26666666666666666 0.013333333333333334 0.013333333333333334
5 0.5891666666666666 0.16166666666666665 0.013333333333333334 0.015
5 0.18666666666666668 0.5375 0.01 0.011666666666666667
5 0.8816666666666667 0.7633333333333333 0.011666666666666667 0.01
5 0.45416666666666666 0.6733333333333333 0.013333333333333334 0.015
5 0.051666666666666666 0.10416666666666667 0.006666666666666667 0.005
5 0.5091666666666667 0.205 0.011666666666666667 0.01
5 0.31333333333333335 0.7591666666666667 0.008333333333333333 0.01
5 0.47833333333333333 0.8433333333333334 0.008333333333333333 0.008333333333333333
5 0.48 0.28833333333333333 0.018333333333333333 0.016666666666666666
5 0.5758333333333333 0.7725 0.01 0.011666666666666667
5 0.019166666666666665 0.33916666666666667 0.015 0.013333333333333334
5 0.49083333333333334 0.3 0.011666666666666667 0.011666666666666667
5 0.44916666666666666 0.275 0.008333333333333333 0.008333333333333333
