5 0.5208333333333334 0.009166666666666667 0.008333333333333333 0.01
5 0.09916666666666667 0.25916666666666666 0.006666666666666667 0.008333333333333333
5 0.2725 0.45166666666666666 0.01 0.01
5 0.6025 0.09666666666666666 0.015 0.013333333333333334
5 0.17583333333333334 0.9233333333333333 0.006666666666666667 0.008333333333333333
5 0.8866666666666667 0.5833333333333334 0.016666666666666666 0.016666666666666666
5 0.4508333333333333 0.31833333333333336 0.006666666666666667 0.008333333333333333
5 0.9391666666666667 0.8816666666666667 0.008333333333333333 0.008333333333333333
5 0.405 0.88 0.006666666666666667 0.006666666666666667
5 0.8191666666666667 0.2608333333333333 0.016666666666666666 0.011666666666666667
3 0.6058333333333333 0.9266666666666666 0.11666666666666667 0.14666666666666667
3 0.20166666666666666 0.07833333333333334 0.23333333333333334 0.125
