1.0 0.20752500000000004 0.4245315540728385 0.025325 0.025404503753127607
1.0 0.690725 0.32735891020294694 0.032433333333333335 0.0334278565471226
1.0 0.7717666666666667 0.8125298860161246 0.0244 0.02585487906588824
5 0.8408333333333333 0.2675 0.01 0.008333333333333333
5 0.7433333333333333 0.12333333333333334 0.013333333333333334 0.013333333333333334
5 0.7191666666666666 0.9091666666666667 0.006666666666666667 0.006666666666666667
5 0.7466666666666667 0.6666666666666666 0.01 0.011666666666666667
5 0.8608333333333333 0.07666666666666666 0.011666666666666667 0.013333333333333334
5 0.7666666666666667 0.7758333333333334 0.02 0.021666666666666667
5 0.41333333333333333 0.6083333333333333 0.006666666666666667 0.006666666666666667
5 0.415 0.5233333333333333 0.008333333333333333 0.006666666666666667
5 0.04833333333333333 0.1875 0.008333333333333333 0.008333333333333333
5 0.5616666666666666 0.11583333333333333 0.006666666666666667 0.006666666666666667
5 0.6191666666666666 0.45666666666666667 0.01 0.008333333333333333
5 0.7191666666666666 0.8675 0.011666666666666667 0.011666666666666667
5 0.5016666666666667 0.9208333333333333 0.02 0.018333333333333333
5 0.42833333333333334 0.16166666666666665 0.008333333333333333 0.01
5 0.9783333333333334 0.5516666666666666 0.011666666666666667 0.011666666666666667
5 0.8191666666666667 0.2966666666666667 0.006666666666666667 0.006666666666666667
5 0.5483333333333333 0.3775 0.016666666666666666 0.016666666666666666
5 0.20916666666666667 0.11666666666666667 0.015 0.013333333333333334
5 0.8425 0.10333333333333333 0.013333333333333334 0.013333333333333334
0 0.6125 0.8741666666666666 0.023333333333333334 0.021666666666666667
0 0.45416666666666666 0.345 0.016666666666666666 0.013333333333333334
