5 0.5208333333333334 0.09583333333333334 0.016666666666666666 0.018333333333333333
5 0.9758333333333333 0.6641666666666667 0.015 0.013333333333333334
5 0.8933333333333333 0.30083333333333334 0.01 0.01
5 0.3025 0.7216666666666667 0.02 0.015
5 0.6083333333333333 0.8233333333333334 0.008333333333333333 0.008333333333333333
5 0.018333333333333333 0.5525 0.008333333333333333 0.008333333333333333
5 0.5791666666666667 0.9141666666666667 0.008333333333333333 0.006666666666666667
5 0.7933333333333333 0.43333333333333335 0.008333333333333333 0.008333333333333333
5 0.6616666666666666 0.795 0.008333333333333333 0.01
5 0.5525 0.09916666666666667 0.008333333333333333 0.008333333333333333
5 0.5283333333333333 0.49916666666666665 0.01 0.01
5 0.4666666666666667 0.675 0.013333333333333334 0.013333333333333334
5 0.5283333333333333 0.6666666666666666 0.008333333333333333 0.008333333333333333
