8.0 0.2940916666666667 0.5580455935501807 0.3353 0.6538782318598833
5 0.3016666666666667 0.6675 0.006666666666666667 0.008333333333333333
5 0.22666666666666666 0.4508333333333333 0.015 0.016666666666666666
5 0.10833333333333334 0.375 0.006666666666666667 0.006666666666666667
5 0.4141666666666667 0.48333333333333334 0.006666666666666667 0.006666666666666667
5 0.6525 0.665 0.013333333333333334 0.011666666666666667
5 0.030833333333333334 0.565 0.006666666666666667 0.005
5 0.8675 0.9808333333333333 0.016666666666666666 0.015
5 0.5475 0.9566666666666667 0.015 0.011666666666666667
5 0.56 0.445 0.006666666666666667 0.008333333333333333
5 0.8991666666666667 0.7666666666666667 0.01 0.008333333333333333
5 0.014166666666666666 0.9016666666666666 0.01 0.01
5 0.6908333333333333 0.0725 0.016666666666666666 0.015
5 0.5008333333333334 0.18916666666666668 0.021666666666666667 0.02
5 0.3591666666666667 0.9441666666666667 0.018333333333333333 0.016666666666666666
5 0.78 0.48833333333333334 0.016666666666666666 0.015
