5 0.7858333333333334 0.13083333333333333 0.008333333333333333 0.008333333333333333
5 0.3958333333333333 0.7366666666666667 0.011666666666666667 0.01
5 0.84 0.7 0.016666666666666666 0.015
5 0.6608333333333334 0.115 0.016666666666666666 0.015
5 0.1775 0.5791666666666667 0.015 0.013333333333333334
5 0.1325 0.08166666666666667 0.015 0.013333333333333334
5 0.8291666666666667 0.68 0.008333333333333333 0.008333333333333333
5 0.36583333333333334 0.815 0.008333333333333333 0.008333333333333333
5 0.9758333333333333 0.7625 0.013333333333333334 0.01
5 0.9558333333333333 0.018333333333333333 0.008333333333333333 0.008333333333333333
5 0.3491666666666667 0.021666666666666667 0.011666666666666667 0.01
5 0.3858333333333333 0.9591666666666666 0.006666666666666667 0.006666666666666667
5 0.30666666666666664 0.5808333333333333 0.011666666666666667 0.01
5 0.049166666666666664 0.5125 0.008333333333333333 0.008333333333333333
5 0.3258333333333333 0.8766666666666667 0.01 0.011666666666666667
5 0.8383333333333334 0.07666666666666666 0.008333333333333333 0.008333333333333333
5 0.5441666666666667 0.91 0.01 0.01
5 0.25416666666666665 0.4025 0.016666666666666666 0.02
5 0.9475 0.515 0.013333333333333334 0.011666666666666667
