5 0.7191666666666666 0.24333333333333335 0.016666666666666666 0.018333333333333333
5 0.13916666666666666 0.2841666666666667 0.016666666666666666 0.018333333333333333
5 0.26916666666666667 0.9491666666666667 0.008333333333333333 0.008333333333333333
5 0.6908333333333333 0.275 0.006666666666666667 0.01
5 0.8875 0.6175 0.006666666666666667 0.006666666666666667
5 0.6016666666666667 0.28583333333333333 0.02 0.018333333333333333
5 0.014166666666666666 0.5058333333333334 0.01 0.01
5 0.5075 0.7858333333333334 0.016666666666666666 0.015
5 0.20416666666666666 0.6616666666666666 0.011666666666666667 0.01
5 0.4025 0.5725 0.018333333333333333 0.016666666666666666
5 0.6208333333333333 0.15583333333333332 0.018333333333333333 0.018333333333333333
