4.0 0.0783870214752568 0.7829859813084111 0.08363211951447246 0.13842056074766357
4.0 0.48151493930905703 0.5069018691588785 0.08781512605042016 0.07545794392523364
4.0 0.8264355742296919 0.3642383177570093 0.10249299719887955 0.10450467289719625
4.0 0.6371451914098973 0.9568457943925234 0.1273856209150327 0.05834579439252337
5.0 0.6308613445378151 0.35502336448598126 0.011559290382819795 0.011102803738317757
5 0.4008333333333333 0.8283333333333334 0.01 0.016666666666666666
5 0.8033333333333333 0.7925 0.013333333333333334 0.01
5 0.4875 0.7666666666666667 0.015 0.013333333333333334
5 0.5833333333333334 0.4708333333333333 0.008333333333333333 0.008333333333333333
5 0.7991666666666667 0.7908333333333334 0.01 0.01
5 0.09083333333333334 0.40166666666666667 0.015 0.018333333333333333
5 0.08583333333333333 0.55 0.015 0.013333333333333334
5 0.9758333333333333 0.7858333333333334 0.013333333333333334 0.013333333333333334
5 0.2325 0.23916666666666667 0.01 0.008333333333333333
5 0.595 0.9308333333333333 0.011666666666666667 0.011666666666666667
5 0.5125 0.8458333333333333 0.01 0.011666666666666667
5 0.5775 0.15583333333333332 0.008333333333333333 0.008333333333333333
5 0.945 0.2425 0.006666666666666667 0.008333333333333333
5 0.5691666666666667 0.8275 0.006666666666666667 0.006666666666666667
