5 0.9008333333333334 0.7175 0.015 0.016666666666666666
5 0.8091666666666667 0.7341666666666666 0.008333333333333333 0.008333333333333333
5 0.6408333333333334 0.5941666666666666 0.008333333333333333 0.008333333333333333
5 0.5141666666666667 0.385 0.015 0.013333333333333334
5 0.23333333333333334 0.9708333333333333 0.008333333333333333 0.008333333333333333
5 0.23 0.25583333333333336 0.016666666666666666 0.02
5 0.175 0.7383333333333333 0.008333333333333333 0.008333333333333333
5 0.39166666666666666 0.3908333333333333 0.018333333333333333 0.021666666666666667
5 0.9116666666666666 0.235 0.018333333333333333 0.016666666666666666
5 0.19166666666666668 0.7958333333333333 0.006666666666666667 0.006666666666666667
5 0.3383333333333333 0.7416666666666667 0.011666666666666667 0.013333333333333334
5 0.495 0.885 0.006666666666666667 0.008333333333333333
5 0.059166666666666666 0.9733333333333334 0.013333333333333334 0.013333333333333334
5 0.21333333333333335 0.8791666666666667 0.015 0.013333333333333334
5 0.17 0.26916666666666667 0.008333333333333333 0.008333333333333333
5 0.7033333333333334 0.23833333333333334 0.016666666666666666 0.016666666666666666
5 0.4975 0.6591666666666667 0.01 0.011666666666666667
5 0.23166666666666666 0.015 0.008333333333333333 0.008333333333333333
