5 0.8108333333333333 0.07333333333333333 0.013333333333333334 0.013333333333333334
5 0.0325 0.875 0.008333333333333333 0.008333333333333333
5 0.6933333333333334 0.1375 0.013333333333333334 0.011666666666666667
5 0.97 0.16416666666666666 0.01 0.008333333333333333
5 0.09166666666666666 0.09833333333333333 0.018333333333333333 0.016666666666666666
5 0.2991666666666667 0.5733333333333334 0.016666666666666666 0.018333333333333333
5 0.22833333333333333 0.785 0.006666666666666667 0.005
5 0.5191666666666667 0.5716666666666667 0.006666666666666667 0.006666666666666667
5 0.7125 0.2025 0.01 0.011666666666666667
5 0.0325 0.5391666666666667 0.011666666666666667 0.011666666666666667
5 0.88 0.7283333333333334 0.008333333333333333 0.006666666666666667
5 0.32916666666666666 0.32916666666666666 0.013333333333333334 0.015
5 0.14666666666666667 0.21416666666666667 0.015 0.013333333333333334
5 0.4975 0.3775 0.008333333333333333 0.008333333333333333
5 0.35333333333333333 0.059166666666666666 0.008333333333333333 0.008333333333333333
5 0.5733333333333334 0.7025 0.011666666666666667 0.01
5 0.6758333333333333 0.13833333333333334 0.018333333333333333 0.016666666666666666
5 0.02 0.07333333333333333 0.008333333333333333 0.008333333333333333
5 0.42083333333333334 0.7991666666666667 0.016666666666666666 0.02
