5 0.06 0.6375 0.006666666666666667 0.006666666666666667
5 0.3883333333333333 0.0625 0.008333333333333333 0.006666666666666667
5 0.4725 0.5258333333333334 0.016666666666666666 0.015
5 0.058333333333333334 0.5325 0.016666666666666666 0.015
5 0.09916666666666667 0.5708333333333333 0.015 0.016666666666666666
5 0.39916666666666667 0.15416666666666667 0.016666666666666666 0.015
5 0.2991666666666667 0.3225 0.008333333333333333 0.008333333333333333
5 0.7241666666666666 0.4741666666666667 0.01 0.008333333333333333
5 0.2783333333333333 0.9783333333333334 0.008333333333333333 0.008333333333333333
5 0.48333333333333334 0.25416666666666665 0.018333333333333333 0.016666666666666666
