5 0.4975 0.9608333333333333 0.016666666666666666 0.015
5 0.8866666666666667 0.63 0.008333333333333333 0.008333333333333333
5 0.7816666666666666 0.7233333333333334 0.01 0.008333333333333333
5 0.8583333333333333 0.2866666666666667 0.008333333333333333 0.006666666666666667
5 0.5316666666666666 0.8066666666666666 0.011666666666666667 0.01
5 0.8558333333333333 0.43916666666666665 0.01 0.01
5 0.205 0.9033333333333333 0.021666666666666667 0.021666666666666667
5 0.5466666666666666 0.9358333333333333 0.018333333333333333 0.025
5 0.555 0.24833333333333332 0.008333333333333333 0.008333333333333333
5 0.4675 0.14416666666666667 0.006666666666666667 0.008333333333333333
5 0.6 0.23583333333333334 0.008333333333333333 0.008333333333333333
5 0.7466666666666667 0.2175 0.015 0.011666666666666667
5 0.8766666666666667 0.9216666666666666 0.011666666666666667 0.011666666666666667
5 0.2816666666666667 0.3125 0.006666666666666667 0.006666666666666667
5 0.49916666666666665 0.925 0.008333333333333333 0.008333333333333333
5 0.4816666666666667 0.7383333333333333 0.01 0.011666666666666667
5 0.8175 0.205 0.011666666666666667 0.011666666666666667
5 0.7358333333333333 0.46 0.013333333333333334 0.015
