5 0.3308333333333333 0.8225 0.013333333333333334 0.011666666666666667
5 0.8233333333333334 0.945 0.021666666666666667 0.021666666666666667
5 0.021666666666666667 0.6233333333333333 0.016666666666666666 0.015
5 0.29583333333333334 0.13416666666666666 0.015 0.011666666666666667
5 0.7058333333333333 0.125 0.013333333333333334 0.025
5 0.9008333333333334 0.3983333333333333 0.016666666666666666 0.015
5 0.14666666666666667 0.8733333333333333 0.008333333333333333 0.008333333333333333
5 0.013333333333333334 0.6516666666666666 0.016666666666666666 0.011666666666666667
5 0.41 0.6625 0.008333333333333333 0.008333333333333333
5 0.5375 0.22416666666666665 0.011666666666666667 0.011666666666666667
0 0.3325 0.6358333333333334 0.015 0.016666666666666666
0 0.31583333333333335 0.485 0.016666666666666666 0.016666666666666666
