5 0.9466666666666667 0.4266666666666667 0.016666666666666666 0.015
5 0.37166666666666665 0.8191666666666667 0.006666666666666667 0.006666666666666667
5 0.115 0.7925 0.006666666666666667 0.006666666666666667
5 0.795 0.36666666666666664 0.02 0.02
5 0.6358333333333334 0.23916666666666667 0.008333333333333333 0.008333333333333333
5 0.8366666666666667 0.8541666666666666 0.011666666666666667 0.011666666666666667
5 0.2816666666666667 0.7308333333333333 0.008333333333333333 0.008333333333333333
5 0.305 0.013333333333333334 0.011666666666666667 0.011666666666666667
5 0.5866666666666667 0.39 0.015 0.018333333333333333
5 0.84 0.8191666666666667 0.013333333333333334 0.016666666666666666
5 0.06916666666666667 0.16333333333333333 0.008333333333333333 0.008333333333333333
