5 0.3458333333333333 0.8691666666666666 0.021666666666666667 0.02
5 0.43 0.9241666666666667 0.015 0.015
5 0.8591666666666666 0.89 0.008333333333333333 0.008333333333333333
5 0.4825 0.7458333333333333 0.01 0.011666666666666667
5 0.37166666666666665 0.3491666666666667 0.008333333333333333 0.008333333333333333
5 0.18583333333333332 0.9666666666666667 0.01 0.01
5 0.7041666666666667 0.7083333333333334 0.01 0.011666666666666667
5 0.13083333333333333 0.8541666666666666 0.008333333333333333 0.008333333333333333
5 0.6408333333333334 0.06916666666666667 0.01 0.01
5 0.06333333333333334 0.6766666666666666 0.01 0.011666666666666667
5 0.2866666666666667 0.19916666666666666 0.016666666666666666 0.015
5 0.6433333333333333 0.17916666666666667 0.006666666666666667 0.006666666666666667
5 0.24666666666666667 0.4975 0.016666666666666666 0.016666666666666666
