5 0.5766666666666667 0.3825 0.013333333333333334 0.013333333333333334
5 0.3541666666666667 0.735 0.016666666666666666 0.015
5 0.7483333333333333 0.2966666666666667 0.02 0.016666666666666666
5 0.023333333333333334 0.3383333333333333 0.01 0.016666666666666666
5 0.9683333333333334 0.6333333333333333 0.008333333333333333 0.008333333333333333
5 0.61 0.9416666666666667 0.008333333333333333 0.006666666666666667
5 0.8641666666666666 0.7616666666666667 0.006666666666666667 0.006666666666666667
5 0.43166666666666664 0.6166666666666667 0.008333333333333333 0.008333333333333333
5 0.6025 0.9441666666666667 0.008333333333333333 0.01
5 0.8583333333333333 0.6083333333333333 0.008333333333333333 0.008333333333333333
5 0.3225 0.6216666666666667 0.02 0.018333333333333333
