5 0.056666666666666664 0.29833333333333334 0.011666666666666667 0.011666666666666667
5 0.39416666666666667 0.97 0.01 0.01
5 0.37083333333333335 0.31833333333333336 0.01 0.011666666666666667
5 0.8675 0.8558333333333333 0.011666666666666667 0.011666666666666667
5 0.1925 0.5483333333333333 0.006666666666666667 0.006666666666666667
5 0.8341666666666666 0.7525 0.006666666666666667 0.005
5 0.9291666666666667 0.915 0.011666666666666667 0.011666666666666667
5 0.5916666666666667 0.07583333333333334 0.008333333333333333 0.008333333333333333
5 0.6091666666666666 0.30416666666666664 0.013333333333333334 0.013333333333333334
5 0.7733333333333333 0.09583333333333334 0.01 0.01
5 0.4791666666666667 0.31 0.013333333333333334 0.015
5 0.8933333333333333 0.7266666666666667 0.015 0.013333333333333334
