5 0.2791666666666667 0.6633333333333333 0.008333333333333333 0.008333333333333333
5 0.2608333333333333 0.16416666666666666 0.008333333333333333 0.008333333333333333
5 0.6025 0.45916666666666667 0.016666666666666666 0.015
5 0.295 0.2783333333333333 0.013333333333333334 0.016666666666666666
5 0.6058333333333333 0.805 0.011666666666666667 0.01
5 0.5375 0.5916666666666667 0.01 0.011666666666666667
5 0.006666666666666667 0.12583333333333332 0.013333333333333334 0.016666666666666666
5 0.25583333333333336 0.7558333333333334 0.016666666666666666 0.018333333333333333
5 0.43416666666666665 0.12083333333333333 0.016666666666666666 0.011666666666666667
5 0.6158333333333333 0.4 0.013333333333333334 0.011666666666666667
5 0.285 0.25333333333333335 0.011666666666666667 0.01
5 0.5616666666666666 0.385 0.01 0.01
5 0.23 0.7525 0.01 0.008333333333333333
5 0.6175 0.1425 0.008333333333333333 0.008333333333333333
5 0.9683333333333334 0.96 0.013333333333333334 0.013333333333333334
5 0.9625 0.30666666666666664 0.01 0.008333333333333333
5 0.43666666666666665 0.49 0.008333333333333333 0.006666666666666667
