5 0.38083333333333336 0.44 0.015 0.016666666666666666
5 0.7191666666666666 0.27666666666666667 0.008333333333333333 0.008333333333333333
5 0.7425 0.6775 0.016666666666666666 0.015
5 0.9341666666666667 0.8741666666666666 0.008333333333333333 0.008333333333333333
5 0.20833333333333334 0.3858333333333333 0.018333333333333333 0.018333333333333333
5 0.81 0.6083333333333333 0.01 0.01
5 0.26666666666666666 0.0275 0.008333333333333333 0.008333333333333333
5 0.8091666666666667 0.02666666666666667 0.016666666666666666 0.015
5 0.016666666666666666 0.5375 0.011666666666666667 0.01
5 0.7741666666666667 0.17666666666666667 0.008333333333333333 0.01
5 0.6608333333333334 0.015 0.01 0.011666666666666667
5 0.34833333333333333 0.26916666666666667 0.006666666666666667 0.005
