1.0 0.18835833333333332 0.41369822073950513 0.025325 0.025404503753127607
1.0 0.6715583333333333 0.3165255768696136 0.032433333333333335 0.0334278565471226
1.0 0.7525999999999999 0.8016965526827913 0.0244 0.02585487906588824
5 0.35 0.9383333333333334 0.016666666666666666 0.016666666666666666
5 0.3233333333333333 0.075 0.008333333333333333 0.008333333333333333
5 0.2725 0.13833333333333334 0.008333333333333333 0.01
5 0.25333333333333335 0.27 0.016666666666666666 0.018333333333333333
5 0.085 0.9866666666666667 0.013333333333333334 0.013333333333333334
5 0.965 0.2683333333333333 0.006666666666666667 0.006666666666666667
5 0.7883333333333333 0.2791666666666667 0.008333333333333333 0.006666666666666667
5 0.9441666666666667 0.021666666666666667 0.011666666666666667 0.013333333333333334
5 0.39416666666666667 0.6808333333333333 0.015 0.016666666666666666
