5 0.5308333333333334 0.17083333333333334 0.006666666666666667 0.008333333333333333
5 0.5683333333333334 0.04666666666666667 0.01 0.011666666666666667
5 0.9508333333333333 0.065 0.01 0.01
5 0.7975 0.79 0.008333333333333333 0.008333333333333333
5 0.1525 0.4891666666666667 0.008333333333333333 0.008333333333333333
5 0.2816666666666667 0.8741666666666666 0.008333333333333333 0.008333333333333333
5 0.8691666666666666 0.013333333333333334 0.008333333333333333 0.008333333333333333
5 0.1375 0.5891666666666666 0.013333333333333334 0.011666666666666667
5 0.8033333333333333 0.018333333333333333 0.02 0.02
5 0.5216666666666666 0.6141666666666666 0.016666666666666666 0.016666666666666666
5 0.5891666666666666 0.10333333333333333 0.008333333333333333 0.008333333333333333
5 0.7775 0.4658333333333333 0.01 0.008333333333333333
5 0.051666666666666666 0.37916666666666665 0.016666666666666666 0.015
5 0.22666666666666666 0.0625 0.013333333333333334 0.013333333333333334
5 0.45416666666666666 0.0575 0.016666666666666666 0.02
5 0.98 0.9816666666666667 0.008333333333333333 0.008333333333333333
5 0.025 0.51 0.011666666666666667 0.01
5 0.275 0.4666666666666667 0.015 0.015
0 0.4575 0.5058333333333334 0.018333333333333333 0.015
0 0.5766666666666667 0.8391666666666666 0.03666666666666667 0.03833333333333333
0 0.11166666666666666 0.5766666666666667 0.011666666666666667 0.013333333333333334
0 0.20416666666666666 0.20166666666666666 0.016666666666666666 0.023333333333333334
0 0.29083333333333333 0.8125 0.03 0.03166666666666667
0 0.36833333333333335 0.7591666666666667 0.016666666666666666 0.016666666666666666
0 0.5041666666666667 0.51 0.013333333333333334 0.011666666666666667
0 0.36083333333333334 0.7991666666666667 0.01 0.013333333333333334
