5 0.9733333333333334 0.27416666666666667 0.013333333333333334 0.01
5 0.6166666666666667 0.3516666666666667 0.01 0.008333333333333333
5 0.21833333333333332 0.9616666666666667 0.008333333333333333 0.008333333333333333
5 0.011666666666666667 0.6083333333333333 0.008333333333333333 0.008333333333333333
5 0.028333333333333332 0.7108333333333333 0.01 0.011666666666666667
5 0.04083333333333333 0.8625 0.01 0.01
5 0.32916666666666666 0.8466666666666667 0.01 0.011666666666666667
5 0.38416666666666666 0.023333333333333334 0.01 0.01
5 0.4575 0.48583333333333334 0.006666666666666667 0.006666666666666667
0 0.4575 0.4275 0.02 0.021666666666666667
0 0.075 0.5375 0.01 0.01
0 0.8833333333333333 0.006666666666666667 0.016666666666666666 0.013333333333333334
0 0.77 0.8733333333333333 0.018333333333333333 0.016666666666666666
0 0.44583333333333336 0.09833333333333333 0.021666666666666667 0.025
0 0.10666666666666667 0.7558333333333334 0.02666666666666667 0.028333333333333332
