8.0 0.31994509313316655 0.5220769230769231 0.25005004170141787 0.7171880341880342
5 0.9058333333333334 0.43166666666666664 0.013333333333333334 0.013333333333333334
5 0.7366666666666667 0.2608333333333333 0.011666666666666667 0.01
5 0.09416666666666666 0.7475 0.01 0.01
5 0.9266666666666666 0.7016666666666667 0.013333333333333334 0.013333333333333334
5 0.08583333333333333 0.09083333333333334 0.016666666666666666 0.016666666666666666
5 0.9616666666666667 0.5858333333333333 0.006666666666666667 0.008333333333333333
5 0.7475 0.7658333333333334 0.008333333333333333 0.008333333333333333
5 0.3566666666666667 0.8008333333333333 0.008333333333333333 0.005
5 0.765 0.04416666666666667 0.013333333333333334 0.015
5 0.28833333333333333 0.8075 0.02 0.015
5 0.5908333333333333 0.4875 0.01 0.011666666666666667
5 0.0475 0.0275 0.008333333333333333 0.008333333333333333
0 0.7233333333333334 0.9708333333333333 0.015 0.011666666666666667
0 0.0125 0.2925 0.011666666666666667 0.015
