5 0.49416666666666664 0.9875 0.016666666666666666 0.016666666666666666
5 0.4766666666666667 0.18583333333333332 0.021666666666666667 0.018333333333333333
5 0.49083333333333334 0.44166666666666665 0.006666666666666667 0.006666666666666667
5 0.08416666666666667 0.7025 0.013333333333333334 0.013333333333333334
5 0.4225 0.2783333333333333 0.013333333333333334 0.013333333333333334
5 0.795 0.9908333333333333 0.006666666666666667 0.006666666666666667
5 0.06916666666666667 0.16916666666666666 0.006666666666666667 0.006666666666666667
5 0.48833333333333334 0.4066666666666667 0.013333333333333334 0.015
0 0.905 0.8933333333333333 0.025 0.023333333333333334
0 0.8058333333333333 0.2733333333333333 0.015 0.015
0 0.10166666666666667 0.1325 0.01 0.011666666666666667
0 0.8258333333333333 0.22 0.03 0.03166666666666667
0 0.37333333333333335 0.5 0.03333333333333333 0.03333333333333333
