5 0.19583333333333333 0.49333333333333335 0.01 0.008333333333333333
5 0.0175 0.4141666666666667 0.015 0.011666666666666667
5 0.4633333333333333 0.7366666666666667 0.008333333333333333 0.008333333333333333
5 0.028333333333333332 0.043333333333333335 0.006666666666666667 0.006666666666666667
5 0.8975 0.5433333333333333 0.006666666666666667 0.008333333333333333
5 0.03333333333333333 0.8133333333333334 0.008333333333333333 0.008333333333333333
5 0.48333333333333334 0.9825 0.013333333333333334 0.011666666666666667
5 0.9408333333333333 0.8725 0.01 0.008333333333333333
5 0.06333333333333334 0.7816666666666666 0.016666666666666666 0.018333333333333333
5 0.46 0.4791666666666667 0.008333333333333333 0.008333333333333333
5 0.9866666666666667 0.9025 0.01 0.011666666666666667
5 0.05 0.21416666666666667 0.011666666666666667 0.013333333333333334
5 0.3466666666666667 0.2025 0.015 0.013333333333333334
5 0.9316666666666666 0.3325 0.02 0.021666666666666667
0 0.44916666666666666 0.2575 0.025 0.028333333333333332
0 0.6641666666666667 0.19333333333333333 0.015 0.023333333333333334
0 0.8558333333333333 0.29333333333333333 0.028333333333333332 0.03166666666666667
3 0.785 0.7191666666666666 0.0875 0.06666666666666667
