5 0.8241666666666667 0.0325 0.013333333333333334 0.013333333333333334
5 0.7941666666666667 0.7008333333333333 0.006666666666666667 0.006666666666666667
5 0.505 0.73 0.01 0.01
5 0.2175 0.1875 0.013333333333333334 0.011666666666666667
5 0.5883333333333334 0.135 0.018333333333333333 0.025
5 0.9016666666666666 0.15333333333333332 0.016666666666666666 0.015
5 0.7533333333333333 0.865 0.013333333333333334 0.015
5 0.365 0.5541666666666667 0.008333333333333333 0.008333333333333333
5 0.5866666666666667 0.6183333333333333 0.011666666666666667 0.011666666666666667
5 0.09 0.23 0.013333333333333334 0.013333333333333334
5 0.7058333333333333 0.53 0.013333333333333334 0.013333333333333334
5 0.5241666666666667 0.6241666666666666 0.008333333333333333 0.008333333333333333
5 0.8041666666666667 0.1025 0.008333333333333333 0.006666666666666667
5 0.8316666666666667 0.55 0.015 0.011666666666666667
5 0.13083333333333333 0.8758333333333334 0.011666666666666667 0.011666666666666667
5 0.06333333333333334 0.44 0.01 0.011666666666666667
5 0.7116666666666667 0.855 0.008333333333333333 0.008333333333333333
5 0.4633333333333333 0.1825 0.01 0.008333333333333333
5 0.17166666666666666 0.16583333333333333 0.016666666666666666 0.015
0 0.42833333333333334 0.024166666666666666 0.011666666666666667 0.01
0 0.5441666666666667 0.8983333333333333 0.016666666666666666 0.018333333333333333
0 0.64 0.8133333333333334 0.016666666666666666 0.013333333333333334
0 0.5241666666666667 0.8425 0.015 0.015
0 0.5983333333333334 0.06416666666666666 0.015 0.011666666666666667
0 0.9191666666666667 0.17166666666666666 0.023333333333333334 0.02666666666666667
0 0.5116666666666667 0.6375 0.018333333333333333 0.02666666666666667
0 0.425 0.305 0.013333333333333334 0.011666666666666667
