5 0.6333333333333333 0.8466666666666667 0.016666666666666666 0.015
5 0.013333333333333334 0.5325 0.013333333333333334 0.013333333333333334
5 0.3075 0.7125 0.008333333333333333 0.008333333333333333
5 0.26666666666666666 0.17416666666666666 0.013333333333333334 0.013333333333333334
5 0.5975 0.7733333333333333 0.006666666666666667 0.006666666666666667
5 0.4508333333333333 0.7633333333333333 0.01 0.01
0 0.16083333333333333 0.8908333333333334 0.01 0.011666666666666667
0 0.98 0.21416666666666667 0.023333333333333334 0.02
0 0.0775 0.7441666666666666 0.023333333333333334 0.03166666666666667
0 0.17166666666666666 0.03 0.025 0.028333333333333332
0 0.17583333333333334 0.685 0.01 0.01
0 0.975 0.5241666666666667 0.016666666666666666 0.016666666666666666
0 0.7925 0.5266666666666666 0.025 0.023333333333333334
