5 0.475 0.9566666666666667 0.006666666666666667 0.006666666666666667
5 0.25833333333333336 0.5558333333333333 0.008333333333333333 0.008333333333333333
5 0.4475 0.4 0.01 0.01
5 0.49916666666666665 0.8991666666666667 0.01 0.01
5 0.9166666666666666 0.21083333333333334 0.011666666666666667 0.01
5 0.12666666666666668 0.6441666666666667 0.018333333333333333 0.021666666666666667
5 0.4083333333333333 0.39666666666666667 0.011666666666666667 0.011666666666666667
5 0.6433333333333333 0.7175 0.015 0.016666666666666666
5 0.37333333333333335 0.405 0.008333333333333333 0.008333333333333333
5 0.09916666666666667 0.8708333333333333 0.013333333333333334 0.013333333333333334
5 0.3441666666666667 0.08 0.008333333333333333 0.008333333333333333
5 0.0375 0.905 0.006666666666666667 0.01
5 0.23083333333333333 0.15416666666666667 0.018333333333333333 0.021666666666666667
5 0.2325 0.8933333333333333 0.013333333333333334 0.013333333333333334
5 0.08416666666666667 0.7791666666666667 0.011666666666666667 0.01
5 0.8616666666666667 0.7833333333333333 0.01 0.01
0 0.5841666666666666 0.48333333333333334 0.045 0.041666666666666664
0 0.35583333333333333 0.7683333333333333 0.018333333333333333 0.015
0 0.07916666666666666 0.185 0.013333333333333334 0.011666666666666667
0 0.9808333333333333 0.04583333333333333 0.023333333333333334 0.021666666666666667
0 0.5091666666666667 0.7233333333333334 0.016666666666666666 0.015
0 0.04416666666666667 0.9608333333333333 0.021666666666666667 0.021666666666666667
0 0.024166666666666666 0.9075 0.03 0.035
0 0.25583333333333336 0.9141666666666667 0.015 0.016666666666666666
0 0.12166666666666667 0.655 0.013333333333333334 0.011666666666666667
