7.0 0.5577166666666667 0.47916180150125104 0.15110833333333334 0.724211843202669
5 0.8558333333333333 0.8083333333333333 0.005 0.006666666666666667
5 0.685 0.8066666666666666 0.018333333333333333 0.018333333333333333
5 0.05333333333333334 0.12166666666666667 0.021666666666666667 0.02
5 0.35083333333333333 0.13333333333333333 0.013333333333333334 0.013333333333333334
5 0.9483333333333334 0.49833333333333335 0.02 0.02
5 0.47333333333333333 0.39416666666666667 0.008333333333333333 0.008333333333333333
5 0.5375 0.3358333333333333 0.013333333333333334 0.015
5 0.9941666666666666 0.25666666666666665 0.008333333333333333 0.008333333333333333
5 0.11916666666666667 0.2658333333333333 0.018333333333333333 0.016666666666666666
5 0.8391666666666666 0.2975 0.006666666666666667 0.008333333333333333
5 0.6725 0.17 0.015 0.015
