5 0.7133333333333334 0.5916666666666667 0.008333333333333333 0.008333333333333333
5 0.6591666666666667 0.8516666666666667 0.015 0.018333333333333333
5 0.7591666666666667 0.07583333333333334 0.013333333333333334 0.013333333333333334
5 0.6816666666666666 0.32666666666666666 0.013333333333333334 0.011666666666666667
5 0.9408333333333333 0.81 0.008333333333333333 0.008333333333333333
5 0.7691666666666667 0.2966666666666667 0.008333333333333333 0.008333333333333333
5 0.955 0.46416666666666667 0.02 0.016666666666666666
5 0.7733333333333333 0.92 0.008333333333333333 0.01
5 0.0625 0.075 0.01 0.01
5 0.09916666666666667 0.2791666666666667 0.008333333333333333 0.006666666666666667
5 0.5508333333333333 0.03333333333333333 0.011666666666666667 0.011666666666666667
5 0.745 0.8358333333333333 0.015 0.013333333333333334
5 0.3433333333333333 0.1625 0.02 0.016666666666666666
5 0.5708333333333333 0.4658333333333333 0.006666666666666667 0.01
5 0.09833333333333333 0.9925 0.006666666666666667 0.006666666666666667
5 0.20666666666666667 0.8558333333333333 0.016666666666666666 0.015
0 0.20583333333333334 0.8858333333333334 0.013333333333333334 0.011666666666666667
0 0.8366666666666667 0.4041666666666667 0.015 0.015
0 0.7575 0.5516666666666666 0.016666666666666666 0.015
0 0.4483333333333333 0.41833333333333333 0.01 0.01
0 0.2991666666666667 0.016666666666666666 0.015 0.02
0 0.6166666666666667 0.08333333333333333 0.008333333333333333 0.011666666666666667
