5 0.4925 0.4325 0.008333333333333333 0.005
5 0.3025 0.6933333333333334 0.008333333333333333 0.008333333333333333
5 0.235 0.7116666666666667 0.01 0.011666666666666667
5 0.31666666666666665 0.8716666666666667 0.011666666666666667 0.011666666666666667
5 0.5958333333333333 0.7441666666666666 0.006666666666666667 0.006666666666666667
5 0.09083333333333334 0.4866666666666667 0.02 0.016666666666666666
5 0.8825 0.9575 0.008333333333333333 0.008333333333333333
5 0.4666666666666667 0.6375 0.018333333333333333 0.016666666666666666
5 0.5191666666666667 0.5008333333333334 0.008333333333333333 0.008333333333333333
5 0.4125 0.0675 0.015 0.016666666666666666
5 0.31666666666666665 0.9708333333333333 0.008333333333333333 0.008333333333333333
5 0.4533333333333333 0.050833333333333335 0.015 0.015
5 0.34 0.28583333333333333 0.006666666666666667 0.006666666666666667
5 0.5808333333333333 0.31833333333333336 0.008333333333333333 0.008333333333333333
5 0.5808333333333333 0.28833333333333333 0.015 0.013333333333333334
