4.0 0.3308083333333333 0.31846330275229356 0.07339166666666666 0.08479566305254378
4.0 0.6543749999999999 0.6492973311092578 0.0872 0.06811509591326105
5 0.7666666666666667 0.7033333333333334 0.01 0.01
5 0.31833333333333336 0.6758333333333333 0.013333333333333334 0.013333333333333334
5 0.31666666666666665 0.6391666666666667 0.008333333333333333 0.008333333333333333
5 0.0925 0.7633333333333333 0.02 0.018333333333333333
5 0.7283333333333334 0.7066666666666667 0.013333333333333334 0.016666666666666666
5 0.09 0.7491666666666666 0.016666666666666666 0.018333333333333333
5 0.6991666666666667 0.7275 0.013333333333333334 0.015
5 0.19833333333333333 0.17083333333333334 0.015 0.013333333333333334
5 0.5333333333333333 0.6991666666666667 0.013333333333333334 0.013333333333333334
5 0.6441666666666667 0.7166666666666667 0.015 0.015
5 0.36583333333333334 0.8508333333333333 0.01 0.008333333333333333
0 0.7391666666666666 0.20833333333333334 0.015 0.018333333333333333
0 0.4841666666666667 0.7691666666666667 0.045 0.041666666666666664
