5 0.525 0.5508333333333333 0.008333333333333333 0.005
5 0.2475 0.395 0.011666666666666667 0.011666666666666667
5 0.3875 0.6491666666666667 0.011666666666666667 0.01
5 0.04083333333333333 0.7191666666666666 0.01 0.01
5 0.6291666666666667 0.9266666666666666 0.01 0.008333333333333333
5 0.8566666666666667 0.435 0.015 0.013333333333333334
5 0.2925 0.6441666666666667 0.02 0.02
5 0.05 0.8883333333333333 0.011666666666666667 0.013333333333333334
5 0.8708333333333333 0.86 0.008333333333333333 0.008333333333333333
5 0.9858333333333333 0.895 0.006666666666666667 0.008333333333333333
5 0.7108333333333333 0.5891666666666666 0.008333333333333333 0.008333333333333333
5 0.2425 0.25333333333333335 0.013333333333333334 0.013333333333333334
0 0.8525 0.10083333333333333 0.011666666666666667 0.011666666666666667
