5 0.9133333333333333 0.23666666666666666 0.013333333333333334 0.016666666666666666
5 0.03333333333333333 0.8541666666666666 0.01 0.01
5 0.8958333333333334 0.8308333333333333 0.008333333333333333 0.01
5 0.05583333333333333 0.058333333333333334 0.008333333333333333 0.01
5 0.16333333333333333 0.31 0.015 0.011666666666666667
5 0.9233333333333333 0.87 0.01 0.01
5 0.8758333333333334 0.14 0.008333333333333333 0.008333333333333333
5 0.06583333333333333 0.35333333333333333 0.01 0.008333333333333333
5 0.7108333333333333 0.8275 0.01 0.01
5 0.7733333333333333 0.6216666666666667 0.016666666666666666 0.015
5 0.44416666666666665 0.9275 0.011666666666666667 0.013333333333333334
5 0.10583333333333333 0.4066666666666667 0.011666666666666667 0.011666666666666667
5 0.5966666666666667 0.41583333333333333 0.015 0.013333333333333334
5 0.009166666666666667 0.94 0.01 0.01
5 0.6091666666666666 0.785 0.016666666666666666 0.015
5 0.20083333333333334 0.09916666666666667 0.01 0.01
5 0.37916666666666665 0.1625 0.013333333333333334 0.015
5 0.20333333333333334 0.8833333333333333 0.011666666666666667 0.015
5 0.7791666666666667 0.585 0.006666666666666667 0.008333333333333333
0 0.4 0.4041666666666667 0.016666666666666666 0.011666666666666667
0 0.8533333333333334 0.8416666666666667 0.018333333333333333 0.016666666666666666
0 0.8825 0.8008333333333333 0.015 0.015
0 0.15916666666666668 0.21583333333333332 0.016666666666666666 0.013333333333333334
0 0.5525 0.6291666666666667 0.018333333333333333 0.015
0 0.8916666666666667 0.9808333333333333 0.02 0.02
0 0.2783333333333333 0.5583333333333333 0.025 0.028333333333333332
