5 0.009166666666666667 0.6091666666666666 0.01 0.011666666666666667
5 0.5108333333333334 0.9283333333333333 0.015 0.013333333333333334
5 0.3466666666666667 0.12583333333333332 0.011666666666666667 0.015
5 0.5433333333333333 0.6391666666666667 0.008333333333333333 0.008333333333333333
5 0.8666666666666667 0.5325 0.01 0.01
5 0.020833333333333332 0.8891666666666667 0.008333333333333333 0.01
5 0.8358333333333333 0.12583333333333332 0.01 0.011666666666666667
5 0.07166666666666667 0.8833333333333333 0.008333333333333333 0.008333333333333333
5 0.1 0.9841666666666666 0.011666666666666667 0.011666666666666667
5 0.029166666666666667 0.2325 0.02 0.015
5 0.21666666666666667 0.005 0.006666666666666667 0.008333333333333333
5 0.455 0.9133333333333333 0.008333333333333333 0.008333333333333333
5 0.13166666666666665 0.3566666666666667 0.008333333333333333 0.008333333333333333
5 0.6875 0.31833333333333336 0.008333333333333333 0.008333333333333333
5 0.09083333333333334 0.9041666666666667 0.006666666666666667 0.008333333333333333
5 0.39416666666666667 0.45416666666666666 0.015 0.015
5 0.97 0.18916666666666668 0.02 0.021666666666666667
5 0.5125 0.2075 0.013333333333333334 0.013333333333333334
0 0.83 0.24333333333333335 0.011666666666666667 0.013333333333333334
