5 0.43333333333333335 0.6275 0.006666666666666667 0.005
5 0.5116666666666667 0.6541666666666667 0.01 0.011666666666666667
5 0.9083333333333333 0.9683333333333334 0.016666666666666666 0.018333333333333333
5 0.44083333333333335 0.8591666666666666 0.023333333333333334 0.021666666666666667
5 0.16666666666666666 0.17 0.016666666666666666 0.015
5 0.5908333333333333 0.8791666666666667 0.005 0.006666666666666667
5 0.2866666666666667 0.95 0.006666666666666667 0.006666666666666667
5 0.24666666666666667 0.15416666666666667 0.01 0.011666666666666667
5 0.8066666666666666 0.3458333333333333 0.015 0.013333333333333334
5 0.15916666666666668 0.5441666666666667 0.01 0.01
5 0.9016666666666666 0.23083333333333333 0.013333333333333334 0.013333333333333334
5 0.8116666666666666 0.5641666666666667 0.01 0.01
5 0.015 0.42583333333333334 0.018333333333333333 0.016666666666666666
5 0.3516666666666667 0.6008333333333333 0.013333333333333334 0.016666666666666666
5 0.9833333333333333 0.135 0.013333333333333334 0.016666666666666666
