5 0.635 0.2658333333333333 0.011666666666666667 0.011666666666666667
5 0.22083333333333333 0.12166666666666667 0.008333333333333333 0.008333333333333333
5 0.3466666666666667 0.049166666666666664 0.01 0.011666666666666667
5 0.13083333333333333 0.6483333333333333 0.013333333333333334 0.011666666666666667
5 0.7466666666666667 0.06583333333333333 0.008333333333333333 0.008333333333333333
5 0.5608333333333333 0.8741666666666666 0.015 0.013333333333333334
5 0.22416666666666665 0.01 0.008333333333333333 0.008333333333333333
5 0.375 0.315 0.01 0.01
5 0.6108333333333333 0.07666666666666666 0.01 0.01
5 0.7616666666666667 0.30666666666666664 0.016666666666666666 0.015
5 0.4116666666666667 0.8491666666666666 0.013333333333333334 0.013333333333333334
5 0.015 0.43083333333333335 0.008333333333333333 0.008333333333333333
5 0.9458333333333333 0.07333333333333333 0.01 0.01
5 0.25916666666666666 0.7225 0.0033333333333333335 0.005
5 0.08916666666666667 0.9608333333333333 0.01 0.008333333333333333
5 0.7633333333333333 0.7158333333333333 0.006666666666666667 0.008333333333333333
