5 0.3358333333333333 0.7908333333333334 0.01 0.01
5 0.8408333333333333 0.625 0.013333333333333334 0.013333333333333334
5 0.9391666666666667 0.425 0.006666666666666667 0.005
5 0.11166666666666666 0.4816666666666667 0.013333333333333334 0.013333333333333334
5 0.6875 0.7525 0.008333333333333333 0.01
5 0.2525 0.9175 0.008333333333333333 0.008333333333333333
5 0.2683333333333333 0.16083333333333333 0.008333333333333333 0.008333333333333333
5 0.7316666666666667 0.2875 0.006666666666666667 0.01
5 0.7783333333333333 0.8866666666666667 0.02 0.018333333333333333
5 0.060833333333333336 0.515 0.013333333333333334 0.013333333333333334
5 0.6275 0.8516666666666667 0.02 0.018333333333333333
