5 0.7466666666666667 0.4891666666666667 0.008333333333333333 0.008333333333333333
5 0.27666666666666667 0.1 0.006666666666666667 0.006666666666666667
5 0.495 0.31 0.015 0.021666666666666667
5 0.025833333333333333 0.25916666666666666 0.006666666666666667 0.01
5 0.9633333333333334 0.8683333333333333 0.008333333333333333 0.01
5 0.07166666666666667 0.9041666666666667 0.006666666666666667 0.006666666666666667
5 0.19083333333333333 0.7083333333333334 0.015 0.013333333333333334
5 0.21333333333333335 0.31916666666666665 0.008333333333333333 0.008333333333333333
5 0.8916666666666667 0.5641666666666667 0.013333333333333334 0.015
5 0.86 0.19666666666666666 0.015 0.013333333333333334
5 0.4275 0.9666666666666667 0.011666666666666667 0.011666666666666667
0 0.7316666666666667 0.13583333333333333 0.028333333333333332 0.023333333333333334
0 0.20083333333333334 0.9241666666666667 0.013333333333333334 0.011666666666666667
0 0.0575 0.5025 0.013333333333333334 0.008333333333333333
0 0.2841666666666667 0.19833333333333333 0.021666666666666667 0.023333333333333334
0 0.7166666666666667 0.9633333333333334 0.02 0.021666666666666667
0 0.8266666666666667 0.7766666666666666 0.01 0.013333333333333334
0 0.39 0.30333333333333334 0.023333333333333334 0.02
0 0.38416666666666666 0.26 0.028333333333333332 0.025
0 0.32416666666666666 0.06416666666666666 0.028333333333333332 0.025
