2.0 0.197075 0.0789692799555185 0.06925833333333334 0.07783986655546288
2.0 0.24220833333333333 0.8017882958020573 0.0873 0.07783986655546288
2.0 0.6532666666666667 0.5161335835418405 0.04554166666666667 0.045871559633027525
0.0 0.9954916666666666 0.11385668612732833 0.010558333333333333 0.014662218515429523
5 0.395 0.6975 0.015 0.016666666666666666
5 0.49583333333333335 0.9508333333333333 0.008333333333333333 0.006666666666666667
5 0.9383333333333334 0.8625 0.013333333333333334 0.01
5 0.21666666666666667 0.9883333333333333 0.006666666666666667 0.006666666666666667
5 0.8775 0.6991666666666667 0.013333333333333334 0.013333333333333334
5 0.7733333333333333 0.009166666666666667 0.011666666666666667 0.011666666666666667
5 0.7566666666666667 0.10416666666666667 0.01 0.01
0 0.9066666666666666 0.4033333333333333 0.018333333333333333 0.016666666666666666
0 0.9616666666666667 0.7841666666666667 0.021666666666666667 0.023333333333333334
