5 0.8391666666666666 0.8433333333333334 0.013333333333333334 0.015
5 0.8525 0.7983333333333333 0.008333333333333333 0.006666666666666667
5 0.0075 0.52 0.008333333333333333 0.01
5 0.78 0.8775 0.006666666666666667 0.006666666666666667
0 0.125 0.4425 0.023333333333333334 0.018333333333333333
0 0.9583333333333334 0.055 0.021666666666666667 0.025
0 0.18666666666666668 0.6966666666666667 0.011666666666666667 0.013333333333333334
0 0.8633333333333333 0.8433333333333334 0.01 0.01
0 0.6675 0.465 0.025 0.02
0 0.21833333333333332 0.4575 0.03 0.02
