5 0.4508333333333333 0.38166666666666665 0.008333333333333333 0.008333333333333333
5 0.6775 0.8883333333333333 0.015 0.011666666666666667
5 0.7158333333333333 0.37083333333333335 0.011666666666666667 0.01
5 0.335 0.7091666666666666 0.01 0.01
5 0.9183333333333333 0.3075 0.008333333333333333 0.008333333333333333
5 0.8516666666666667 0.9541666666666667 0.011666666666666667 0.011666666666666667
5 0.7816666666666666 0.2625 0.015 0.016666666666666666
5 0.9283333333333333 0.44 0.01 0.008333333333333333
5 0.5741666666666667 0.5883333333333334 0.008333333333333333 0.008333333333333333
5 0.91 0.9875 0.013333333333333334 0.013333333333333334
5 0.8708333333333333 0.2 0.006666666666666667 0.006666666666666667
5 0.7675 0.7558333333333334 0.02 0.021666666666666667
5 0.2125 0.6908333333333333 0.013333333333333334 0.013333333333333334
5 0.9958333333333333 0.7625 0.006666666666666667 0.006666666666666667
5 0.605 0.7416666666666667 0.015 0.013333333333333334
