8.0 0.19524444444444441 0.5305622222222223 0.27585777777777776 0.6886844444444444
8.0 0.5138933333333333 0.6497533333333333 0.3336 0.2627911111111111
5 0.6583333333333333 0.9791666666666666 0.006666666666666667 0.006666666666666667
5 0.8225 0.9641666666666666 0.013333333333333334 0.016666666666666666
5 0.20916666666666667 0.45166666666666666 0.016666666666666666 0.015
5 0.4608333333333333 0.7925 0.008333333333333333 0.008333333333333333
5 0.43083333333333335 0.35083333333333333 0.008333333333333333 0.008333333333333333
5 0.4975 0.7866666666666666 0.016666666666666666 0.018333333333333333
5 0.6183333333333333 0.17833333333333334 0.015 0.013333333333333334
5 0.6066666666666667 0.1775 0.011666666666666667 0.011666666666666667
5 0.14 0.9425 0.013333333333333334 0.015
5 0.31416666666666665 0.26 0.011666666666666667 0.01
5 0.255 0.31 0.016666666666666666 0.018333333333333333
5 0.8983333333333333 0.5441666666666667 0.008333333333333333 0.006666666666666667
5 0.9375 0.43 0.008333333333333333 0.008333333333333333
5 0.8108333333333333 0.7008333333333333 0.01 0.01
5 0.8041666666666667 0.8433333333333334 0.01 0.01
5 0.8808333333333334 0.7275 0.008333333333333333 0.008333333333333333
5 0.8316666666666667 0.7416666666666667 0.016666666666666666 0.015
