5 0.09833333333333333 0.20916666666666667 0.016666666666666666 0.015
5 0.8125 0.034166666666666665 0.006666666666666667 0.005
5 0.0825 0.0525 0.011666666666666667 0.01
5 0.33666666666666667 0.775 0.011666666666666667 0.011666666666666667
5 0.06 0.955 0.008333333333333333 0.008333333333333333
5 0.25833333333333336 0.7383333333333333 0.008333333333333333 0.008333333333333333
5 0.24083333333333334 0.7616666666666667 0.01 0.01
5 0.7666666666666667 0.6541666666666667 0.011666666666666667 0.008333333333333333
5 0.36666666666666664 0.9633333333333334 0.008333333333333333 0.01
0 0.24416666666666667 0.52 0.021666666666666667 0.021666666666666667
6 0.04 0.7508333333333334 0.01 0.018333333333333333
