2.0 0.1787416666666667 0.09563594662218511 0.06925833333333334 0.07783986655546288
2.0 0.22387500000000002 0.818454962468724 0.0873 0.07783986655546288
2.0 0.6349333333333333 0.5328002502085071 0.04554166666666667 0.045871559633027525
0.0 0.9771583333333332 0.13052335279399493 0.010558333333333333 0.014662218515429523
5 0.97 0.08666666666666667 0.006666666666666667 0.006666666666666667
5 0.8441666666666666 0.9358333333333333 0.016666666666666666 0.015
5 0.465 0.87 0.008333333333333333 0.008333333333333333
5 0.051666666666666666 0.6841666666666667 0.008333333333333333 0.01
5 0.15333333333333332 0.4091666666666667 0.008333333333333333 0.008333333333333333
5 0.5125 0.8575 0.006666666666666667 0.008333333333333333
5 0.9016666666666666 0.2683333333333333 0.01 0.01
5 0.845 0.9158333333333334 0.018333333333333333 0.016666666666666666
5 0.2325 0.18 0.011666666666666667 0.011666666666666667
5 0.09666666666666666 0.8791666666666667 0.01 0.008333333333333333
5 0.35583333333333333 0.35083333333333333 0.015 0.016666666666666666
5 0.9066666666666666 0.9291666666666667 0.02 0.015
