5 0.9616666666666667 0.05333333333333334 0.008333333333333333 0.006666666666666667
5 0.21166666666666667 0.6325 0.018333333333333333 0.016666666666666666
5 0.5358333333333334 0.6766666666666666 0.018333333333333333 0.016666666666666666
5 0.20833333333333334 0.4325 0.013333333333333334 0.015
5 0.62 0.3925 0.016666666666666666 0.015
5 0.12416666666666666 0.8783333333333333 0.018333333333333333 0.025
5 0.9391666666666667 0.2525 0.01 0.008333333333333333
5 0.4683333333333333 0.13166666666666665 0.006666666666666667 0.006666666666666667
5 0.385 0.7483333333333333 0.015 0.015
5 0.3441666666666667 0.019166666666666665 0.015 0.011666666666666667
5 0.5083333333333333 0.13416666666666666 0.0033333333333333335 0.005
5 0.7958333333333333 0.12 0.016666666666666666 0.015
5 0.7175 0.9366666666666666 0.011666666666666667 0.011666666666666667
5 0.7166666666666667 0.8975 0.016666666666666666 0.035
5 0.39 0.3358333333333333 0.015 0.013333333333333334
5 0.8916666666666667 0.29083333333333333 0.008333333333333333 0.008333333333333333
5 0.9 0.8608333333333333 0.008333333333333333 0.008333333333333333
5 0.21416666666666667 0.42 0.006666666666666667 0.008333333333333333
