7.0 0.55675 0.46803725326661105 0.15805833333333333 0.7297748123436196
5 0.355 0.5883333333333334 0.015 0.011666666666666667
5 0.03166666666666667 0.22833333333333333 0.016666666666666666 0.015
5 0.29083333333333333 0.6075 0.008333333333333333 0.008333333333333333
5 0.9375 0.6966666666666667 0.01 0.01
5 0.2725 0.96 0.008333333333333333 0.01
5 0.715 0.31666666666666665 0.013333333333333334 0.011666666666666667
5 0.4716666666666667 0.9408333333333333 0.008333333333333333 0.008333333333333333
5 0.44333333333333336 0.44333333333333336 0.016666666666666666 0.015
5 0.445 0.08 0.01 0.008333333333333333
5 0.13333333333333333 0.36916666666666664 0.008333333333333333 0.008333333333333333
5 0.9466666666666667 0.375 0.008333333333333333 0.008333333333333333
5 0.915 0.46166666666666667 0.011666666666666667 0.01
5 0.07916666666666666 0.004166666666666667 0.006666666666666667 0.008333333333333333
