0.0 0.08734166666666661 0.11896024464831802 0.01620833333333333 0.01531276063386155
5.0 0.16224166666666662 0.3194940227967751 0.008266666666666667 0.00859049207673061
5.0 0.14592499999999997 0.315565749235474 0.008358333333333332 0.00872393661384487
1.0 0.2058166666666666 0.38872671670836806 0.023966666666666667 0.024728940783986655
1.0 0.7698583333333333 0.7771504031137058 0.024725 0.024820683903252712
1.0 0.6891583333333333 0.2915207117041979 0.0333 0.03199332777314429
5 0.16916666666666666 0.21916666666666668 0.01 0.008333333333333333
5 0.5116666666666667 0.4191666666666667 0.016666666666666666 0.015
5 0.7616666666666667 0.5583333333333333 0.015 0.015
5 0.7025 0.9666666666666667 0.006666666666666667 0.006666666666666667
5 0.405 0.10166666666666667 0.015 0.016666666666666666
5 0.22 0.6416666666666667 0.013333333333333334 0.013333333333333334
0 0.15166666666666667 0.2916666666666667 0.016666666666666666 0.015
0 0.31333333333333335 0.7866666666666666 0.011666666666666667 0.015
0 0.7233333333333334 0.42083333333333334 0.008333333333333333 0.01
0 0.4275 0.09833333333333333 0.01 0.013333333333333334
