5 0.8225 0.2733333333333333 0.016666666666666666 0.015
5 0.8416666666666667 0.8133333333333334 0.006666666666666667 0.006666666666666667
5 0.05583333333333333 0.13666666666666666 0.01 0.008333333333333333
5 0.08333333333333333 0.5725 0.008333333333333333 0.006666666666666667
5 0.8583333333333333 0.055 0.011666666666666667 0.015
5 0.5641666666666667 0.245 0.011666666666666667 0.01
0 0.05416666666666667 0.5383333333333333 0.03 0.028333333333333332
0 0.5241666666666667 0.20333333333333334 0.011666666666666667 0.011666666666666667
0 0.9041666666666667 0.5716666666666667 0.008333333333333333 0.01
0 0.10916666666666666 0.6225 0.015 0.016666666666666666
0 0.6158333333333333 0.6 0.016666666666666666 0.013333333333333334
0 0.695 0.7116666666666667 0.025 0.02
0 0.9516666666666667 0.2916666666666667 0.021666666666666667 0.025
0 0.8441666666666666 0.21 0.021666666666666667 0.021666666666666667
0 0.9133333333333333 0.03666666666666667 0.016666666666666666 0.015
