2.0 0.13499166666666668 0.21295454545454545 0.13731666666666667 0.05281901584653878
2.0 0.85505 0.2734216013344454 0.10520833333333333 0.07089241034195162
2.0 0.29469999999999996 0.735615095913261 0.06229166666666667 0.09174311926605505
5 0.5758333333333333 0.6383333333333333 0.008333333333333333 0.008333333333333333
5 0.6883333333333334 0.7141666666666666 0.011666666666666667 0.01
5 0.7625 0.9283333333333333 0.016666666666666666 0.018333333333333333
5 0.36666666666666664 0.43 0.01 0.011666666666666667
5 0.0225 0.6808333333333333 0.01 0.01
5 0.495 0.38333333333333336 0.016666666666666666 0.015
5 0.8533333333333334 0.7966666666666666 0.008333333333333333 0.008333333333333333
5 0.7908333333333334 0.9816666666666667 0.011666666666666667 0.011666666666666667
5 0.44583333333333336 0.2725 0.008333333333333333 0.008333333333333333
5 0.2425 0.2683333333333333 0.008333333333333333 0.008333333333333333
5 0.8683333333333333 0.1325 0.008333333333333333 0.008333333333333333
5 0.6141666666666666 0.4891666666666667 0.008333333333333333 0.008333333333333333
5 0.6925 0.15833333333333333 0.008333333333333333 0.008333333333333333
5 0.48083333333333333 0.3408333333333333 0.008333333333333333 0.01
