5 0.195 0.035 0.011666666666666667 0.01
5 0.7716666666666666 0.695 0.016666666666666666 0.016666666666666666
5 0.9225 0.9333333333333333 0.02 0.016666666666666666
5 0.9075 0.19416666666666665 0.018333333333333333 0.016666666666666666
5 0.9075 0.3016666666666667 0.006666666666666667 0.008333333333333333
5 0.2758333333333333 0.8791666666666667 0.008333333333333333 0.008333333333333333
0 0.6241666666666666 0.11083333333333334 0.03 0.035
0 0.6258333333333334 0.885 0.01 0.008333333333333333
0 0.30583333333333335 0.9383333333333334 0.01 0.011666666666666667
0 0.2175 0.19333333333333333 0.008333333333333333 0.008333333333333333
0 0.5783333333333334 0.97 0.02666666666666667 0.023333333333333334
