5 0.09583333333333334 0.6683333333333333 0.018333333333333333 0.016666666666666666
5 0.3575 0.745 0.008333333333333333 0.008333333333333333
5 0.75 0.9766666666666667 0.013333333333333334 0.011666666666666667
5 0.29 0.5708333333333333 0.013333333333333334 0.013333333333333334
5 0.235 0.9866666666666667 0.015 0.016666666666666666
5 0.8025 0.23 0.013333333333333334 0.013333333333333334
5 0.8975 0.47583333333333333 0.015 0.018333333333333333
5 0.30416666666666664 0.08916666666666667 0.013333333333333334 0.015
5 0.5341666666666667 0.5341666666666667 0.013333333333333334 0.013333333333333334
5 0.2633333333333333 0.1675 0.01 0.008333333333333333
5 0.3333333333333333 0.81 0.011666666666666667 0.015
5 0.6883333333333334 0.49416666666666664 0.01 0.01
5 0.6758333333333333 0.7341666666666666 0.008333333333333333 0.008333333333333333
