5 0.7425 0.8933333333333333 0.011666666666666667 0.01
5 0.3775 0.9741666666666666 0.008333333333333333 0.008333333333333333
5 0.6116666666666667 0.2866666666666667 0.016666666666666666 0.015
5 0.23916666666666667 0.8391666666666666 0.008333333333333333 0.008333333333333333
5 0.675 0.5433333333333333 0.015 0.015
5 0.08916666666666667 0.11833333333333333 0.008333333333333333 0.008333333333333333
5 0.09166666666666666 0.15166666666666667 0.016666666666666666 0.018333333333333333
5 0.37333333333333335 0.0525 0.008333333333333333 0.008333333333333333
5 0.5491666666666667 0.8458333333333333 0.011666666666666667 0.013333333333333334
5 0.31916666666666665 0.8533333333333334 0.015 0.011666666666666667
5 0.44083333333333335 0.9608333333333333 0.008333333333333333 0.008333333333333333
5 0.22083333333333333 0.96 0.006666666666666667 0.006666666666666667
5 0.8866666666666667 0.4008333333333333 0.013333333333333334 0.013333333333333334
5 0.8541666666666666 0.6233333333333333 0.016666666666666666 0.015
5 0.7466666666666667 0.795 0.015 0.011666666666666667
5 0.33166666666666667 0.45666666666666667 0.015 0.011666666666666667
5 0.9291666666666667 0.5391666666666667 0.008333333333333333 0.006666666666666667
5 0.14333333333333334 0.2708333333333333 0.015 0.013333333333333334
6 0.6983333333333334 0.08333333333333333 0.03333333333333333 0.16166666666666665
6 0.7958333333333333 0.6833333333333333 0.058333333333333334 0.16833333333333333
