5 0.19083333333333333 0.9816666666666667 0.011666666666666667 0.015
5 0.5608333333333333 0.7933333333333333 0.016666666666666666 0.011666666666666667
5 0.5108333333333334 0.3425 0.011666666666666667 0.01
5 0.8183333333333334 0.5466666666666666 0.008333333333333333 0.01
5 0.32416666666666666 0.09416666666666666 0.015 0.013333333333333334
5 0.8766666666666667 0.105 0.011666666666666667 0.011666666666666667
5 0.045 0.7541666666666667 0.015 0.013333333333333334
5 0.17333333333333334 0.13583333333333333 0.013333333333333334 0.01
5 0.4075 0.8025 0.01 0.01
5 0.45 0.39666666666666667 0.015 0.013333333333333334
5 0.6058333333333333 0.3591666666666667 0.01 0.01
5 0.8433333333333334 0.6433333333333333 0.01 0.01
