5 0.6775 0.4675 0.01 0.011666666666666667
5 0.6033333333333334 0.3416666666666667 0.016666666666666666 0.016666666666666666
5 0.7566666666666667 0.8808333333333334 0.016666666666666666 0.015
5 0.5625 0.25 0.006666666666666667 0.006666666666666667
5 0.8991666666666667 0.08583333333333333 0.011666666666666667 0.01
5 0.095 0.5483333333333333 0.013333333333333334 0.015
5 0.7016666666666667 0.014166666666666666 0.006666666666666667 0.01
5 0.565 0.35583333333333333 0.016666666666666666 0.018333333333333333
5 0.5841666666666666 0.065 0.016666666666666666 0.015
5 0.5758333333333333 0.4083333333333333 0.006666666666666667 0.006666666666666667
5 0.11916666666666667 0.2816666666666667 0.008333333333333333 0.008333333333333333
5 0.36916666666666664 0.44666666666666666 0.008333333333333333 0.008333333333333333
5 0.30916666666666665 0.16833333333333333 0.013333333333333334 0.013333333333333334
5 0.15 0.74 0.01 0.011666666666666667
5 0.8408333333333333 0.4008333333333333 0.02 0.02
5 0.44166666666666665 0.06666666666666667 0.015 0.013333333333333334
5 0.9608333333333333 0.035833333333333335 0.015 0.013333333333333334
