5 0.6758333333333333 0.6816666666666666 0.023333333333333334 0.021666666666666667
5 0.7066666666666667 0.7683333333333333 0.0033333333333333335 0.005
5 0.11166666666666666 0.37166666666666665 0.008333333333333333 0.01
5 0.335 0.6941666666666667 0.018333333333333333 0.025
5 0.32083333333333336 0.02666666666666667 0.018333333333333333 0.018333333333333333
5 0.25583333333333336 0.04 0.008333333333333333 0.008333333333333333
5 0.19333333333333333 0.9608333333333333 0.013333333333333334 0.015
5 0.6158333333333333 0.9725 0.01 0.01
5 0.23166666666666666 0.0775 0.01 0.01
0 0.6408333333333334 0.52 0.016666666666666666 0.015
0 0.37083333333333335 0.024166666666666666 0.01 0.011666666666666667
0 0.6291666666666667 0.034166666666666665 0.03 0.03166666666666667
0 0.3016666666666667 0.5583333333333333 0.011666666666666667 0.015
0 0.10166666666666667 0.5016666666666667 0.016666666666666666 0.015
0 0.6275 0.32416666666666666 0.02 0.021666666666666667
0 0.7158333333333333 0.6833333333333333 0.03 0.028333333333333332
0 0.8366666666666667 0.06583333333333333 0.01 0.01
0 0.2125 0.03 0.01 0.015
