5 0.5366666666666666 0.6416666666666667 0.008333333333333333 0.006666666666666667
5 0.8008333333333333 0.4766666666666667 0.006666666666666667 0.006666666666666667
5 0.4583333333333333 0.17166666666666666 0.01 0.011666666666666667
5 0.9275 0.5658333333333333 0.01 0.01
5 0.035833333333333335 0.6866666666666666 0.011666666666666667 0.01
5 0.5833333333333334 0.08416666666666667 0.008333333333333333 0.005
5 0.9733333333333334 0.9508333333333333 0.013333333333333334 0.016666666666666666
5 0.505 0.1825 0.013333333333333334 0.013333333333333334
0 0.945 0.5833333333333334 0.006666666666666667 0.01
0 0.1325 0.9558333333333333 0.01 0.01
0 0.36833333333333335 0.7258333333333333 0.02 0.021666666666666667
0 0.14166666666666666 0.44416666666666665 0.021666666666666667 0.023333333333333334
0 0.7591666666666667 0.38166666666666665 0.006666666666666667 0.01
