5 0.30583333333333335 0.9216666666666666 0.008333333333333333 0.008333333333333333
5 0.8108333333333333 0.7708333333333334 0.01 0.008333333333333333
5 0.6816666666666666 0.9225 0.015 0.015
5 0.89 0.028333333333333332 0.006666666666666667 0.006666666666666667
5 0.2966666666666667 0.6266666666666667 0.011666666666666667 0.011666666666666667
5 0.3475 0.05 0.01 0.008333333333333333
5 0.5391666666666667 0.9816666666666667 0.008333333333333333 0.008333333333333333
5 0.8691666666666666 0.3125 0.011666666666666667 0.011666666666666667
5 0.41083333333333333 0.3283333333333333 0.013333333333333334 0.013333333333333334
5 0.9516666666666667 0.2608333333333333 0.013333333333333334 0.016666666666666666
5 0.0675 0.11416666666666667 0.011666666666666667 0.011666666666666667
5 0.93 0.16083333333333333 0.01 0.01
5 0.7825 0.0625 0.008333333333333333 0.008333333333333333
5 0.9325 0.7633333333333333 0.01 0.01
