5 0.3016666666666667 0.6425 0.008333333333333333 0.008333333333333333
5 0.6258333333333334 0.37166666666666665 0.008333333333333333 0.008333333333333333
5 0.29 0.36666666666666664 0.008333333333333333 0.008333333333333333
5 0.5141666666666667 0.9333333333333333 0.01 0.011666666666666667
5 0.49 0.5375 0.006666666666666667 0.008333333333333333
5 0.6366666666666667 0.8083333333333333 0.011666666666666667 0.011666666666666667
5 0.8716666666666667 0.655 0.011666666666666667 0.011666666666666667
5 0.2375 0.26166666666666666 0.006666666666666667 0.005
5 0.7891666666666667 0.49666666666666665 0.008333333333333333 0.006666666666666667
5 0.07 0.31333333333333335 0.018333333333333333 0.021666666666666667
