1.0 0.19169166666666668 0.41703155407283843 0.025325 0.025404503753127607
1.0 0.6748916666666667 0.3198589102029469 0.032433333333333335 0.0334278565471226
1.0 0.7559333333333333 0.8050298860161246 0.0244 0.02585487906588824
5 0.24666666666666667 0.8666666666666667 0.01 0.01
5 0.6825 0.2725 0.015 0.013333333333333334
5 0.395 0.49416666666666664 0.011666666666666667 0.011666666666666667
5 0.8608333333333333 0.42083333333333334 0.01 0.008333333333333333
5 0.8791666666666667 0.11166666666666666 0.006666666666666667 0.006666666666666667
5 0.18416666666666667 0.6808333333333333 0.015 0.011666666666666667
5 0.2733333333333333 0.09916666666666667 0.015 0.013333333333333334
5 0.8358333333333333 0.6958333333333333 0.01 0.011666666666666667
5 0.83 0.7483333333333333 0.015 0.018333333333333333
5 0.7833333333333333 0.575 0.013333333333333334 0.011666666666666667
5 0.4008333333333333 0.5591666666666667 0.013333333333333334 0.013333333333333334
5 0.21833333333333332 0.30416666666666664 0.0033333333333333335 0.005
5 0.9791666666666666 0.06583333333333333 0.006666666666666667 0.008333333333333333
5 0.35083333333333333 0.5425 0.01 0.01
5 0.39 0.7083333333333334 0.013333333333333334 0.015
5 0.7608333333333334 0.245 0.008333333333333333 0.008333333333333333
