5 0.5516666666666666 0.30333333333333334 0.01 0.011666666666666667
5 0.8958333333333334 0.9216666666666666 0.006666666666666667 0.006666666666666667
5 0.3416666666666667 0.18583333333333332 0.016666666666666666 0.015
5 0.365 0.555 0.013333333333333334 0.013333333333333334
5 0.06583333333333333 0.44583333333333336 0.008333333333333333 0.008333333333333333
5 0.32 0.25083333333333335 0.013333333333333334 0.015
5 0.058333333333333334 0.89 0.011666666666666667 0.011666666666666667
5 0.31083333333333335 0.7733333333333333 0.008333333333333333 0.008333333333333333
5 0.1975 0.93 0.015 0.011666666666666667
5 0.6033333333333334 0.6166666666666667 0.01 0.011666666666666667
5 0.021666666666666667 0.9116666666666666 0.01 0.011666666666666667
5 0.5883333333333334 0.6125 0.013333333333333334 0.013333333333333334
5 0.6283333333333333 0.5691666666666667 0.016666666666666666 0.015
5 0.46 0.32666666666666666 0.006666666666666667 0.008333333333333333
5 0.6483333333333333 0.8516666666666667 0.01 0.008333333333333333
5 0.6058333333333333 0.5716666666666667 0.016666666666666666 0.015
5 0.5241666666666667 0.35083333333333333 0.01 0.008333333333333333
5 0.54 0.49083333333333334 0.006666666666666667 0.008333333333333333
