5 0.375 0.028333333333333332 0.008333333333333333 0.008333333333333333
5 0.64 0.16166666666666665 0.01 0.011666666666666667
5 0.09583333333333334 0.13166666666666665 0.015 0.013333333333333334
5 0.2758333333333333 0.42333333333333334 0.016666666666666666 0.015
5 0.52 0.4008333333333333 0.015 0.018333333333333333
5 0.3225 0.67 0.008333333333333333 0.008333333333333333
5 0.6 0.023333333333333334 0.008333333333333333 0.008333333333333333
5 0.8316666666666667 0.9041666666666667 0.005 0.006666666666666667
5 0.7408333333333333 0.32 0.01 0.01
5 0.805 0.1775 0.011666666666666667 0.01
5 0.1625 0.32166666666666666 0.015 0.015
5 0.08833333333333333 0.285 0.013333333333333334 0.013333333333333334
5 0.056666666666666664 0.8958333333333334 0.01 0.008333333333333333
5 0.2841666666666667 0.74 0.016666666666666666 0.015
5 0.7475 0.09166666666666666 0.015 0.015
0 0.2075 0.085 0.016666666666666666 0.016666666666666666
