5 0.49333333333333335 0.3025 0.013333333333333334 0.015
5 0.17416666666666666 0.8658333333333333 0.015 0.011666666666666667
5 0.6858333333333333 0.24083333333333334 0.015 0.016666666666666666
5 0.0475 0.0775 0.01 0.008333333333333333
5 0.5533333333333333 0.0525 0.008333333333333333 0.008333333333333333
5 0.6366666666666667 0.6341666666666667 0.008333333333333333 0.01
5 0.475 0.41833333333333333 0.011666666666666667 0.011666666666666667
5 0.145 0.6158333333333333 0.011666666666666667 0.011666666666666667
5 0.8741666666666666 0.5525 0.01 0.01
5 0.2966666666666667 0.08083333333333333 0.01 0.01
5 0.115 0.615 0.008333333333333333 0.01
5 0.6158333333333333 0.8458333333333333 0.01 0.011666666666666667
5 0.975 0.8825 0.01 0.01
5 0.9683333333333334 0.7141666666666666 0.01 0.01
5 0.8908333333333334 0.8041666666666667 0.016666666666666666 0.018333333333333333
5 0.6191666666666666 0.6441666666666667 0.015 0.015
