2.0 0.880325 0.30264166666666664 0.046875 0.10972499999999999
2.0 0.2727583333333333 0.867225 0.10118333333333333 0.052774999999999996
2.0 0.1401333333333333 0.07624999999999996 0.04705 0.0625
5.0 0.5081499999999999 0.8356083333333333 0.016408333333333334 0.019441666666666666
5 0.26666666666666666 0.8683333333333333 0.01 0.011666666666666667
5 0.4766666666666667 0.8041666666666667 0.016666666666666666 0.015
5 0.5725 0.6725 0.006666666666666667 0.006666666666666667
5 0.7791666666666667 0.18 0.013333333333333334 0.011666666666666667
5 0.7075 0.6316666666666667 0.016666666666666666 0.016666666666666666
5 0.6675 0.5333333333333333 0.013333333333333334 0.011666666666666667
5 0.5208333333333334 0.7675 0.006666666666666667 0.006666666666666667
5 0.18083333333333335 0.5958333333333333 0.008333333333333333 0.008333333333333333
5 0.15416666666666667 0.5333333333333333 0.013333333333333334 0.013333333333333334
5 0.9558333333333333 0.44083333333333335 0.006666666666666667 0.006666666666666667
5 0.23333333333333334 0.7108333333333333 0.011666666666666667 0.011666666666666667
5 0.7558333333333334 0.0775 0.011666666666666667 0.013333333333333334
5 0.17666666666666667 0.9866666666666667 0.016666666666666666 0.02
5 0.45666666666666667 0.17166666666666666 0.016666666666666666 0.015
5 0.7808333333333334 0.44333333333333336 0.013333333333333334 0.015
6 0.10916666666666666 0.28583333333333333 0.07666666666666666 0.31333333333333335
6 0.2791666666666667 0.36666666666666664 0.04833333333333333 0.17
6 0.61 0.25083333333333335 0.051666666666666666 0.025
