5 0.2975 0.8775 0.008333333333333333 0.01
5 0.8366666666666667 0.4141666666666667 0.01 0.008333333333333333
5 0.38083333333333336 0.6541666666666667 0.011666666666666667 0.011666666666666667
5 0.06916666666666667 0.016666666666666666 0.008333333333333333 0.006666666666666667
5 0.3983333333333333 0.8583333333333333 0.008333333333333333 0.008333333333333333
5 0.75 0.9775 0.008333333333333333 0.008333333333333333
5 0.6775 0.27 0.006666666666666667 0.006666666666666667
5 0.45166666666666666 0.8366666666666667 0.011666666666666667 0.01
5 0.78 0.8958333333333334 0.006666666666666667 0.008333333333333333
5 0.4058333333333333 0.3883333333333333 0.015 0.013333333333333334
5 0.2425 0.22083333333333333 0.008333333333333333 0.006666666666666667
5 0.5358333333333334 0.16416666666666666 0.008333333333333333 0.008333333333333333
5 0.31833333333333336 0.61 0.013333333333333334 0.013333333333333334
6 0.8125 0.6158333333333333 0.023333333333333334 0.07833333333333334
6 0.9666666666666667 0.96 0.013333333333333334 0.03
6 0.8858333333333334 0.0575 0.02666666666666667 0.07333333333333333
