5 0.0375 0.9308333333333333 0.006666666666666667 0.006666666666666667
5 0.6533333333333333 0.9716666666666667 0.013333333333333334 0.013333333333333334
5 0.5275 0.49416666666666664 0.01 0.01
5 0.115 0.8 0.018333333333333333 0.016666666666666666
5 0.09583333333333334 0.3933333333333333 0.016666666666666666 0.011666666666666667
5 0.9641666666666666 0.51 0.011666666666666667 0.01
5 0.25083333333333335 0.37333333333333335 0.008333333333333333 0.008333333333333333
5 0.1725 0.5216666666666666 0.008333333333333333 0.008333333333333333
5 0.15083333333333335 0.6166666666666667 0.006666666666666667 0.006666666666666667
5 0.6358333333333334 0.4083333333333333 0.01 0.01
5 0.15416666666666667 0.9508333333333333 0.01 0.01
5 0.5466666666666666 0.16083333333333333 0.016666666666666666 0.015
5 0.7508333333333334 0.7758333333333334 0.013333333333333334 0.013333333333333334
0 0.2975 0.4425 0.013333333333333334 0.013333333333333334
0 0.2866666666666667 0.21916666666666668 0.008333333333333333 0.01
0 0.5483333333333333 0.7325 0.015 0.015
0 0.5816666666666667 0.2375 0.025 0.02666666666666667
0 0.32 0.3908333333333333 0.011666666666666667 0.015
0 0.9816666666666667 0.59 0.01 0.013333333333333334
0 0.14083333333333334 0.0975 0.021666666666666667 0.023333333333333334
0 0.7941666666666667 0.1625 0.03 0.035
