5 0.30666666666666664 0.17583333333333334 0.018333333333333333 0.016666666666666666
5 0.525 0.019166666666666665 0.015 0.013333333333333334
5 0.49583333333333335 0.36 0.01 0.008333333333333333
5 0.7583333333333333 0.19666666666666666 0.013333333333333334 0.011666666666666667
5 0.58 0.22416666666666665 0.01 0.01
5 0.1775 0.05333333333333334 0.016666666666666666 0.018333333333333333
5 0.07416666666666667 0.7666666666666667 0.016666666666666666 0.016666666666666666
5 0.195 0.34 0.013333333333333334 0.025
5 0.485 0.6883333333333334 0.008333333333333333 0.008333333333333333
5 0.6875 0.8683333333333333 0.008333333333333333 0.008333333333333333
5 0.405 0.675 0.013333333333333334 0.013333333333333334
5 0.9133333333333333 0.8075 0.006666666666666667 0.006666666666666667
5 0.265 0.3625 0.015 0.011666666666666667
5 0.38166666666666665 0.6391666666666667 0.015 0.018333333333333333
5 0.6016666666666667 0.6658333333333334 0.006666666666666667 0.006666666666666667
5 0.03833333333333333 0.07833333333333334 0.006666666666666667 0.008333333333333333
0 0.4116666666666667 0.5608333333333333 0.025 0.02
0 0.9125 0.06 0.021666666666666667 0.025
0 0.7508333333333334 0.5741666666666667 0.023333333333333334 0.018333333333333333
0 0.2875 0.8925 0.013333333333333334 0.013333333333333334
3 0.3425 0.28583333333333333 0.05 0.020833333333333332
3 0.96 0.6808333333333333 0.07916666666666666 0.041666666666666664
