5 0.8775 0.24333333333333335 0.01 0.008333333333333333
5 0.9875 0.4041666666666667 0.013333333333333334 0.011666666666666667
5 0.6741666666666667 0.33416666666666667 0.015 0.015
5 0.07583333333333334 0.21666666666666667 0.015 0.015
5 0.10583333333333333 0.1825 0.006666666666666667 0.006666666666666667
5 0.5775 0.6691666666666667 0.008333333333333333 0.01
5 0.4025 0.8033333333333333 0.016666666666666666 0.015
5 0.5925 0.37833333333333335 0.016666666666666666 0.015
5 0.555 0.9225 0.011666666666666667 0.011666666666666667
5 0.205 0.7516666666666667 0.011666666666666667 0.011666666666666667
