5 0.44 0.9775 0.008333333333333333 0.008333333333333333
5 0.6966666666666667 0.48083333333333333 0.013333333333333334 0.016666666666666666
5 0.1975 0.5591666666666667 0.006666666666666667 0.005
5 0.9666666666666667 0.0275 0.016666666666666666 0.015
5 0.805 0.8025 0.013333333333333334 0.013333333333333334
5 0.6258333333333334 0.2025 0.008333333333333333 0.008333333333333333
5 0.5366666666666666 0.3958333333333333 0.005 0.005
5 0.7641666666666667 0.8875 0.015 0.013333333333333334
5 0.13833333333333334 0.6558333333333334 0.011666666666666667 0.011666666666666667
5 0.3466666666666667 0.4008333333333333 0.015 0.021666666666666667
5 0.265 0.8066666666666666 0.013333333333333334 0.016666666666666666
5 0.035 0.22083333333333333 0.008333333333333333 0.008333333333333333
5 0.4891666666666667 0.16583333333333333 0.011666666666666667 0.01
5 0.04083333333333333 0.0825 0.02 0.015
5 0.2916666666666667 0.4658333333333333 0.013333333333333334 0.013333333333333334
5 0.4191666666666667 0.3425 0.006666666666666667 0.008333333333333333
5 0.7483333333333333 0.8175 0.016666666666666666 0.018333333333333333
3 0.20166666666666666 0.8983333333333333 0.11666666666666667 0.175
3 0.7941666666666667 0.8091666666666667 0.05 0.020833333333333332
