1.0 0.17792499999999997 0.384525 0.026583333333333334 0.028358333333333333
1.0 0.17834166666666665 0.8161916666666666 0.03575833333333333 0.0392
1.0 0.8251333333333333 0.2177 0.03476666666666667 0.03836666666666667
5.0 0.7253166666666666 0.2174583333333333 0.007425 0.005908333333333333
5 0.06416666666666666 0.6508333333333334 0.006666666666666667 0.006666666666666667
5 0.4633333333333333 0.8375 0.006666666666666667 0.006666666666666667
5 0.5783333333333334 0.22 0.015 0.013333333333333334
5 0.5416666666666666 0.115 0.006666666666666667 0.006666666666666667
5 0.7 0.3416666666666667 0.018333333333333333 0.016666666666666666
5 0.5975 0.8158333333333333 0.013333333333333334 0.013333333333333334
5 0.6391666666666667 0.23 0.021666666666666667 0.018333333333333333
5 0.8858333333333334 0.6266666666666667 0.015 0.013333333333333334
5 0.6808333333333333 0.325 0.016666666666666666 0.016666666666666666
5 0.9783333333333334 0.755 0.011666666666666667 0.013333333333333334
5 0.7958333333333333 0.9216666666666666 0.015 0.015
5 0.16083333333333333 0.9508333333333333 0.006666666666666667 0.006666666666666667
5 0.5233333333333333 0.88 0.008333333333333333 0.008333333333333333
6 0.47833333333333333 0.7091666666666666 0.041666666666666664 0.21
6 0.48833333333333334 0.43833333333333335 0.07666666666666666 0.31333333333333335
6 0.845 0.385 0.02 0.03333333333333333
6 0.5266666666666666 0.29083333333333333 0.041666666666666664 0.21
