7.0 0.5400833333333332 0.46637058659994435 0.15805833333333333 0.7297748123436196
5 0.8541666666666666 0.655 0.01 0.011666666666666667
5 0.0575 0.375 0.013333333333333334 0.013333333333333334
5 0.3725 0.9191666666666667 0.013333333333333334 0.013333333333333334
5 0.7808333333333334 0.20833333333333334 0.015 0.013333333333333334
5 0.8266666666666667 0.7825 0.006666666666666667 0.008333333333333333
0 0.3125 0.5425 0.016666666666666666 0.03
0 0.6033333333333334 0.4533333333333333 0.021666666666666667 0.025
0 0.5316666666666666 0.505 0.023333333333333334 0.025
0 0.49333333333333335 0.6841666666666667 0.028333333333333332 0.025
3 0.69 0.8316666666666667 0.0875 0.06666666666666667
