5.0 0.8779583333333333 0.5259431470670004 0.009183333333333333 0.009199332777314427
4.0 0.1938833333333333 0.8133242980261328 0.12654166666666666 0.05699749791492911
4.0 0.35012499999999996 0.4129906866833472 0.058533333333333326 0.11537114261884905
4.0 0.8368583333333334 0.1252592438142897 0.11215000000000001 0.06532944120100083
5.0 0.6348416666666666 0.5075695023630804 0.009266666666666666 0.00909090909090909
5 0.22416666666666665 0.8041666666666667 0.013333333333333334 0.016666666666666666
5 0.025 0.76 0.008333333333333333 0.008333333333333333
0 0.5608333333333333 0.745 0.011666666666666667 0.013333333333333334
0 0.04416666666666667 0.2525 0.021666666666666667 0.025
0 0.9766666666666667 0.9583333333333334 0.01 0.015
0 0.42833333333333334 0.6366666666666667 0.013333333333333334 0.015
0 0.9441666666666667 0.1 0.025 0.02
0 0.8058333333333333 0.8266666666666667 0.02 0.021666666666666667
0 0.7683333333333333 0.6458333333333334 0.035 0.04
0 0.26 0.455 0.01 0.011666666666666667
0 0.18083333333333335 0.7675 0.011666666666666667 0.011666666666666667
