8.0 0.28992500000000004 0.5572122602168474 0.3353 0.6538782318598833
5 0.25833333333333336 0.8525 0.01 0.011666666666666667
5 0.5475 0.6025 0.01 0.011666666666666667
5 0.14083333333333334 0.8166666666666667 0.018333333333333333 0.021666666666666667
5 0.07666666666666666 0.5508333333333333 0.021666666666666667 0.021666666666666667
5 0.17916666666666667 0.4125 0.008333333333333333 0.01
5 0.33166666666666667 0.5741666666666667 0.008333333333333333 0.008333333333333333
5 0.5566666666666666 0.37583333333333335 0.011666666666666667 0.011666666666666667
5 0.043333333333333335 0.3258333333333333 0.015 0.013333333333333334
5 0.1925 0.5741666666666667 0.01 0.01
5 0.8091666666666667 0.3858333333333333 0.021666666666666667 0.02
0 0.1275 0.3591666666666667 0.018333333333333333 0.015
0 0.61 0.5308333333333334 0.008333333333333333 0.008333333333333333
0 0.5825 0.2175 0.015 0.011666666666666667
0 0.7333333333333333 0.44333333333333336 0.015 0.023333333333333334
0 0.7391666666666666 0.8375 0.025 0.02
0 0.30083333333333334 0.08083333333333333 0.018333333333333333 0.02
0 0.3566666666666667 0.23583333333333334 0.01 0.01
0 0.18916666666666668 0.545 0.028333333333333332 0.021666666666666667
