5 0.0175 0.6116666666666667 0.013333333333333334 0.013333333333333334
5 0.5841666666666666 0.6308333333333334 0.015 0.016666666666666666
5 0.66 0.03333333333333333 0.008333333333333333 0.006666666666666667
5 0.395 0.1875 0.016666666666666666 0.015
5 0.6783333333333333 0.5233333333333333 0.006666666666666667 0.006666666666666667
5 0.5158333333333334 0.5291666666666667 0.008333333333333333 0.005
5 0.7683333333333333 0.4125 0.016666666666666666 0.015
5 0.3016666666666667 0.5208333333333334 0.006666666666666667 0.006666666666666667
5 0.3225 0.655 0.01 0.011666666666666667
5 0.4175 0.7775 0.01 0.008333333333333333
5 0.18916666666666668 0.4375 0.008333333333333333 0.008333333333333333
5 0.33166666666666667 0.9258333333333333 0.006666666666666667 0.008333333333333333
5 0.3383333333333333 0.7008333333333333 0.016666666666666666 0.018333333333333333
5 0.9375 0.1075 0.013333333333333334 0.013333333333333334
