5 0.029166666666666667 0.46166666666666667 0.016666666666666666 0.016666666666666666
5 0.009166666666666667 0.8958333333333334 0.016666666666666666 0.035
5 0.6191666666666666 0.8275 0.006666666666666667 0.006666666666666667
5 0.29 0.006666666666666667 0.006666666666666667 0.006666666666666667
5 0.08166666666666667 0.34 0.006666666666666667 0.006666666666666667
5 0.24416666666666667 0.09 0.011666666666666667 0.011666666666666667
5 0.765 0.5775 0.016666666666666666 0.011666666666666667
5 0.16083333333333333 0.7533333333333333 0.013333333333333334 0.011666666666666667
5 0.49416666666666664 0.915 0.013333333333333334 0.015
5 0.735 0.3825 0.008333333333333333 0.008333333333333333
5 0.14416666666666667 0.0225 0.01 0.01
5 0.7591666666666667 0.8341666666666666 0.008333333333333333 0.008333333333333333
5 0.5558333333333333 0.68 0.016666666666666666 0.015
5 0.9 0.37 0.011666666666666667 0.015
5 0.23083333333333333 0.915 0.016666666666666666 0.035
5 0.7591666666666667 0.75 0.015 0.018333333333333333
5 0.79 0.84 0.006666666666666667 0.006666666666666667
