5.0 0.4834583333333333 0.7978416666666667 0.016050000000000002 0.015341666666666667
1.0 0.9314833333333333 0.8703333333333334 0.03826666666666667 0.038
1.0 0.08981666666666668 0.13163333333333332 0.044675 0.045625
5.0 0.149775 0.17229166666666665 0.015075 0.0158
5 0.9316666666666666 0.9325 0.013333333333333334 0.016666666666666666
5 0.5458333333333333 0.6158333333333333 0.011666666666666667 0.01
5 0.060833333333333336 0.8 0.013333333333333334 0.013333333333333334
5 0.63 0.9058333333333334 0.013333333333333334 0.025
5 0.48833333333333334 0.4725 0.008333333333333333 0.008333333333333333
5 0.9516666666666667 0.5025 0.016666666666666666 0.015
5 0.54 0.8508333333333333 0.013333333333333334 0.013333333333333334
5 0.47833333333333333 0.21166666666666667 0.011666666666666667 0.011666666666666667
5 0.8408333333333333 0.0275 0.011666666666666667 0.01
