5 0.9408333333333333 0.5258333333333334 0.008333333333333333 0.008333333333333333
5 0.7525 0.41333333333333333 0.01 0.008333333333333333
5 0.38333333333333336 0.7016666666666667 0.013333333333333334 0.013333333333333334
5 0.38166666666666665 0.35333333333333333 0.008333333333333333 0.008333333333333333
5 0.43833333333333335 0.15083333333333335 0.01 0.008333333333333333
5 0.22083333333333333 0.3283333333333333 0.013333333333333334 0.011666666666666667
5 0.73 0.9483333333333334 0.02 0.016666666666666666
5 0.17916666666666667 0.6433333333333333 0.018333333333333333 0.021666666666666667
5 0.31833333333333336 0.235 0.011666666666666667 0.01
5 0.27416666666666667 0.4058333333333333 0.01 0.011666666666666667
5 0.2658333333333333 0.4141666666666667 0.013333333333333334 0.013333333333333334
5 0.2833333333333333 0.0125 0.008333333333333333 0.008333333333333333
5 0.255 0.6983333333333334 0.015 0.018333333333333333
