5 0.8533333333333334 0.0225 0.008333333333333333 0.006666666666666667
5 0.8341666666666666 0.8683333333333333 0.01 0.01
5 0.49083333333333334 0.5975 0.008333333333333333 0.008333333333333333
5 0.8675 0.8791666666666667 0.013333333333333334 0.016666666666666666
5 0.11416666666666667 0.44333333333333336 0.008333333333333333 0.008333333333333333
5 0.8866666666666667 0.615 0.008333333333333333 0.008333333333333333
5 0.9566666666666667 0.3908333333333333 0.016666666666666666 0.015
5 0.07416666666666667 0.4125 0.021666666666666667 0.021666666666666667
5 0.225 0.0175 0.011666666666666667 0.011666666666666667
5 0.10916666666666666 0.35 0.008333333333333333 0.008333333333333333
