5 0.7658333333333334 0.9508333333333333 0.011666666666666667 0.01
5 0.7858333333333334 0.5041666666666667 0.008333333333333333 0.006666666666666667
5 0.25333333333333335 0.0775 0.008333333333333333 0.008333333333333333
5 0.9541666666666667 0.925 0.01 0.01
5 0.43166666666666664 0.9516666666666667 0.006666666666666667 0.006666666666666667
5 0.4825 0.06416666666666666 0.006666666666666667 0.008333333333333333
5 0.9075 0.895 0.008333333333333333 0.006666666666666667
5 0.6191666666666666 0.7025 0.008333333333333333 0.008333333333333333
5 0.014166666666666666 0.8641666666666666 0.008333333333333333 0.005
5 0.49583333333333335 0.9466666666666667 0.013333333333333334 0.013333333333333334
5 0.36 0.33166666666666667 0.013333333333333334 0.011666666666666667
5 0.8066666666666666 0.7266666666666667 0.011666666666666667 0.011666666666666667
5 0.8633333333333333 0.5533333333333333 0.01 0.01
5 0.4525 0.5733333333333334 0.01 0.01
0 0.7158333333333333 0.1925 0.011666666666666667 0.01
0 0.0575 0.945 0.01 0.011666666666666667
0 0.64 0.8775 0.02 0.03
0 0.6033333333333334 0.06833333333333333 0.02666666666666667 0.021666666666666667
0 0.6191666666666666 0.15166666666666667 0.016666666666666666 0.016666666666666666
