5 0.7083333333333334 0.275 0.01 0.008333333333333333
5 0.7316666666666667 0.6566666666666666 0.013333333333333334 0.011666666666666667
5 0.585 0.26916666666666667 0.013333333333333334 0.015
5 0.9458333333333333 0.4 0.01 0.008333333333333333
5 0.385 0.20583333333333334 0.011666666666666667 0.011666666666666667
5 0.435 0.2733333333333333 0.013333333333333334 0.015
5 0.2225 0.4866666666666667 0.006666666666666667 0.008333333333333333
5 0.9008333333333334 0.059166666666666666 0.011666666666666667 0.01
5 0.35083333333333333 0.9358333333333333 0.018333333333333333 0.016666666666666666
5 0.8258333333333333 0.26666666666666666 0.01 0.011666666666666667
5 0.8966666666666666 0.19833333333333333 0.01 0.01
5 0.5683333333333334 0.09916666666666667 0.01 0.01
5 0.5641666666666667 0.4175 0.008333333333333333 0.008333333333333333
0 0.53 0.3675 0.015 0.021666666666666667
