5 0.6216666666666667 0.9133333333333333 0.015 0.015
5 0.009166666666666667 0.041666666666666664 0.006666666666666667 0.008333333333333333
5 0.014166666666666666 0.9391666666666667 0.008333333333333333 0.008333333333333333
5 0.09333333333333334 0.04666666666666667 0.015 0.015
5 0.27 0.1325 0.013333333333333334 0.015
5 0.5183333333333333 0.11666666666666667 0.02 0.021666666666666667
5 0.7925 0.04583333333333333 0.01 0.01
5 0.5766666666666667 0.7633333333333333 0.008333333333333333 0.008333333333333333
5 0.5008333333333334 0.6691666666666667 0.01 0.011666666666666667
5 0.11916666666666667 0.9941666666666666 0.01 0.011666666666666667
5 0.11583333333333333 0.6166666666666667 0.006666666666666667 0.006666666666666667
5 0.9725 0.36916666666666664 0.008333333333333333 0.008333333333333333
5 0.15333333333333332 0.3125 0.013333333333333334 0.015
5 0.3875 0.8116666666666666 0.008333333333333333 0.008333333333333333
