5 0.7325 0.455 0.008333333333333333 0.005
5 0.3325 0.6191666666666666 0.008333333333333333 0.008333333333333333
0 0.19333333333333333 0.9275 0.02 0.013333333333333334
0 0.735 0.5758333333333333 0.016666666666666666 0.016666666666666666
0 0.30666666666666664 0.4241666666666667 0.02 0.013333333333333334
0 0.35833333333333334 0.5308333333333334 0.011666666666666667 0.011666666666666667
0 0.52 0.675 0.011666666666666667 0.013333333333333334
0 0.8325 0.2891666666666667 0.015 0.018333333333333333
0 0.40166666666666667 0.23083333333333333 0.021666666666666667 0.021666666666666667
0 0.5441666666666667 0.29333333333333333 0.008333333333333333 0.008333333333333333
