2.0 0.19599726775956283 0.02529599271402551 0.08327868852459017 0.07589253187613844
2.0 0.6945765027322405 0.5049590163934427 0.045218579234972675 0.0546448087431694
2.0 0.24229052823315117 0.8146129326047359 0.08478142076502733 0.08804189435336976
5 0.37833333333333335 0.3591666666666667 0.013333333333333334 0.013333333333333334
5 0.07916666666666666 0.43416666666666665 0.01 0.01
5 0.185 0.5358333333333334 0.011666666666666667 0.015
5 0.745 0.6525 0.016666666666666666 0.016666666666666666
5 0.36666666666666664 0.225 0.008333333333333333 0.008333333333333333
5 0.8683333333333333 0.14416666666666667 0.011666666666666667 0.011666666666666667
5 0.008333333333333333 0.9216666666666666 0.008333333333333333 0.008333333333333333
