5 0.8358333333333333 0.09666666666666666 0.011666666666666667 0.011666666666666667
5 0.6316666666666667 0.7208333333333333 0.01 0.01
5 0.9308333333333333 0.7466666666666667 0.008333333333333333 0.008333333333333333
5 0.1225 0.5308333333333334 0.013333333333333334 0.011666666666666667
5 0.815 0.07166666666666667 0.01 0.01
5 0.09666666666666666 0.028333333333333332 0.01 0.01
5 0.6091666666666666 0.39666666666666667 0.008333333333333333 0.008333333333333333
5 0.7675 0.14416666666666667 0.01 0.008333333333333333
5 0.8733333333333333 0.7375 0.015 0.016666666666666666
5 0.27666666666666667 0.285 0.01 0.01
0 0.9358333333333333 0.14333333333333334 0.015 0.011666666666666667
0 0.4558333333333333 0.09416666666666666 0.011666666666666667 0.011666666666666667
0 0.595 0.8333333333333334 0.01 0.01
0 0.99 0.32166666666666666 0.019166666666666665 0.018333333333333333
0 0.32 0.6708333333333333 0.01 0.013333333333333334
0 0.6408333333333334 0.6425 0.016666666666666666 0.015
