5.0 0.4951249999999999 0.7961750000000001 0.016050000000000002 0.015341666666666667
1.0 0.9431499999999999 0.8686666666666667 0.03826666666666667 0.038
1.0 0.10148333333333329 0.12996666666666667 0.044675 0.045625
5.0 0.1614416666666666 0.170625 0.015075 0.0158
5 0.9191666666666667 0.04666666666666667 0.015 0.013333333333333334
5 0.7716666666666666 0.03666666666666667 0.01 0.01
5 0.38416666666666666 0.7141666666666666 0.016666666666666666 0.015
5 0.6966666666666667 0.7141666666666666 0.008333333333333333 0.008333333333333333
5 0.2816666666666667 0.15833333333333333 0.008333333333333333 0.008333333333333333
5 0.3933333333333333 0.92 0.013333333333333334 0.013333333333333334
5 0.6991666666666667 0.5825 0.011666666666666667 0.01
5 0.4708333333333333 0.2275 0.011666666666666667 0.011666666666666667
5 0.024166666666666666 0.3333333333333333 0.008333333333333333 0.01
5 0.9191666666666667 0.26166666666666666 0.015 0.015
5 0.205 0.9316666666666666 0.015 0.013333333333333334
5 0.2075 0.7091666666666666 0.006666666666666667 0.006666666666666667
5 0.7041666666666667 0.0175 0.01 0.01
