5 0.22 0.9675 0.008333333333333333 0.008333333333333333
5 0.54 0.32166666666666666 0.006666666666666667 0.008333333333333333
5 0.4175 0.96 0.006666666666666667 0.006666666666666667
5 0.6291666666666667 0.12666666666666668 0.005 0.005
5 0.9566666666666667 0.305 0.013333333333333334 0.015
0 0.75 0.8466666666666667 0.02 0.02
0 0.565 0.52 0.01 0.01
0 0.4483333333333333 0.9008333333333334 0.03333333333333333 0.03333333333333333
0 0.9541666666666667 0.085 0.011666666666666667 0.011666666666666667
0 0.7175 0.8575 0.01 0.01
0 0.17333333333333334 0.8758333333333334 0.015 0.021666666666666667
0 0.4025 0.775 0.008333333333333333 0.008333333333333333
0 0.6575 0.6066666666666667 0.02 0.018333333333333333
6 0.8216666666666667 0.8558333333333333 0.02666666666666667 0.05333333333333334
6 0.8208333333333333 0.6375 0.03666666666666667 0.07833333333333334
6 0.20666666666666667 0.3641666666666667 0.041666666666666664 0.021666666666666667
