5 0.025 0.6391666666666667 0.011666666666666667 0.01
5 0.17916666666666667 0.7733333333333333 0.011666666666666667 0.008333333333333333
0 0.5266666666666666 0.48333333333333334 0.03333333333333333 0.03333333333333333
0 0.8741666666666666 0.6933333333333334 0.011666666666666667 0.011666666666666667
0 0.4633333333333333 0.6333333333333333 0.02666666666666667 0.025
0 0.5225 0.12333333333333334 0.01 0.013333333333333334
0 0.8541666666666666 0.6025 0.03 0.035
0 0.45416666666666666 0.4275 0.025 0.02666666666666667
0 0.4741666666666667 0.2625 0.01 0.01
0 0.6275 0.13666666666666666 0.021666666666666667 0.025
0 0.15083333333333335 0.40166666666666667 0.013333333333333334 0.013333333333333334
