5 0.8 0.5566666666666666 0.015 0.018333333333333333
5 0.34 0.7291666666666666 0.013333333333333334 0.013333333333333334
5 0.33916666666666667 0.5025 0.013333333333333334 0.016666666666666666
5 0.875 0.17916666666666667 0.013333333333333334 0.015
5 0.04083333333333333 0.20833333333333334 0.008333333333333333 0.01
5 0.9675 0.09 0.013333333333333334 0.013333333333333334
5 0.3466666666666667 0.019166666666666665 0.008333333333333333 0.006666666666666667
5 0.43416666666666665 0.4866666666666667 0.011666666666666667 0.011666666666666667
5 0.37416666666666665 0.09333333333333334 0.006666666666666667 0.008333333333333333
5 0.7175 0.9791666666666666 0.015 0.011666666666666667
5 0.4633333333333333 0.3541666666666667 0.008333333333333333 0.008333333333333333
