5 0.5483333333333333 0.4025 0.016666666666666666 0.015
5 0.48083333333333333 0.06666666666666667 0.011666666666666667 0.011666666666666667
5 0.6708333333333333 0.06666666666666667 0.006666666666666667 0.008333333333333333
0 0.10833333333333334 0.415 0.015 0.013333333333333334
0 0.2425 0.9475 0.02666666666666667 0.021666666666666667
0 0.255 0.6533333333333333 0.015 0.015
0 0.0875 0.7383333333333333 0.011666666666666667 0.013333333333333334
0 0.2783333333333333 0.225 0.01 0.013333333333333334
0 0.15333333333333332 0.20166666666666666 0.02666666666666667 0.023333333333333334
0 0.17166666666666666 0.11666666666666667 0.006666666666666667 0.01
0 0.6125 0.3908333333333333 0.03833333333333333 0.04
0 0.7141666666666666 0.35833333333333334 0.01 0.01
