4.0 0.07588702147525674 0.7688193146417446 0.08363211951447246 0.13842056074766357
4.0 0.479014939309057 0.49273520249221187 0.08781512605042016 0.07545794392523364
4.0 0.8239355742296919 0.3500716510903427 0.10249299719887955 0.10450467289719625
4.0 0.6346451914098973 0.9426791277258568 0.1273856209150327 0.05834579439252337
5.0 0.628361344537815 0.34085669781931466 0.011559290382819795 0.011102803738317757
5 0.7275 0.37833333333333335 0.008333333333333333 0.008333333333333333
5 0.5408333333333334 0.09916666666666667 0.006666666666666667 0.006666666666666667
5 0.77 0.4508333333333333 0.008333333333333333 0.006666666666666667
5 0.42333333333333334 0.7516666666666667 0.008333333333333333 0.008333333333333333
5 0.13583333333333333 0.7325 0.01 0.011666666666666667
5 0.6625 0.7425 0.018333333333333333 0.021666666666666667
5 0.29333333333333333 0.9016666666666666 0.015 0.015
5 0.4725 0.8883333333333333 0.015 0.011666666666666667
0 0.7016666666666667 0.20083333333333334 0.018333333333333333 0.016666666666666666
0 0.8925 0.5691666666666667 0.028333333333333332 0.021666666666666667
0 0.8575 0.4816666666666667 0.028333333333333332 0.021666666666666667
0 0.1975 0.10166666666666667 0.021666666666666667 0.023333333333333334
0 0.5275 0.14416666666666667 0.01 0.011666666666666667
0 0.9075 0.08833333333333333 0.013333333333333334 0.011666666666666667
