5 0.5016666666666667 0.9583333333333334 0.013333333333333334 0.011666666666666667
5 0.3775 0.22333333333333333 0.006666666666666667 0.006666666666666667
5 0.8108333333333333 0.7183333333333334 0.008333333333333333 0.008333333333333333
5 0.7908333333333334 0.1575 0.011666666666666667 0.011666666666666667
5 0.9141666666666667 0.6583333333333333 0.01 0.011666666666666667
5 0.2891666666666667 0.2633333333333333 0.016666666666666666 0.015
5 0.31916666666666665 0.9566666666666667 0.008333333333333333 0.008333333333333333
5 0.8866666666666667 0.355 0.016666666666666666 0.018333333333333333
5 0.2625 0.42916666666666664 0.018333333333333333 0.021666666666666667
5 0.23166666666666666 0.3516666666666667 0.006666666666666667 0.008333333333333333
5 0.9508333333333333 0.23 0.015 0.016666666666666666
0 0.08583333333333333 0.035833333333333335 0.021666666666666667 0.018333333333333333
0 0.8175 0.42916666666666664 0.028333333333333332 0.023333333333333334
0 0.8825 0.5016666666666667 0.01 0.015
