5 0.9066666666666666 0.1875 0.015 0.013333333333333334
5 0.20583333333333334 0.9891666666666666 0.015 0.013333333333333334
5 0.6208333333333333 0.8975 0.011666666666666667 0.01
5 0.9116666666666666 0.8925 0.006666666666666667 0.008333333333333333
5 0.17916666666666667 0.6441666666666667 0.01 0.01
5 0.024166666666666666 0.5425 0.006666666666666667 0.006666666666666667
5 0.21583333333333332 0.43916666666666665 0.013333333333333334 0.011666666666666667
5 0.9183333333333333 0.3425 0.006666666666666667 0.006666666666666667
5 0.011666666666666667 0.255 0.013333333333333334 0.015
5 0.155 0.8625 0.01 0.01
5 0.42583333333333334 0.24083333333333334 0.016666666666666666 0.018333333333333333
5 0.6633333333333333 0.7933333333333333 0.008333333333333333 0.008333333333333333
