5 0.4533333333333333 0.14916666666666667 0.008333333333333333 0.006666666666666667
5 0.4558333333333333 0.6058333333333333 0.011666666666666667 0.01
5 0.03916666666666667 0.9516666666666667 0.015 0.013333333333333334
5 0.1675 0.9133333333333333 0.021666666666666667 0.018333333333333333
5 0.48 0.915 0.006666666666666667 0.006666666666666667
5 0.8725 0.7808333333333334 0.011666666666666667 0.008333333333333333
5 0.20333333333333334 0.2608333333333333 0.01 0.01
5 0.8008333333333333 0.8241666666666667 0.018333333333333333 0.016666666666666666
5 0.1075 0.14666666666666667 0.011666666666666667 0.01
5 0.019166666666666665 0.0275 0.006666666666666667 0.006666666666666667
5 0.9516666666666667 0.5416666666666666 0.015 0.013333333333333334
5 0.08166666666666667 0.5841666666666666 0.006666666666666667 0.006666666666666667
5 0.029166666666666667 0.6608333333333334 0.011666666666666667 0.011666666666666667
5 0.04833333333333333 0.020833333333333332 0.006666666666666667 0.006666666666666667
