5 0.94 0.9691666666666666 0.01 0.01
5 0.6458333333333334 0.9058333333333334 0.01 0.01
5 0.1675 0.47333333333333333 0.011666666666666667 0.011666666666666667
5 0.26666666666666666 0.755 0.008333333333333333 0.01
5 0.015 0.9558333333333333 0.01 0.008333333333333333
5 0.6991666666666667 0.0125 0.016666666666666666 0.015
5 0.8433333333333334 0.9825 0.016666666666666666 0.035
5 0.9325 0.8441666666666666 0.008333333333333333 0.01
5 0.19416666666666665 0.5541666666666667 0.016666666666666666 0.015
5 0.5425 0.4425 0.011666666666666667 0.013333333333333334
