5 0.7375 0.15333333333333332 0.011666666666666667 0.011666666666666667
5 0.6808333333333333 0.06833333333333333 0.013333333333333334 0.013333333333333334
5 0.41 0.4558333333333333 0.008333333333333333 0.006666666666666667
5 0.04 0.43666666666666665 0.011666666666666667 0.01
5 0.7083333333333334 0.7041666666666667 0.008333333333333333 0.008333333333333333
5 0.7966666666666666 0.1425 0.01 0.01
5 0.3491666666666667 0.11583333333333333 0.011666666666666667 0.015
5 0.7183333333333334 0.8216666666666667 0.013333333333333334 0.015
5 0.6883333333333334 0.9658333333333333 0.01 0.011666666666666667
5 0.195 0.4025 0.013333333333333334 0.013333333333333334
5 0.31416666666666665 0.785 0.008333333333333333 0.008333333333333333
5 0.14583333333333334 0.485 0.013333333333333334 0.013333333333333334
5 0.8591666666666666 0.24666666666666667 0.008333333333333333 0.006666666666666667
5 0.8375 0.22 0.008333333333333333 0.01
5 0.14416666666666667 0.8216666666666667 0.018333333333333333 0.021666666666666667
5 0.8941666666666667 0.0775 0.013333333333333334 0.013333333333333334
5 0.6441666666666667 0.5683333333333334 0.013333333333333334 0.01
0 0.041666666666666664 0.3491666666666667 0.023333333333333334 0.02666666666666667
0 0.021666666666666667 0.8941666666666667 0.03 0.028333333333333332
0 0.2025 0.16166666666666665 0.02 0.021666666666666667
