8.0 0.30325833333333335 0.5722122602168473 0.3353 0.6538782318598833
5 0.3325 0.34833333333333333 0.01 0.008333333333333333
5 0.6508333333333334 0.4025 0.01 0.01
5 0.1775 0.38 0.015 0.018333333333333333
5 0.14416666666666667 0.18166666666666667 0.008333333333333333 0.008333333333333333
5 0.9925 0.7158333333333333 0.015 0.013333333333333334
5 0.5233333333333333 0.1525 0.008333333333333333 0.006666666666666667
5 0.5683333333333334 0.38333333333333336 0.015 0.013333333333333334
5 0.18666666666666668 0.9308333333333333 0.011666666666666667 0.01
5 0.6 0.9475 0.013333333333333334 0.011666666666666667
5 0.30666666666666664 0.44333333333333336 0.015 0.018333333333333333
5 0.495 0.1125 0.013333333333333334 0.013333333333333334
5 0.5975 0.9583333333333334 0.015 0.013333333333333334
0 0.2783333333333333 0.18916666666666668 0.015 0.02
0 0.8933333333333333 0.46 0.021666666666666667 0.023333333333333334
0 0.6008333333333333 0.76 0.011666666666666667 0.015
0 0.6883333333333334 0.9833333333333333 0.021666666666666667 0.025
