5 0.6758333333333333 0.25083333333333335 0.011666666666666667 0.011666666666666667
5 0.19083333333333333 0.5925 0.015 0.016666666666666666
5 0.7883333333333333 0.8416666666666667 0.018333333333333333 0.025
5 0.3525 0.28833333333333333 0.008333333333333333 0.008333333333333333
5 0.8366666666666667 0.28583333333333333 0.016666666666666666 0.015
5 0.48333333333333334 0.37833333333333335 0.011666666666666667 0.008333333333333333
5 0.10416666666666667 0.03833333333333333 0.008333333333333333 0.008333333333333333
5 0.0525 0.6175 0.013333333333333334 0.01
5 0.9308333333333333 0.8225 0.008333333333333333 0.01
5 0.3358333333333333 0.6791666666666667 0.006666666666666667 0.008333333333333333
5 0.07 0.14083333333333334 0.01 0.008333333333333333
5 0.32083333333333336 0.36583333333333334 0.008333333333333333 0.008333333333333333
5 0.14833333333333334 0.1875 0.006666666666666667 0.006666666666666667
5 0.04833333333333333 0.21166666666666667 0.01 0.01
5 0.23333333333333334 0.4875 0.018333333333333333 0.018333333333333333
5 0.8516666666666667 0.8358333333333333 0.013333333333333334 0.013333333333333334
5 0.0875 0.9016666666666666 0.011666666666666667 0.01
5 0.47 0.0975 0.008333333333333333 0.006666666666666667
5 0.47583333333333333 0.22833333333333333 0.015 0.018333333333333333
