1.0 0.19042499999999998 0.37869166666666665 0.026583333333333334 0.028358333333333333
1.0 0.19084166666666666 0.8103583333333333 0.03575833333333333 0.0392
1.0 0.8376333333333333 0.21186666666666665 0.03476666666666667 0.03836666666666667
5.0 0.7378166666666667 0.21162499999999995 0.007425 0.005908333333333333
5 0.7591666666666667 0.4508333333333333 0.011666666666666667 0.011666666666666667
5 0.66 0.016666666666666666 0.011666666666666667 0.015
5 0.5166666666666667 0.5908333333333333 0.008333333333333333 0.008333333333333333
0 0.1775 0.3275 0.015 0.023333333333333334
0 0.9733333333333334 0.5541666666666667 0.03833333333333333 0.04
0 0.16916666666666666 0.09333333333333334 0.011666666666666667 0.013333333333333334
0 0.2708333333333333 0.5725 0.03333333333333333 0.03333333333333333
