5 0.9358333333333333 0.845 0.011666666666666667 0.01
5 0.7166666666666667 0.29583333333333334 0.008333333333333333 0.008333333333333333
5 0.4816666666666667 0.6283333333333333 0.005 0.006666666666666667
5 0.7291666666666666 0.7425 0.011666666666666667 0.011666666666666667
5 0.8533333333333334 0.08333333333333333 0.015 0.013333333333333334
5 0.9791666666666666 0.9533333333333334 0.011666666666666667 0.01
5 0.6625 0.5941666666666666 0.011666666666666667 0.01
5 0.7091666666666666 0.3883333333333333 0.006666666666666667 0.006666666666666667
5 0.08666666666666667 0.1725 0.016666666666666666 0.02
5 0.53 0.24833333333333332 0.016666666666666666 0.015
5 0.765 0.335 0.01 0.008333333333333333
5 0.17333333333333334 0.0375 0.008333333333333333 0.01
5 0.8258333333333333 0.5675 0.01 0.01
5 0.16416666666666666 0.5075 0.015 0.011666666666666667
5 0.051666666666666666 0.023333333333333334 0.011666666666666667 0.01
