5 0.7666666666666667 0.6966666666666667 0.008333333333333333 0.006666666666666667
5 0.23833333333333334 0.82 0.015 0.011666666666666667
5 0.5916666666666667 0.7858333333333334 0.013333333333333334 0.013333333333333334
5 0.035 0.775 0.008333333333333333 0.008333333333333333
5 0.1125 0.5125 0.01 0.008333333333333333
5 0.25 0.04833333333333333 0.013333333333333334 0.01
5 0.72 0.43333333333333335 0.01 0.01
5 0.8141666666666667 0.14083333333333334 0.013333333333333334 0.011666666666666667
5 0.6666666666666666 0.7958333333333333 0.02 0.016666666666666666
5 0.0225 0.8116666666666666 0.01 0.01
