5 0.2991666666666667 0.25916666666666666 0.013333333333333334 0.015
5 0.48333333333333334 0.6941666666666667 0.015 0.016666666666666666
5 0.49333333333333335 0.1225 0.011666666666666667 0.01
5 0.47583333333333333 0.3025 0.015 0.015
5 0.5358333333333334 0.415 0.01 0.011666666666666667
0 0.5491666666666667 0.7308333333333333 0.013333333333333334 0.016666666666666666
0 0.25 0.445 0.01 0.01
0 0.405 0.77 0.018333333333333333 0.016666666666666666
0 0.5441666666666667 0.3383333333333333 0.011666666666666667 0.013333333333333334
0 0.09333333333333334 0.4141666666666667 0.028333333333333332 0.03166666666666667
0 0.135 0.03833333333333333 0.01 0.01
0 0.5141666666666667 0.7425 0.016666666666666666 0.015
0 0.011666666666666667 0.46166666666666667 0.016666666666666666 0.013333333333333334
