5 0.8308333333333333 0.6041666666666666 0.013333333333333334 0.016666666666666666
5 0.29 0.9566666666666667 0.01 0.008333333333333333
5 0.6116666666666667 0.2625 0.008333333333333333 0.006666666666666667
5 0.3566666666666667 0.415 0.01 0.01
5 0.3016666666666667 0.23166666666666666 0.013333333333333334 0.015
5 0.034166666666666665 0.7258333333333333 0.01 0.011666666666666667
5 0.41083333333333333 0.18 0.006666666666666667 0.006666666666666667
5 0.4825 0.8375 0.011666666666666667 0.01
5 0.6133333333333333 0.8433333333333334 0.016666666666666666 0.015
5 0.47833333333333333 0.8558333333333333 0.011666666666666667 0.013333333333333334
5 0.42583333333333334 0.9241666666666667 0.011666666666666667 0.011666666666666667
5 0.57 0.3775 0.015 0.011666666666666667
5 0.9308333333333333 0.8966666666666666 0.015 0.013333333333333334
5 0.6933333333333334 0.4475 0.008333333333333333 0.008333333333333333
0 0.6075 0.45666666666666667 0.008333333333333333 0.011666666666666667
0 0.47583333333333333 0.7241666666666666 0.016666666666666666 0.015
0 0.58 0.7791666666666667 0.01 0.015
0 0.49666666666666665 0.6108333333333333 0.03333333333333333 0.03333333333333333
0 0.7766666666666666 0.5958333333333333 0.01 0.013333333333333334
0 0.5408333333333334 0.3875 0.02666666666666667 0.025
