5 0.059166666666666666 0.635 0.015 0.015
5 0.575 0.8975 0.015 0.013333333333333334
5 0.8616666666666667 0.885 0.008333333333333333 0.008333333333333333
5 0.5541666666666667 0.15333333333333332 0.021666666666666667 0.018333333333333333
5 0.12666666666666668 0.2708333333333333 0.013333333333333334 0.01
5 0.23416666666666666 0.6408333333333334 0.01 0.008333333333333333
5 0.16333333333333333 0.9816666666666667 0.011666666666666667 0.011666666666666667
5 0.1625 0.43583333333333335 0.016666666666666666 0.015
5 0.5375 0.5241666666666667 0.013333333333333334 0.013333333333333334
5 0.63 0.5758333333333333 0.006666666666666667 0.006666666666666667
5 0.5275 0.32916666666666666 0.016666666666666666 0.015
5 0.92 0.6633333333333333 0.006666666666666667 0.006666666666666667
5 0.5908333333333333 0.31083333333333335 0.01 0.01
5 0.6775 0.11666666666666667 0.006666666666666667 0.006666666666666667
5 0.04416666666666667 0.885 0.013333333333333334 0.011666666666666667
5 0.135 0.028333333333333332 0.008333333333333333 0.008333333333333333
