5 0.87 0.5191666666666667 0.01 0.01
5 0.7025 0.6491666666666667 0.008333333333333333 0.008333333333333333
5 0.29083333333333333 0.94 0.01 0.01
5 0.04416666666666667 0.7616666666666667 0.015 0.016666666666666666
5 0.0825 0.6558333333333334 0.008333333333333333 0.008333333333333333
5 0.12583333333333332 0.98 0.015 0.015
5 0.6391666666666667 0.48 0.006666666666666667 0.006666666666666667
5 0.5066666666666667 0.5516666666666666 0.011666666666666667 0.011666666666666667
5 0.42916666666666664 0.805 0.011666666666666667 0.011666666666666667
5 0.815 0.050833333333333335 0.023333333333333334 0.021666666666666667
0 0.2175 0.8591666666666666 0.015 0.015
