5 0.985 0.16583333333333333 0.008333333333333333 0.008333333333333333
5 0.8616666666666667 0.3541666666666667 0.01 0.008333333333333333
5 0.9466666666666667 0.5083333333333333 0.013333333333333334 0.013333333333333334
5 0.7791666666666667 0.6233333333333333 0.008333333333333333 0.008333333333333333
5 0.1025 0.31166666666666665 0.01 0.01
5 0.075 0.8225 0.008333333333333333 0.008333333333333333
5 0.43333333333333335 0.6391666666666667 0.01 0.01
5 0.93 0.5983333333333334 0.018333333333333333 0.016666666666666666
5 0.13083333333333333 0.17583333333333334 0.008333333333333333 0.008333333333333333
5 0.13416666666666666 0.2791666666666667 0.013333333333333334 0.011666666666666667
5 0.8908333333333334 0.7433333333333333 0.015 0.013333333333333334
5 0.64 0.5325 0.01 0.01
5 0.02666666666666667 0.72 0.006666666666666667 0.006666666666666667
