5 0.6858333333333333 0.6758333333333333 0.013333333333333334 0.011666666666666667
5 0.9491666666666667 0.865 0.015 0.018333333333333333
5 0.9341666666666667 0.5758333333333333 0.016666666666666666 0.015
5 0.3425 0.22583333333333333 0.008333333333333333 0.008333333333333333
5 0.8733333333333333 0.145 0.006666666666666667 0.006666666666666667
5 0.6433333333333333 0.35083333333333333 0.018333333333333333 0.016666666666666666
5 0.8341666666666666 0.4241666666666667 0.008333333333333333 0.008333333333333333
5 0.5316666666666666 0.4766666666666667 0.013333333333333334 0.015
5 0.3125 0.4558333333333333 0.008333333333333333 0.008333333333333333
0 0.275 0.33166666666666667 0.015 0.02
0 0.57 0.37916666666666665 0.02666666666666667 0.021666666666666667
0 0.355 0.4583333333333333 0.015 0.018333333333333333
0 0.5425 0.44166666666666665 0.021666666666666667 0.018333333333333333
0 0.9075 0.36333333333333334 0.021666666666666667 0.023333333333333334
