5 0.03166666666666667 0.5225 0.02 0.016666666666666666
5 0.49833333333333335 0.4625 0.013333333333333334 0.013333333333333334
5 0.9075 0.8716666666666667 0.01 0.011666666666666667
5 0.5808333333333333 0.35083333333333333 0.006666666666666667 0.008333333333333333
5 0.2891666666666667 0.77 0.006666666666666667 0.006666666666666667
5 0.595 0.021666666666666667 0.016666666666666666 0.018333333333333333
5 0.8158333333333333 0.8416666666666667 0.008333333333333333 0.008333333333333333
5 0.3425 0.0925 0.013333333333333334 0.015
5 0.33416666666666667 0.049166666666666664 0.006666666666666667 0.006666666666666667
5 0.9083333333333333 0.15083333333333335 0.011666666666666667 0.011666666666666667
5 0.13583333333333333 0.4058333333333333 0.008333333333333333 0.008333333333333333
5 0.4475 0.095 0.008333333333333333 0.008333333333333333
5 0.2075 0.6925 0.008333333333333333 0.008333333333333333
5 0.91 0.034166666666666665 0.015 0.013333333333333334
5 0.9608333333333333 0.8108333333333333 0.011666666666666667 0.011666666666666667
5 0.9241666666666667 0.43166666666666664 0.016666666666666666 0.015
