5 0.7675 0.4275 0.008333333333333333 0.008333333333333333
5 0.7966666666666666 0.3775 0.021666666666666667 0.018333333333333333
5 0.2625 0.22916666666666666 0.008333333333333333 0.008333333333333333
5 0.7925 0.6758333333333333 0.011666666666666667 0.013333333333333334
5 0.24916666666666668 0.3775 0.015 0.015
5 0.8875 0.645 0.013333333333333334 0.013333333333333334
5 0.84 0.9491666666666667 0.011666666666666667 0.013333333333333334
5 0.92 0.09583333333333334 0.01 0.01
5 0.7033333333333334 0.9008333333333334 0.018333333333333333 0.016666666666666666
5 0.9366666666666666 0.9308333333333333 0.008333333333333333 0.006666666666666667
5 0.3933333333333333 0.8475 0.008333333333333333 0.008333333333333333
5 0.68 0.5333333333333333 0.013333333333333334 0.01
5 0.75 0.23833333333333334 0.006666666666666667 0.008333333333333333
5 0.9475 0.9183333333333333 0.013333333333333334 0.015
0 0.7833333333333333 0.5875 0.02 0.021666666666666667
0 0.7833333333333333 0.135 0.008333333333333333 0.013333333333333334
0 0.35833333333333334 0.36083333333333334 0.011666666666666667 0.011666666666666667
