5 0.16583333333333333 0.060833333333333336 0.015 0.011666666666666667
5 0.1425 0.6891666666666667 0.021666666666666667 0.018333333333333333
5 0.7325 0.0775 0.008333333333333333 0.008333333333333333
5 0.43833333333333335 0.028333333333333332 0.013333333333333334 0.013333333333333334
5 0.465 0.2783333333333333 0.018333333333333333 0.016666666666666666
5 0.5558333333333333 0.6583333333333333 0.013333333333333334 0.013333333333333334
5 0.4791666666666667 0.25083333333333335 0.011666666666666667 0.01
5 0.31833333333333336 0.30916666666666665 0.008333333333333333 0.008333333333333333
5 0.25833333333333336 0.20083333333333334 0.008333333333333333 0.008333333333333333
5 0.2225 0.9816666666666667 0.008333333333333333 0.008333333333333333
5 0.0525 0.32166666666666666 0.01 0.01
5 0.028333333333333332 0.035833333333333335 0.016666666666666666 0.018333333333333333
5 0.935 0.9133333333333333 0.02 0.016666666666666666
5 0.6791666666666667 0.42 0.016666666666666666 0.02
5 0.6141666666666666 0.8891666666666667 0.008333333333333333 0.008333333333333333
