5 0.5358333333333334 0.005 0.008333333333333333 0.01
5 0.5758333333333333 0.37 0.01 0.011666666666666667
5 0.23416666666666666 0.6841666666666667 0.008333333333333333 0.008333333333333333
5 0.6458333333333334 0.6933333333333334 0.008333333333333333 0.008333333333333333
5 0.7991666666666667 0.9308333333333333 0.011666666666666667 0.01
5 0.74 0.5783333333333334 0.011666666666666667 0.011666666666666667
5 0.10583333333333333 0.6241666666666666 0.013333333333333334 0.015
5 0.3475 0.505 0.008333333333333333 0.006666666666666667
5 0.011666666666666667 0.8525 0.008333333333333333 0.008333333333333333
5 0.8666666666666667 0.050833333333333335 0.018333333333333333 0.025
5 0.27416666666666667 0.22 0.008333333333333333 0.008333333333333333
5 0.78 0.9091666666666667 0.011666666666666667 0.01
5 0.6491666666666667 0.3466666666666667 0.008333333333333333 0.008333333333333333
5 0.5425 0.8908333333333334 0.008333333333333333 0.008333333333333333
