5 0.4058333333333333 0.545 0.008333333333333333 0.008333333333333333
5 0.5458333333333333 0.035833333333333335 0.013333333333333334 0.011666666666666667
0 0.20083333333333334 0.095 0.015 0.013333333333333334
0 0.49 0.5466666666666666 0.01 0.015
0 0.7566666666666667 0.8316666666666667 0.015 0.015
0 0.5291666666666667 0.13416666666666666 0.008333333333333333 0.008333333333333333
0 0.2783333333333333 0.7783333333333333 0.01 0.011666666666666667
0 0.07833333333333334 0.04583333333333333 0.016666666666666666 0.023333333333333334
0 0.4225 0.43333333333333335 0.008333333333333333 0.01
0 0.885 0.7116666666666667 0.02666666666666667 0.028333333333333332
0 0.6658333333333334 0.0325 0.01 0.013333333333333334
