0 0.8270916666666667 0.61 0.030866666666666667 0.036625000000000005
0 0.7166583333333333 0.39699166666666663 0.010608333333333334 0.015216666666666668
5 0.08029166666666666 0.060975 0.011116666666666667 0.011208333333333332
5 0.21080000000000002 0.14964166666666667 0.008450000000000001 0.009225
5 0.091825 0.1447 0.010458333333333333 0.008566666666666667
5 0.203875 0.12624166666666667 0.010433333333333333 0.011208333333333332
5 0.39009166666666667 0.21688333333333332 0.009725 0.015825
5 0.24045833333333333 0.29236666666666666 0.009766666666666667 0.009891666666666667
5 0.13466666666666666 0.20929999999999999 0.011766666666666667 0.011208333333333332
5 0.16235 0.21194166666666667 0.009125 0.011208333333333332
5 0.29253333333333337 0.5128750000000001 0.00975 0.01055
5 0.3755833333333333 0.4848583333333334 0.009733333333333333 0.011208333333333332
5 0.2994583333333333 0.36785 0.010408333333333334 0.01055
5 0.23222500000000001 0.5616583333333334 0.013058333333333333 0.011866666666666666
5 0.06380833333333333 0.7149333333333333 0.015075 0.016483333333333336
5 0.13434166666666666 0.702075 0.00715 0.013183333333333333
5 0.22266666666666665 0.6351666666666667 0.015041666666666667 0.016483333333333336
5 0.3050583333333333 0.5652833333333334 0.017658333333333335 0.013841666666666667
5 0.30011666666666664 0.5870416666666667 0.014366666666666665 0.012525
5 0.29550000000000004 0.7712916666666666 0.009091666666666666 0.01055
5 0.21739166666666668 0.4186083333333333 0.013725 0.015825
5 0.4658916666666667 0.2561083333333333 0.011025 0.012525
5 0.45439999999999997 0.130525 0.011783333333333333 0.011866666666666666
5 0.6844416666666667 0.13184166666666666 0.009091666666666666 0.01055
5 0.7520083333333333 0.13843333333333332 0.011049999999999999 0.011866666666666666
5 0.8304416666666666 0.15689166666666668 0.011033333333333334 0.01055
5 0.8617499999999999 0.17370833333333333 0.014325000000000001 0.012525
5 0.290275 0.5323249999999999 0.011816666666666666 0.009891666666666667
5 0.4712083333333334 0.7261333333333333 0.011116666666666667 0.012525
5 0.4639583333333333 0.7057 0.012441666666666667 0.013841666666666667
5 0.46296666666666664 0.7432749999999999 0.011775 0.012525
5 0.4586833333333333 0.8068916666666667 0.011125 0.013183333333333333
5 0.5509666666666666 0.685925 0.0111 0.015158333333333334
5 0.541075 0.5817666666666667 0.0111 0.013841666666666667
5 0.5651333333333333 0.5402333333333333 0.018349999999999998 0.012525
5 0.474175 0.5732 0.015733333333333332 0.012525
5 0.5377833333333334 0.7264666666666667 0.019008333333333332 0.015825
5 0.6191916666666667 0.8293083333333333 0.010425 0.013183333333333333
5 0.8472500000000001 0.8283166666666667 0.011691666666666666 0.011208333333333332
5 0.7213583333333333 0.6556000000000001 0.011716666666666667 0.016483333333333336
5 0.796825 0.5705583333333333 0.014991666666666665 0.013841666666666667
5 0.46330000000000005 0.275225 0.013758333333333334 0.012525
5 0.71345 0.428825 0.0104 0.011208333333333332
5 0.7763916666666666 0.4575 0.012366666666666666 0.013183333333333333
5 0.7763916666666666 0.5033166666666666 0.008408333333333334 0.012525
5 0.7826583333333333 0.42190833333333333 0.014666666666666668 0.014499999999999999
5 0.2148 0.3154416666666666 0.011175000000000001 0.011208333333333332
5 0.5493166666666667 0.4459666666666666 0.015716666666666667 0.015158333333333334
5 0.4623083333333333 0.30522499999999997 0.010458333333333333 0.01055
5 0.4593416666666667 0.3421416666666667 0.0098 0.013183333333333333
5 0.8611 0.5761666666666666 0.013366666666666666 0.01055
5 0.8673583333333332 0.7033916666666667 0.014025 0.01055
5 0.8587916666666666 0.7139416666666667 0.0074333333333333335 0.011866666666666666
5 0.7770583333333334 0.7749166666666667 0.01005 0.013841666666666667
5 0.6969666666666666 0.4163 0.012008333333333333 0.011208333333333332
5 0.7062 0.5263916666666666 0.010691666666666667 0.013841666666666667
5 0.6046833333333334 0.8471083333333334 0.01701666666666667 0.01055
5 0.4553916666666667 0.4205833333333333 0.009975000000000001 0.009225
5 0.479775 0.5465 0.012433333333333333 0.011866666666666666
5 0.06710833333333334 0.1852 0.011908333333333333 0.014341666666666667
0 0.08174166666666667 0.07706666666666667 0.014891666666666668 0.015533333333333333
0 0.22194166666666665 0.5895583333333334 0.017383333333333334 0.015466666666666665
5 0.20505 0.47373333333333334 0.012366666666666666 0.010933333333333333
5 0.6640666666666667 0.14505 0.011183333333333333 0.011016666666666668
5 0.6926333333333333 0.23575833333333335 0.011041666666666667 0.010566666666666667
5 0.536275 0.6310333333333333 0.010233333333333332 0.010891666666666668
5 0.5617333333333334 0.6085083333333333 0.011558333333333332 0.01405
5 0.5317999999999999 0.7697083333333333 0.013108333333333333 0.011433333333333334
5 0.6020416666666667 0.832875 0.010991666666666667 0.01015
5 0.9354666666666667 0.44025 0.013033333333333334 0.013966666666666667
5 0.7078 0.48491666666666666 0.007175 0.007200000000000001