5 0.13560833333333333 0.07533333333333334 0.01435 0.015333333333333332
5 0.08193333333333333 0.10149999999999999 0.011658333333333333 0.011725000000000001
5 0.23800000000000002 0.13081666666666666 0.015224999999999999 0.014433333333333333
5 0.21409166666666668 0.20164166666666666 0.010725 0.017141666666666666
5 0.1288416666666667 0.24359166666666668 0.01345 0.018041666666666664
5 0.4508916666666667 0.30314166666666664 0.015491666666666666 0.014433333333333333
5 0.45449999999999996 0.35005000000000003 0.013691666666666666 0.018041666666666664
5 0.5365916666666667 0.38569166666666665 0.011908333333333333 0.013533333333333331
5 0.37593333333333334 0.13253333333333334 0.015191666666666668 0.009925
5 0.32934166666666664 0.28491666666666665 0.016941666666666664 0.017841666666666665
5 0.6904 0.193525 0.012841666666666666 0.011725000000000001
5 0.8884083333333332 0.11051666666666667 0.013266666666666666 0.009925
5 0.9686416666666666 0.24582500000000002 0.011791666666666667 0.015241666666666666
0 0.306625 0.4423333333333333 0.01595833333333333 0.013633333333333332
5 0.14787499999999998 0.090225 0.013666666666666666 0.015191666666666668
5 0.394175 0.4506833333333334 0.007525 0.009641666666666666
5 0.1319 0.7076 0.010025 0.011625
5 0.3757 0.38653333333333334 0.008408333333333334 0.008
5 0.3647083333333333 0.40176666666666666 0.0086 0.0092
5 0.13071666666666668 0.4689 0.009399999999999999 0.008675
5 0.12199166666666665 0.48291666666666666 0.010358333333333332 0.009666666666666667
5 0.28826666666666667 0.44314166666666666 0.008533333333333334 0.008158333333333333
5 0.2836 0.42306666666666665 0.006766666666666666 0.007041666666666666
5 0.309325 0.43020833333333336 0.0073 0.007483333333333334
3 0.4066416666666667 0.897225 0.123825 0.06944166666666667
5 0.1156 0.14379166666666668 0.012641666666666667 0.011808333333333334
5 0.16066666666666668 0.13634166666666667 0.017708333333333333 0.01535
5 0.27907499999999996 0.12455833333333333 0.01834166666666667 0.016183333333333334
5 0.05453333333333333 0.15914999999999999 0.01685 0.017375
5 0.364925 0.18678333333333333 0.014325000000000001 0.014391666666666665
5 0.3047583333333333 0.147725 0.017391666666666666 0.017116666666666665
5 0.5588083333333334 0.16164166666666666 0.017091666666666668 0.016200000000000003
5 0.6764583333333334 0.08146666666666667 0.01775833333333333 0.018108333333333334
5 0.8087166666666668 0.084525 0.02036666666666667 0.020616666666666665
5 0.8625583333333333 0.07368333333333334 0.01753333333333333 0.019358333333333335
5 0.4599666666666667 0.7921166666666667 0.015608333333333333 0.018008333333333335
5 0.7519666666666667 0.8267083333333333 0.023275 0.022600000000000002
5 0.4479583333333333 0.5606583333333333 0.013733333333333334 0.013758333333333334
5 0.5710666666666666 0.728575 0.016133333333333333 0.017025
5 0.7650833333333333 0.7616333333333334 0.018799999999999997 0.017416666666666667
5 0.14905833333333335 0.21535 0.01995833333333333 0.024866666666666665
5 0.5101416666666666 0.019908333333333333 0.013333333333333334 0.016341666666666668
5 0.48541666666666666 0.12278333333333334 0.015858333333333335 0.018441666666666665