5 0.13583333333333333 0.4885988323603003 0.015116666666666667 0.018073394495412846
5 0.9322666666666667 0.17375312760633863 0.021866666666666666 0.02224353628023353
5 0.8843583333333334 0.3892160133444537 0.01771666666666667 0.03613844870725604
5 0.5275333333333333 0.6654545454545454 0.0138 0.012844036697247707
5 0.24486666666666665 0.7252543786488741 0.01614166666666667 0.013644703919933276
5 0.230425 0.9154962468723937 0.015941666666666666 0.02006672226855713
5 0.9750916666666666 0.7260967472894079 0.017966666666666666 0.018932443703085906
5 0.47885 0.624370308590492 0.017925 0.015296080066722268
6 0.6296083333333333 0.34854879065888245 0.07804166666666668 0.31504587155963304
6 0.6503333333333333 0.15049207673060883 0.034258333333333335 0.07974979149291077
0 0.5917916666666666 0.5102168473728107 0.022041666666666668 0.02171809841534612
0 0.592 0.5384320266889074 0.019208333333333334 0.02726438698915763
0 0.5870249999999999 0.5688323603002502 0.014491666666666667 0.015154295246038367
0 0.5835916666666666 0.5997748123436197 0.012291666666666666 0.01432026688907423
0 0.5833916666666668 0.5825688073394495 0.011216666666666668 0.010934111759799832
5 0.5798500000000001 0.9906088407005839 0.019875 0.01877397831526272
5 0.1299833333333333 0.30184320266889075 0.017958333333333333 0.020442035029190994
5 0.3819916666666667 0.12446205170975812 0.014925 0.01683903252710592
5 0.5222583333333334 0.056522101751459546 0.022699999999999998 0.024053377814845706
5 0.5510916666666666 0.1509257714762302 0.015483333333333332 0.019241034195162637
5 0.42975 0.137698081734779 0.016716666666666664 0.01804003336113428
5 0.579025 0.1467139282735613 0.018475000000000002 0.020442035029190994
5 0.24533333333333332 0.4052627189324437 0.019166666666666665 0.020442035029190994
5 0.7091166666666667 0.39504587155963306 0.019116666666666667 0.022852376980817348
5 0.5394166666666667 0.3526522101751459 0.020966666666666668 0.02224353628023353
5 0.9931916666666666 0.8763886572143452 0.013625000000000002 0.01964136780650542
5 0.8344666666666667 0.017331109257714764 0.02405 0.02311092577147623