1 0.17335 0.14170141784820683 0.044816666666666664 0.045704753961634696
0 0.2486 0.35175979983319433 0.023208333333333334 0.02899082568807339
0 0.3867333333333333 0.19561301084236862 0.027783333333333337 0.03451209341117598
0 0.614475 0.25724770642201833 0.016758333333333333 0.015462885738115096
5 0.4402333333333333 0.36009174311926606 0.010333333333333333 0.010517097581317764
1 0.548725 0.5464970809007507 0.03606666666666667 0.036947456213511254
5 0.48856666666666665 0.8776897414512093 0.011241666666666667 0.011759799833194329
0 0.803775 0.879232693911593 0.02765 0.02418682235195997
5 0.9069833333333335 0.620767306088407 0.012566666666666667 0.013844870725604672
5 0.7355499999999999 0.5821351125938282 0.014541666666666666 0.013728106755629693
5 0.943675 0.4786321934945788 0.013625000000000002 0.014570475396163468
5 0.8928750000000001 0.49183486238532115 0.011191666666666666 0.011784820683903253