0 0.7412083333333334 0.8389166666666668 0.025075 0.024575
0 0.619025 0.7379333333333333 0.02720833333333333 0.029266666666666663
0 0.89575 0.8958833333333333 0.020058333333333334 0.023208333333333334
0 0.30344166666666667 0.5947 0.022108333333333334 0.023566666666666666
0 0.20718333333333333 0.7815916666666667 0.017741666666666666 0.015016666666666666
0 0.87335 0.41868333333333335 0.014691666666666665 0.014741666666666669
0 0.2916666666666667 0.6558499999999999 0.017883333333333334 0.016383333333333333
5 0.39866666666666667 0.6765916666666666 0.017083333333333332 0.015875
5 0.31580833333333336 0.4406916666666667 0.017208333333333332 0.016608333333333333
5 0.37079999999999996 0.4118833333333333 0.016841666666666668 0.016941666666666664
5 0.532525 0.40625 0.016383333333333333 0.01620833333333333
5 0.312975 0.48451666666666665 0.01685 0.015991666666666668
5 0.21895833333333334 0.22741666666666666 0.016733333333333333 0.016583333333333332
5 0.38374166666666665 0.26585 0.01565 0.016524999999999998
5 0.5326916666666667 0.40618333333333334 0.015591666666666667 0.016066666666666667
5 0.3959166666666667 0.3346166666666667 0.016116666666666668 0.014974999999999999
5 0.39239999999999997 0.19924166666666668 0.016216666666666667 0.015875
5 0.752375 0.172925 0.014775 0.014225
5 0.8603416666666668 0.15847499999999998 0.014091666666666667 0.014525
5 0.8829166666666667 0.3675833333333334 0.014616666666666667 0.014150000000000001
5 0.8622916666666667 0.5333166666666667 0.014283333333333334 0.013925
5 0.9576083333333334 0.8849833333333333 0.01265 0.012075
5 0.9549333333333334 0.8564083333333333 0.012816666666666667 0.012191666666666667
5 0.626975 0.7018833333333333 0.014775 0.013433333333333334
5 0.77855 0.8072583333333334 0.013041666666666667 0.01215
5 0.6755916666666667 0.14374166666666668 0.014775 0.014150000000000001
5 0.93705 0.912925 0.012991666666666667 0.012325
5 0.8112583333333333 0.7143416666666667 0.013291666666666667 0.012625
5 0.7937916666666667 0.6734583333333333 0.0139 0.012625
5 0.7952916666666667 0.6297083333333333 0.013891666666666668 0.013533333333333331
5 0.7888333333333334 0.5587583333333334 0.014199999999999999 0.014133333333333335
5 0.681 0.37435833333333335 0.014499999999999999 0.013833333333333335
5 0.8913249999999999 0.7421500000000001 0.013608333333333332 0.012924999999999999
5 0.7189416666666667 0.7442583333333334 0.014516666666666667 0.012924999999999999
5 0.708125 0.683825 0.013308333333333333 0.012924999999999999
5 0.6942916666666666 0.684125 0.013908333333333335 0.013533333333333331
5 0.6502916666666667 0.8602416666666667 0.013608333333333332 0.012924999999999999
5 0.8669333333333333 0.2439 0.014966666666666668 0.014866666666666667
5 0.6958166666666666 0.3360083333333333 0.015866666666666664 0.015316666666666666
5 0.45147499999999996 0.17430833333333332 0.016333333333333335 0.015316666666666666
5 0.4552833333333334 0.2993 0.01675 0.01576666666666667
5 0.48432500000000006 0.38825833333333337 0.0172 0.015316666666666666
5 0.483875 0.3031333333333333 0.0163 0.015316666666666666
5 0.47284166666666666 0.431725 0.01675 0.01576666666666667
5 0.46090833333333336 0.39140833333333336 0.0163 0.016216666666666667
5 0.4140833333333333 0.3139416666666667 0.0172 0.016216666666666667
5 0.16156666666666666 0.23904166666666668 0.01675 0.016216666666666667
5 0.3782833333333333 0.1912 0.01765 0.016666666666666666
5 0.31814166666666666 0.47505 0.0172 0.016666666666666666
5 0.38458333333333333 0.3902833333333333 0.01675 0.01576666666666667
5 0.39089166666666664 0.2846666666666667 0.01675 0.015316666666666666
5 0.40185000000000004 0.34044166666666664 0.01675 0.016666666666666666
0 0.23359166666666667 0.7813666666666667 0.016891666666666666 0.015716666666666667
5 0.354425 0.6019416666666667 0.016833333333333332 0.015833333333333335
5 0.3019 0.614775 0.017316666666666668 0.016075
5 0.207475 0.3461916666666667 0.01665 0.01614166666666667
5 0.45395833333333335 0.261625 0.01645 0.015816666666666666
5 0.403175 0.164925 0.016366666666666668 0.015433333333333334
5 0.26295 0.22615 0.017525000000000002 0.016608333333333333
5 0.41125 0.28998333333333337 0.01746666666666667 0.016149999999999998
5 0.3290333333333333 0.2154 0.017491666666666666 0.016149999999999998
5 0.473425 0.7151166666666666 0.017699999999999997 0.01575
5 0.3094166666666667 0.5800583333333333 0.01728333333333333 0.014916666666666665
5 0.242325 0.7163666666666667 0.018158333333333332 0.01575
5 0.2267 0.61385 0.017741666666666666 0.015791666666666666
5 0.14526666666666666 0.851225 0.018916666666666665 0.015899999999999997