1 0.18825 0.3816346955796497 0.024683333333333335 0.02573811509591326
1 0.7524083333333333 0.7699833194328608 0.025666666666666667 0.02603002502085071
1 0.67195 0.28450375312760634 0.033975000000000005 0.034045037531276065
5 0.15616666666666668 0.4531526271893245 0.007608333333333334 0.008323603002502086
5 0.8677416666666666 0.8321601334445371 0.007975 0.006622185154295247
5 0.7959916666666668 0.8107839866555463 0.006875 0.007964970809007507
5 0.9784249999999999 0.8299499582985822 0.008808333333333333 0.009541284403669725
5 0.8073083333333333 0.7611509591326105 0.007891666666666667 0.008248540450375314
5 0.8591333333333334 0.860183486238532 0.007308333333333333 0.006655546288573812
0 0.7837999999999999 0.5890492076730609 0.0073 0.010650542118432027
0 0.684925 0.3417931609674729 0.0066500000000000005 0.009658048373644704
5 0.6511333333333333 0.24061718098415347 0.010258333333333335 0.008765638031693078
5 0.71575 0.4036113427856547 0.009433333333333334 0.008306922435362803
5 0.7114333333333334 0.41676396997497916 0.008966666666666666 0.008090075062552125