2 0.18869166666666667 0.12563803169307755 0.07728333333333333 0.06683069224353627
2 0.231425 0.8500667222685572 0.07994166666666667 0.06683069224353627
2 0.6400333333333333 0.5600250208507089 0.042458333333333334 0.04811509591326105
0 0.49294999999999994 0.39144286905754794 0.018016666666666667 0.015304420350291911
0 0.29761666666666664 0.7652460383653044 0.010908333333333332 0.014028356964136781
5 0.4560916666666666 0.43622185154295245 0.009433333333333334 0.009891576313594662
5 0.4568083333333333 0.4503586321934946 0.009508333333333334 0.00909090909090909
0 0.5401416666666666 0.36788156797331106 0.010816666666666667 0.009257714762301918
5 0.4428333333333333 0.3809174311926606 0.007225 0.007180984153461217
5 0.29954166666666665 0.40604670558799 0.007258333333333334 0.007272727272727274
5 0.36199166666666666 0.3484987489574646 0.009091666666666666 0.007464553794829023
5 0.3091083333333333 0.4251793160967473 0.006974999999999999 0.007472894078398666
0 0.30074166666666663 0.48558798999165975 0.007591666666666666 0.008707256046705587
5 0.31013333333333337 0.4770308590492077 0.009366666666666667 0.00829024186822352
5 0.3040333333333333 0.4288907422852377 0.006791666666666667 0.006705587989991659
5 0.28984166666666666 0.42695579649708093 0.006358333333333333 0.007064220183486239
5 0.314975 0.4043869891576314 0.006308333333333333 0.00884070058381985
5 0.309375 0.4658465387823186 0.007583333333333333 0.007414512093411176
5 0.38560833333333333 0.5711342785654712 0.007625000000000001 0.007739783152627189
5 0.3660083333333333 0.2948457047539616 0.008141666666666667 0.007831526271893244
5 0.429975 0.2829941618015013 0.007716666666666667 0.008623853211009174
5 0.5827666666666667 0.27388657214345286 0.007425 0.008031693077564638
5 0.581225 0.3003085904920767 0.007966666666666667 0.008482068390325271
5 0.42299166666666665 0.29192660550458716 0.008225 0.006663886572143453
0 0.2228416666666667 0.7656713928273561 0.007616666666666667 0.007698081734778983
5 0.223225 0.7062635529608006 0.007858333333333333 0.007581317764804003
5 0.22306666666666666 0.7776980817347791 0.006991666666666667 0.006588824020016681
0 0.25329999999999997 0.9259132610508758 0.008 0.009532944120100082
5 0.17059166666666667 0.9209007506255213 0.009058333333333333 0.008557130942452043
5 0.19993333333333332 0.9237948290241869 0.010433333333333333 0.007239366138448707
0 0.23402499999999998 0.5779399499582987 0.007641666666666666 0.008757297748123435
0 0.21458333333333332 0.5683236030025021 0.0079 0.01085904920767306
5 0.21840833333333332 0.6291492910758966 0.0067083333333333335 0.006872393661384487
5 0.13219166666666665 0.7456213511259383 0.007241666666666666 0.006997497914929108
5 0.3227916666666667 0.6982151793160967 0.008883333333333333 0.007881567973311092
5 0.5053333333333333 0.2757047539616347 0.007691666666666667 0.007289407839866556