0 0.12682332463011314 0.43498257839721255 0.02662315056570931 0.021202090592334494
5 0.28236727589208005 0.23482578397212542 0.012445604873803308 0.012395470383275261
5 0.09502175805047869 0.16954703832752613 0.013681462140992168 0.013092334494773518
5 0.03421235857267189 0.118301393728223 0.015839860748476937 0.016837979094076652
5 0.052985204525674505 0.07824912891986062 0.018711923411662314 0.018815331010452963
5 0.00587467362924282 0.0962979094076655 0.01174934725848564 0.0143205574912892
5 0.4455874673629243 0.29822299651567946 0.013742384682332463 0.01328397212543554
5 0.7016013925152306 0.27198606271777004 0.01341166231505657 0.012743902439024391
5 0.7156222802436901 0.373911149825784 0.016762402088772846 0.013493031358885018
5 0.7819843342036553 0.823170731707317 0.011984334203655352 0.012709059233449477
5 0.9509834638816362 0.8254006968641114 0.016344647519582246 0.015052264808362371
5 0.6021322889469104 0.9518031358885019 0.019765013054830288 0.018867595818815332
5 0.7016187989556135 0.4776132404181184 0.015822454308093994 0.013937282229965157
5 0.6180156657963447 0.8607142857142858 0.016971279373368148 0.015479094076655053
5 0.6147084421235857 0.7063240418118467 0.016623150565709312 0.013998257839721254
5 0.492532637075718 0.2036672473867596 0.013333333333333334 0.012787456445993032
5 0.6104786771105309 0.013736933797909407 0.013281114012184509 0.019939024390243903
4 0.2042906875543951 0.10885017421602787 0.06785030461270669 0.06381533101045296
4 0.6249260226283725 0.9110714285714286 0.07346388163620539 0.07099303135888502