1 0.17875833333333332 0.38491242702251877 0.02674166666666667 0.028056713928273563
1 0.179675 0.8161801501251043 0.03465833333333334 0.037823185988323606
1 0.8267 0.2175396163469558 0.0343 0.035321100917431195
5 0.4374 0.1650208507089241 0.013433333333333334 0.012643869891576313
5 0.6132583333333333 0.16658048373644704 0.011108333333333333 0.011259382819015847
5 0.46554166666666663 0.33957464553794825 0.014816666666666667 0.013202668890742284
0 0.641375 0.2813511259382819 0.014641666666666667 0.014687239366138449
5 0.7147916666666667 0.2746371976647206 0.012758333333333333 0.012627189324437032
0 0.724 0.2850875729774812 0.0118 0.011868223519599666
0 0.7767166666666666 0.4547789824854045 0.011041666666666667 0.011359466221851543
5 0.5277916666666667 0.47323603002502085 0.010766666666666667 0.010950792326939117
5 0.48885 0.5930025020850709 0.012983333333333333 0.014403669724770642
5 0.6272583333333334 0.6413094245204336 0.010758333333333333 0.011359466221851543
5 0.6372583333333334 0.7227606338615513 0.011316666666666668 0.012793994995829857
5 0.6123 0.8322852376980817 0.011666666666666667 0.011234361968306922
5 0.9248333333333333 0.8379316096747289 0.011775 0.012126772310258547
5 0.7750083333333333 0.7777981651376147 0.013066666666666666 0.012777314428690576
5 0.5603166666666667 0.7030108423686405 0.011991666666666668 0.012510425354462052
0 0.6996 0.4599582985821518 0.033841666666666666 0.03211009174311927
0 0.9758666666666667 0.6088573811509591 0.021433333333333332 0.02006672226855713
0 0.6094666666666667 0.39980817347789827 0.01235 0.012944120100083403
5 0.6102916666666667 0.8604837364470392 0.011391666666666666 0.009916597164303587
5 0.4686833333333333 0.1544703919933278 0.010325 0.009799833194328608
5 0.23625 0.16243536280233528 0.009416666666666667 0.009474562135112594