5 0.08419166666666666 0.15481666666666666 0.015524999999999999 0.016591666666666668
5 0.47885 0.6375 0.020583333333333332 0.027774999999999998
5 0.39483333333333337 0.44514166666666666 0.013666666666666666 0.03194166666666667
5 0.5482833333333333 0.32014166666666666 0.017791666666666667 0.020833333333333332
5 0.7871416666666667 0.24930833333333335 0.017733333333333334 0.018058333333333336
5 0.8642166666666666 0.165275 0.016325 0.022225
5 0.7017416666666667 0.17360833333333334 0.021925 0.019441666666666666
5 0.8308916666666667 0.15208333333333332 0.021891666666666667 0.018058333333333336
5 0.09625833333333333 0.577775 0.013733333333333334 0.025
5 0.3038666666666667 0.40069166666666667 0.020625 0.034725
5 0.37330833333333335 0.4666666666666667 0.015491666666666666 0.019441666666666666
2 0.28025833333333333 0.872225 0.11506666666666668 0.058333333333333334
2 0.8947666666666667 0.30972500000000003 0.04965 0.11110833333333335
5 0.15388333333333334 0.5638916666666667 0.015108333333333333 0.022225
6 0.8897666666666667 0.7924083333333333 0.017925 0.02545
2 0.15110833333333334 0.08125 0.053991666666666674 0.0625
6 0.8686416666666665 0.8641666666666666 0.038858333333333335 0.06429166666666668
6 0.8344083333333333 0.9563916666666668 0.0213 0.028416666666666666
5 0.6675416666666666 0.18 0.008433333333333333 0.008116666666666666
5 0.7286833333333333 0.3353833333333333 0.010258333333333335 0.009933333333333334
6 0.8547000000000001 0.9073333333333333 0.013108333333333333 0.02150833333333333