0 0.06778333333333333 0.7513916666666667 0.03179166666666666 0.027774999999999998
1 0.18054166666666668 0.8046916666666667 0.035124999999999997 0.035241666666666664
1 0.18145 0.37500833333333333 0.027899999999999998 0.03253333333333333
1 0.827925 0.20603333333333335 0.035875 0.03614166666666666
5 0.37022499999999997 0.41484166666666666 0.011775 0.013816666666666665
5 0.531175 0.31060000000000004 0.011049999999999999 0.012908333333333334
5 0.6327666666666667 0.8254750000000001 0.014233333333333332 0.017166666666666667
5 0.9232500000000001 0.84445 0.01565 0.017166666666666667
6 0.08658333333333333 0.13838333333333333 0.05930833333333334 0.16948333333333332
5 0.07303333333333334 0.3304833333333333 0.015908333333333333 0.018308333333333333
5 0.009933333333333334 0.4905333333333333 0.019866666666666668 0.018183333333333333
5 0.004633333333333333 0.5223666666666666 0.009275 0.018508333333333335
6 0.055933333333333335 0.2689083333333333 0.02824166666666667 0.08545000000000001