2 0.18383406113537118 0.06041048034934498 0.07549344978165938 0.06841048034934498
2 0.22749344978165942 0.8216855895196506 0.09586026200873363 0.08296943231441048
2 0.6619388646288209 0.5225589519650655 0.05063755458515284 0.05531004366812227
0 0.6571528384279477 0.9252401746724892 0.014218340611353714 0.016331877729257642
5 0.8425589519650655 0.9096331877729258 0.011388646288209606 0.01165938864628821
5 0.8896681222707423 0.9231615720524017 0.011292576419213973 0.011388646288209606
0 0.8260960698689956 0.7144803493449782 0.0111353711790393 0.011449781659388645
5 0.8123056768558953 0.600471615720524 0.011074235807860261 0.01143231441048035
5 0.8285764192139738 0.46293449781659385 0.010943231441048034 0.011764192139737992
5 0.903703056768559 0.42216593886462883 0.01102183406113537 0.01154585152838428
5 0.8224628820960699 0.3819475982532751 0.010777292576419214 0.011406113537117905
0 0.749650655021834 0.6637729257641921 0.011231441048034934 0.011292576419213973
5 0.6544279475982533 0.5607860262008734 0.009938864628820961 0.009781659388646287
5 0.6290742358078603 0.6206550218340611 0.010200873362445415 0.009694323144104804
5 0.498296943231441 0.6563755458515284 0.009938864628820961 0.009694323144104804
0 0.6651877729257641 0.5392489082969433 0.010026200873362446 0.00972052401746725
5 0.4569694323144105 0.5804803493449782 0.010034934497816594 0.009668122270742359
5 0.530524017467249 0.542882096069869 0.010262008733624454 0.009624454148471615
5 0.6162270742358079 0.528995633187773 0.010419213973799126 0.009650655021834062
5 0.4651004366812227 0.387703056768559 0.010349344978165939 0.00972052401746725
5 0.7091004366812227 0.312235807860262 0.010358078602620087 0.009676855895196507
5 0.598471615720524 0.822113537117904 0.010139737991266376 0.00960698689956332
5 0.5325502183406113 0.8441397379912663 0.010314410480349345 0.009519650655021835
5 0.29593013100436677 0.41323144104803494 0.010427947598253275 0.009781659388646287
5 0.3091965065502183 0.4518253275109171 0.010323144104803493 0.00994759825327511
5 0.43531004366812226 0.23296943231441047 0.010410480349344978 0.009868995633187773
5 0.41367685589519654 0.2353711790393013 0.010427947598253275 0.009991266375545852