5 0.09531666666666666 0.17345 0.020758333333333333 0.020216666666666668
5 0.06815 0.12871666666666667 0.015841666666666667 0.0166
5 0.08319166666666666 0.2724583333333333 0.017166666666666667 0.01948333333333333
5 0.14605833333333335 0.26757499999999995 0.016533333333333334 0.017008333333333334
0 0.2987 0.26919166666666666 0.018733333333333334 0.017833333333333333
5 0.38715 0.1762 0.01705 0.01625
5 0.21474166666666666 0.8627 0.016916666666666667 0.017641666666666667
5 0.3769416666666667 0.870875 0.016875 0.016108333333333332
5 0.2532666666666667 0.8923166666666666 0.01809166666666667 0.015141666666666668
5 0.6048 0.8845416666666667 0.0184 0.016866666666666665
5 0.380825 0.6801916666666666 0.012758333333333333 0.010975
5 0.45922500000000005 0.4894083333333333 0.015608333333333333 0.018308333333333333
5 0.400375 0.4962583333333333 0.016333333333333335 0.015583333333333333
5 0.483225 0.6603833333333333 0.012825000000000001 0.014908333333333334
5 0.4765 0.7100583333333333 0.011516666666666666 0.012191666666666667
5 0.6113583333333333 0.631775 0.016708333333333335 0.015666666666666666
5 0.47894166666666665 0.7508916666666667 0.013949999999999999 0.017066666666666667
5 0.4960083333333334 0.785025 0.01165 0.012191666666666667
5 0.6502083333333334 0.9238333333333333 0.017608333333333333 0.01675
5 0.6118416666666667 0.9082583333333334 0.017875 0.015258333333333332
5 0.5163 0.8775999999999999 0.0166 0.015516666666666668
5 0.5401916666666667 0.8081833333333334 0.012108333333333332 0.01585
5 0.723925 0.5983 0.013891666666666668 0.016283333333333334
5 0.7191083333333332 0.554675 0.014775 0.017675
5 0.7835000000000001 0.7955916666666667 0.018808333333333333 0.017775
5 0.8794083333333333 0.7607166666666667 0.018033333333333335 0.019316666666666666
5 0.7700583333333334 0.8744916666666668 0.01908333333333333 0.018108333333333334
5 0.6030083333333334 0.17635833333333334 0.015266666666666666 0.015033333333333333
5 0.5569999999999999 0.26545833333333335 0.012799999999999999 0.013691666666666666
5 0.6299083333333333 0.30040833333333333 0.012266666666666667 0.014950000000000001
5 0.6306666666666666 0.34115 0.011708333333333334 0.0127
5 0.64595 0.39488333333333336 0.011425000000000001 0.012608333333333334
5 0.6476833333333334 0.367 0.010408333333333334 0.010975
5 0.6915333333333333 0.5959666666666666 0.014916666666666665 0.017966666666666666
5 0.15936666666666668 0.09965 0.01345 0.015983333333333332
5 0.2397 0.2971166666666667 0.016533333333333334 0.018841666666666666
5 0.36994166666666667 0.52445 0.014166666666666666 0.015775