0 0.10403333333333334 0.10820683903252712 0.018941666666666666 0.019357798165137614
0 0.18898333333333334 0.1515929941618015 0.016466666666666668 0.01901584653878232
5 0.22491666666666665 0.25534612176814014 0.02040833333333333 0.02244370308590492
5 0.1346 0.3131943286071726 0.017474999999999997 0.015512927439532946
5 0.07015 0.37446205170975816 0.021691666666666668 0.018732276897414513
5 0.2366416666666667 0.4013511259382819 0.014391666666666665 0.015362802335279402
5 0.18426666666666666 0.3526605504587156 0.015808333333333334 0.021059216013344453
5 0.345825 0.145604670558799 0.010716666666666666 0.012468723936613845
5 0.300675 0.05085070892410342 0.018525 0.01884904086738949
5 0.3897083333333333 0.052393661384487075 0.020291666666666666 0.01859883236030025
5 0.5793916666666666 0.0705421184320267 0.019375 0.017231025854879067
5 0.5737333333333333 0.1166305254378649 0.019775 0.019157631359466222
0 0.39715833333333334 0.2296580483736447 0.016158333333333334 0.0206255212677231
5 0.37949166666666667 0.19712260216847372 0.013850000000000001 0.014662218515429523
5 0.38456666666666667 0.17814011676396999 0.0148 0.01330275229357798
5 0.410025 0.14532944120100083 0.01125 0.011926605504587157
5 0.44790833333333335 0.17215179316096746 0.015025 0.013519599666388658
5 0.4903333333333333 0.14416180150125105 0.016691666666666667 0.015129274395329441
5 0.5187166666666667 0.16190158465387824 0.015091666666666666 0.013911592994161802
5 0.49175833333333335 0.17514595496246874 0.015175000000000001 0.013219349457881568
5 0.5553083333333333 0.16012510425354462 0.017641666666666667 0.015354462051709759
5 0.5618083333333334 0.2231276063386155 0.012916666666666667 0.013911592994161802
5 0.6193500000000001 0.17055045871559635 0.012616666666666667 0.012468723936613845
5 0.5151916666666667 0.2638115095913261 0.012683333333333335 0.012577147623019183
5 0.4645083333333333 0.35657214345287735 0.013733333333333334 0.014370308590492077
5 0.4624 0.37892410341951627 0.016816666666666667 0.017364470391993327
5 0.4589833333333333 0.39737281067556296 0.015991666666666668 0.017689741451209343
5 0.38825 0.39884904086738954 0.015191666666666668 0.01665554628857381
5 0.334 0.38959132610508757 0.0161 0.017097581317764805
5 0.37465 0.49761467889908256 0.019391666666666665 0.021142618849040867
5 0.31259166666666666 0.6230191826522101 0.01860833333333333 0.018331943286071725
5 0.3016833333333333 0.8490742285237698 0.016524999999999998 0.01932443703085905
5 0.351825 0.8351709758131777 0.017041666666666667 0.019232693911592994
5 0.46922500000000006 0.8420850708924104 0.014633333333333332 0.01354462051709758
5 0.556075 0.8086822351959967 0.018475000000000002 0.014787322768974145
5 0.57685 0.7667389491242703 0.015441666666666668 0.018123436196830694
5 0.5757 0.5578398665554629 0.014641666666666667 0.015095913261050876
5 0.6410250000000001 0.46437864887406166 0.015458333333333334 0.016447039199332776
5 0.6244833333333333 0.39038365304420347 0.012683333333333335 0.012001668056713929
5 0.538425 0.40660550458715594 0.01614166666666667 0.014178482068390326
5 0.6318583333333333 0.28668056713928275 0.013625000000000002 0.012643869891576313
5 0.623075 0.23678065054211841 0.013758333333333334 0.014228523769808172
5 0.6302333333333333 0.9820767306088407 0.01785 0.018090075062552127
5 0.560175 0.9119015846538782 0.018408333333333332 0.015020850708924104
5 0.5127916666666666 0.8955379482902419 0.017699999999999997 0.014512093411175979
5 0.4028 0.8859049207673061 0.017691666666666668 0.015679733110925773
5 0.174025 0.8917514595496248 0.024550000000000002 0.020809007506255212
5 0.14885833333333334 0.7938949124270225 0.019525 0.0223185988323603
5 0.6956166666666667 0.04219349457881568 0.02435 0.02165137614678899
5 0.764575 0.15944954128440367 0.022008333333333335 0.019357798165137614
5 0.8203833333333334 0.1666889074228524 0.021825 0.020383653044203504
5 0.814125 0.14938281901584655 0.025599999999999998 0.02140116763969975
5 0.7549750000000001 0.14461217681401167 0.020341666666666668 0.02109257714762302
5 0.8745583333333333 0.22788990825688074 0.018225 0.02008340283569641
5 0.8757583333333334 0.15972477064220184 0.019175 0.02145954962468724
5 0.9357916666666667 0.1442285237698082 0.018083333333333333 0.01852376980817348
5 0.7055416666666666 0.3810175145954962 0.010416666666666666 0.012535446205170976
5 0.7042916666666666 0.4509591326105088 0.014241666666666666 0.013853211009174311
5 0.77715 0.5613427856547122 0.019733333333333332 0.02278565471226022
5 0.8007583333333333 0.5171392827356129 0.019366666666666664 0.02121768140116764
5 0.8546583333333333 0.5003753127606339 0.02145 0.023444537114261886
5 0.8705666666666667 0.4847289407839867 0.018275 0.02069224353628023
5 0.682325 0.5669557964970808 0.017175 0.02380316930775646
5 0.7204 0.5940617180984153 0.019275 0.020575479566305257
5 0.696225 0.6018932443703086 0.018375 0.023261050875729775
5 0.69895 0.7320183486238533 0.011733333333333333 0.012535446205170976
5 0.5308499999999999 0.7570975813177648 0.014616666666666667 0.016563803169307757
5 0.8758416666666666 0.5852460383653044 0.016241666666666665 0.018407005838198497
5 0.9146416666666666 0.5821934945788156 0.018208333333333333 0.019241034195162637
5 0.9786166666666666 0.6538115095913261 0.013841666666666667 0.01517097581317765
5 0.8818416666666667 0.7152210175145954 0.013375 0.012693911592994163
5 0.8629666666666667 0.756580483736447 0.014475 0.015871559633027523
5 0.9082333333333334 0.8880567139282736 0.017616666666666666 0.019791492910758966
5 0.9506 0.7473811509591326 0.017458333333333333 0.019524603836530444
5 0.481775 0.8403919933277731 0.01505 0.014578815679733112
5 0.5586666666666666 0.7118098415346122 0.015483333333333332 0.017472894078398665
5 0.6903833333333333 0.33351959966638867 0.010675 0.013853211009174311
5 0.5004583333333333 0.8675729774812344 0.01724166666666667 0.017214345287739782
5 0.4563833333333333 0.8504503753127607 0.013116666666666667 0.013194328607172644
0 0.47587499999999994 0.18006672226855713 0.013766666666666667 0.012051709758131775
5 0.49041666666666667 0.18505421184320267 0.014625 0.012977481234361968
5 0.4734583333333333 0.18959966638865722 0.015208333333333334 0.01281067556296914
5 0.42949166666666666 0.18880733944954128 0.013333333333333334 0.013394495412844036
5 0.5265 0.2713678065054212 0.011641666666666666 0.012819015846538781
5 0.5322583333333334 0.16920767306088408 0.014908333333333334 0.01517097581317765
5 0.6035 0.179232693911593 0.01555 0.013794829024186822
5 0.644675 0.18155963302752293 0.014291666666666666 0.013211009174311927