5 0.16840833333333333 0.1505421184320267 0.009833333333333335 0.010467055879899918
5 0.13651666666666665 0.3983402835696414 0.010783333333333332 0.009958298582151793
5 0.14479999999999998 0.6000083402835696 0.010058333333333334 0.010091743119266056
5 0.2982166666666667 0.40966638865721433 0.009558333333333334 0.009065888240200166
5 0.271725 0.8248206839032527 0.009808333333333334 0.0097581317764804
5 0.46058333333333334 0.38256046705587987 0.009983333333333334 0.009482902418682234
5 0.727225 0.5131609674728941 0.009666666666666667 0.009541284403669725
5 0.5356916666666667 0.6153628023352794 0.013708333333333333 0.015346121768140115
5 0.30809166666666665 0.847698081734779 0.009708333333333334 0.009983319432860717
5 0.13715833333333333 0.6287406171809842 0.009925 0.00988323603002502
5 0.17870833333333333 0.8463386155129274 0.010016666666666667 0.010083402835696413
5 0.1671 0.8238698915763136 0.01 0.009933277731442869
0 0.143725 0.8178815679733111 0.010275 0.010417014178482068
6 0.8635 0.5153294412010009 0.07428333333333334 0.5790909090909091
6 0.8275166666666667 0.8963135946622186 0.03129166666666666 0.1545954962468724
6 0.9234333333333332 0.08143452877397832 0.03345833333333333 0.16286905754795664
5 0.17409166666666667 0.8364470391993327 0.010133333333333333 0.009958298582151793
5 0.06213333333333333 0.05728106755629692 0.009891666666666667 0.00981651376146789
5 0.4317416666666667 0.07571309424520434 0.009875 0.009891576313594662