2 0.17471666666666666 0.1424770642201835 0.08731666666666667 0.08479566305254378
2 0.77395 0.3217931609674729 0.08856666666666667 0.08479566305254378
2 0.29830833333333334 0.7110091743119266 0.08450833333333332 0.07089241034195162
5 0.9333 0.1469140950792327 0.008875000000000001 0.010717264386989157
5 0.5596166666666667 0.40523769808173477 0.007866666666666666 0.009224353628023353
0 0.5017833333333334 0.4841034195162636 0.0092 0.011109257714762302
5 0.4975833333333334 0.7016013344453712 0.009375 0.009132610508757298
0 0.5450166666666667 0.6502919099249375 0.009958333333333333 0.009891576313594662
5 0.6306499999999999 0.5680984153461217 0.009208333333333334 0.009165971643035863
5 0.567825 0.6178231859883236 0.007608333333333334 0.007939949958298581
5 0.6079833333333333 0.7055713094245204 0.008333333333333333 0.00810675562969141
5 0.7682749999999999 0.5093411175979984 0.008233333333333334 0.009624687239366138
5 0.7847999999999999 0.506580483736447 0.007408333333333334 0.008306922435362803
5 0.7688416666666666 0.5389324437030859 0.007241666666666666 0.0073561301084236865
0 0.7708916666666668 0.7722101751459549 0.011358333333333333 0.012885738115095913
5 0.6704833333333333 0.7249874895746455 0.0068583333333333335 0.0077981651376146785
0 0.6912416666666666 0.6309591326105087 0.00815 0.009316096747289409
0 0.7881583333333333 0.5276230191826522 0.013116666666666667 0.013577981651376149