5 0.4207416666666667 0.25439999999999996 0.009741666666666666 0.010133333333333333
5 0.21800833333333333 0.22794166666666665 0.009858333333333334 0.009933333333333334
5 0.45093333333333335 0.83925 0.009508333333333334 0.009399999999999999
5 0.4732166666666667 0.6126499999999999 0.009275 0.008991666666666665
0 0.766725 0.8298333333333333 0.009066666666666667 0.009183333333333333
5 0.64555 0.8513333333333334 0.009016666666666668 0.00965
5 0.46659999999999996 0.6200083333333333 0.009583333333333333 0.009633333333333334
2 0.278175 0.8534750000000001 0.108125 0.05139166666666667
2 0.8899083333333334 0.29305833333333337 0.056591666666666665 0.1
2 0.14971666666666666 0.0625 0.05121666666666667 0.06666666666666667
5 0.5460833333333333 0.3858333333333333 0.0096 0.009633333333333334
5 0.2963 0.554475 0.009883333333333333 0.008616666666666667
5 0.042708333333333334 0.06434166666666666 0.009458333333333332 0.0096
5 0.21660833333333335 0.2881666666666667 0.009533333333333333 0.010308333333333333
5 0.623375 0.7513166666666667 0.008725 0.0096
5 0.635275 0.7693166666666666 0.008633333333333333 0.0096
5 0.8968666666666667 0.9025916666666666 0.009041666666666667 0.00945